-7.999828278237984813e-01 -5.241677883924342717e-03
-7.667750411401723643e-01 -7.015743976085529743e-03
-7.371448062072639695e-01 -8.659416586453676928e-03
-7.104869859499659546e-01 -1.019190774504034717e-02
-6.863309173811207309e-01 -1.162841898607199116e-02
-6.643043638432732934e-01 -1.298118372376478279e-02
-6.441084593742935072e-01 -1.426019109454429445e-02
-6.255001365217822684e-01 -1.547370436354898390e-02
-6.082793535530826023e-01 -1.662863661457303702e-02
-5.922797816851343988e-01 -1.773083091015692503e-02
-5.773618225831184114e-01 -1.878527109173473708e-02
-5.634073296164713307e-01 -1.979624358826517425e-02
-5.503155321352544149e-01 -2.076746232574047668e-02
-5.379998809907396984e-01 -2.170216725284728615e-02
-5.263855642133002943e-01 -2.260320245887387225e-02
-5.154075337467562967e-01 -2.347307882885079147e-02
-5.050089205951178162e-01 -2.431402462840299289e-02
-4.951397638949427416e-01 -2.512802730460599043e-02
-4.857559582930501829e-01 -2.591686711326831802e-02
-4.768184010636037362e-01 -2.668214550538560575e-02
-4.682922847530617272e-01 -2.742530873303285557e-02
-4.601465070397019463e-01 -2.814766759108938352e-02
-4.523531776531806714e-01 -2.885041414263046777e-02
-4.448872029806936190e-01 -2.953463590856653109e-02
-4.377259346414508756e-01 -3.020132798917847528e-02
-4.308488689443854547e-01 -3.085140334514674745e-02
-4.242374010670516005e-01 -3.148570244923789424e-02
-4.178745903369392445e-01 -3.210499995468415330e-02
-4.117449824002424319e-01 -3.271001221789283236e-02
-4.058344435392083893e-01 -3.330140304241786114e-02
-4.001300157879262298e-01 -3.387978859690726069e-02
-3.946197975949479186e-01 -3.444574230028377843e-02
-3.892928326639103487e-01 -3.499979857873740385e-02
-3.841390158656720621e-01 -3.554245646572730399e-02
-3.791490109706897593e-01 -3.607418285684524384e-02
-3.743141748200213836e-01 -3.659541510892335564e-02
-3.696264923313911099e-01 -3.710656354171425197e-02
-3.650785230264414483e-01 -3.760801411063645350e-02
-3.606633446764512252e-01 -3.810012993979273316e-02
-3.563745072817738335e-01 -3.858325309220538013e-02
-3.522059955104821505e-01 -3.905770655850086814e-02
-3.481521879839634681e-01 -3.952379530068915459e-02
-3.442078287858357233e-01 -3.998180807838446621e-02
-3.403679925511619575e-01 -4.043201806736847204e-02
-3.366280629714751282e-01 -4.087468456012265106e-02
-3.329837036961558194e-01 -4.131005338748343358e-02
-3.294308408335343552e-01 -4.173835835369016367e-02
-3.259656392723654372e-01 -4.215982159895752951e-02
-3.225844879171456681e-01 -4.257465476704005991e-02
-3.192839805662599506e-01 -4.298305935557565627e-02
-3.160609030343314307e-01 -4.338522762349253381e-02
-3.129122171847006362e-01 -4.378134286472987191e-02
-3.098350516792265918e-01 -4.417158038887625954e-02
-3.068266905658073029e-01 -4.455610804351008841e-02
-3.038845566379055896e-01 -4.493508578459801811e-02
-3.010062089540520569e-01 -4.530866711586771511e-02
-2.981893319317532876e-01 -4.567699920032004812e-02
-2.954317241253804904e-01 -4.604022275090933342e-02
-2.927312955924743498e-01 -4.639847310555490073e-02
-2.900860582066110416e-01 -4.675188012533626480e-02
-2.874941184952564677e-01 -4.710056835351904281e-02
-2.849536746674494192e-01 -4.744465775944832486e-02
-2.824630086015452735e-01 -4.778426358401576673e-02
-2.800204814181059265e-01 -4.811949667454065022e-02
-2.776245300606796085e-01 -4.845046392614148212e-02
-2.752736609874813500e-01 -4.877726815784396569e-02
-2.729664472909455464e-01 -4.910000850541983847e-02
-2.707015252718661946e-01 -4.941878066973798972e-02
-2.684775895301068638e-01 -4.973367683655029875e-02
-2.662933909514485498e-01 -5.004478606276388519e-02
-2.641477333207435385e-01 -5.035219436963048883e-02
-2.620394694771898125e-01 -5.065598469396283970e-02
-2.599675005058085242e-01 -5.095623737349497945e-02
-2.579307731972414475e-01 -5.125303027616734397e-02
-2.559282760326472284e-01 -5.154643859232885261e-02
-2.539590361991923562e-01 -5.183653477325792652e-02
-2.520221206110772050e-01 -5.212338925062931505e-02
-2.501166330797007231e-01 -5.240707036662559104e-02
-2.482417107913683085e-01 -5.268764411203256254e-02
-2.463965235336307291e-01 -5.296517439872427263e-02
-2.445802731208451819e-01 -5.323972336372236741e-02
-2.427921914573073492e-01 -5.351135136443532087e-02
-2.410315375710804786e-01 -5.378011671342271954e-02
-2.392975977868606607e-01 -5.404607607437521971e-02
-2.375896846056166356e-01 -5.430928456602322763e-02
-2.359071351754795098e-01 -5.456979575386345510e-02
-2.342493091856353293e-01 -5.482766148245023230e-02
-2.326155891451559821e-01 -5.508293223848950010e-02
-2.310053791803359513e-01 -5.533565716426457060e-02
-2.294181037336836815e-01 -5.558588402807030510e-02
-2.278532062577931228e-01 -5.583365917255011385e-02
-2.263101492773406109e-01 -5.607902778105806202e-02
-2.247884133584332200e-01 -5.632203387183264826e-02
-2.232874959150945582e-01 -5.656272023442056318e-02
-2.218069105865665414e-01 -5.680112849302688255e-02
-2.203461869692260600e-01 -5.703729925182698252e-02
-2.189048698137387450e-01 -5.727127209641429129e-02
-2.174825178007350757e-01 -5.750308547094323125e-02
-2.160787036178581644e-01 -5.773277688303955074e-02
-2.146930135322850097e-01 -5.796038297423080493e-02
-2.133250468186083937e-01 -5.818593954423693926e-02
-2.119744153080135862e-01 -5.840948159955598740e-02
-2.106407414552837476e-01 -5.863104298237271222e-02
-2.093236591188745166e-01 -5.885065673019095750e-02
-2.080228135169142345e-01 -5.906835521493120772e-02
-2.067378604902756767e-01 -5.928417008297976604e-02
-2.054684661611973773e-01 -5.949813229775238049e-02
-2.042143056683291547e-01 -5.971027190682454133e-02
-2.029750634374953844e-01 -5.992061824138421311e-02
-2.017504332462056182e-01 -6.012920005911238236e-02
-2.005401176503293637e-01 -6.033604549659362520e-02
-1.993438277195405672e-01 -6.054118210610652528e-02
-1.981612821123542312e-01 -6.074463668579739573e-02
-1.969922071183360657e-01 -6.094643539362858131e-02
-1.958363368151423423e-01 -6.114660389817833802e-02
-1.946934125819733685e-01 -6.134516732963472829e-02
-1.935631828857545256e-01 -6.154215030947178533e-02
-1.924454026527288586e-01 -6.173757684374264754e-02
-1.913398331519888806e-01 -6.193147037154913409e-02
-1.902462421654297076e-01 -6.212385390528538803e-02
-1.891644035964537840e-01 -6.231474998918006686e-02
-1.880940972943332123e-01 -6.250418072301178185e-02
-1.870351086201989532e-01 -6.269216769643402853e-02
-1.859872282529762832e-01 -6.287873199714319461e-02
-1.849502523600126125e-01 -6.306389434025326535e-02
-1.839239822779011879e-01 -6.324767503242907651e-02
-1.829082243671203423e-01 -6.343009399097254697e-02
-1.819027897040386976e-01 -6.361117070372129811e-02
-1.809074938599120608e-01 -6.379092421445424488e-02
-1.799221570596812314e-01 -6.396937323966106481e-02
-1.789466039213800097e-01 -6.414653613795956444e-02
-1.779806633341009525e-01 -6.432243092521666705e-02
-1.770241681831066505e-01 -6.449707523202739823e-02
-1.760769551361260066e-01 -6.467048627900760793e-02
-1.751388649160056099e-01 -6.484268102855166027e-02
-1.742097420272261110e-01 -6.501367613778270826e-02
-1.732894346592157020e-01 -6.518348797334561073e-02
-1.723777946007247763e-01 -6.535213262885410102e-02
-1.714746771611191933e-01 -6.551962594363407166e-02
-1.705799405250446321e-01 -6.568598330204437896e-02
-1.696934458663937884e-01 -6.585121971606988645e-02
-1.688150578358461606e-01 -6.601535005617202578e-02
-1.679446441416512226e-01 -6.617838893374082543e-02
-1.670820754758310933e-01 -6.634035071333163613e-02
-1.662272254456711729e-01 -6.650124952584121618e-02
-1.653799704980287999e-01 -6.666109927770423604e-02
-1.645401893976035923e-01 -6.681991347773390266e-02
-1.637077635561738909e-01 -6.697770540278816243e-02
-1.628825771048034443e-01 -6.713448816359851579e-02
-1.620645166781380930e-01 -6.729027465251616325e-02
-1.612534713564170719e-01 -6.744507755343120969e-02
-1.604493326114043994e-01 -6.759890935241642806e-02
-1.596519942228574740e-01 -6.775178233501009950e-02
-1.588613518603166075e-01 -6.790370843903945075e-02
-1.580773034702508684e-01 -6.805469944657492609e-02
-1.572997491876393927e-01 -6.820476697693077239e-02
-1.565285912124853296e-01 -6.835392246284696660e-02
-1.557637337630805585e-01 -6.850217715825968057e-02
-1.550050830321582640e-01 -6.864954214659961529e-02
-1.542525470951251476e-01 -6.879602832701810222e-02
-1.535060356384473912e-01 -6.894164631824203915e-02
-1.527654602699008712e-01 -6.908640662058859738e-02
-1.520307343820707369e-01 -6.923031958045618162e-02
-1.513017730848467968e-01 -6.937339538400254246e-02
-1.505784931676136251e-01 -6.951564406336455115e-02
-1.498608130636077118e-01 -6.965707550327593367e-02
-1.491486527517679461e-01 -6.979769941786098664e-02
-1.484419336056197469e-01 -6.993752530070958262e-02
-1.477405786065145443e-01 -7.007656254498749460e-02
-1.470445122149199868e-01 -7.021482040441878736e-02
-1.463536603303785544e-01 -7.035230799453270900e-02
-1.456679502607668431e-01 -7.048903429773729912e-02
-1.449873106932089151e-01 -7.062500816869993203e-02
-1.443116715904108061e-01 -7.076023830269055626e-02
-1.436409641347683452e-01 -7.089473322558885460e-02
-1.429751208499515924e-01 -7.102850137105579109e-02
-1.423140755007631097e-01 -7.116155104927793240e-02
-1.416577630658230613e-01 -7.129389045050485429e-02
-1.410061197123342047e-01 -7.142552764919027353e-02
-1.403590827716372780e-01 -7.155647060812451998e-02
-1.397165905947674314e-01 -7.168672712059882823e-02
-1.390785826128274338e-01 -7.181630485556547705e-02
-1.384449994053497113e-01 -7.194521140820747673e-02
-1.378157826097924921e-01 -7.207345426885587714e-02
-1.371908749013160955e-01 -7.220104082718167837e-02
-1.365702199736766320e-01 -7.232797837665311258e-02
-1.359537625212310086e-01 -7.245427411927800321e-02
-1.353414482220414994e-01 -7.257993517065218503e-02
-1.347332237220773554e-01 -7.270496856533308072e-02
-1.341290364432161653e-01 -7.282938116629759928e-02
-1.335288344793520432e-01 -7.295317961873117041e-02
-1.329325670288048489e-01 -7.307637059657835776e-02
-1.323401841563292824e-01 -7.319896068711000126e-02
-1.317516367714886560e-01 -7.332095639114837027e-02
-1.311668766131388886e-01 -7.344236412633865785e-02
-1.305858562347067264e-01 -7.356319023061567985e-02
-1.300085289902560837e-01 -7.368344096588030911e-02
-1.294348490213386993e-01 -7.380312252189959177e-02
-1.288647711861846401e-01 -7.392224098692497247e-02
-1.282982508745713068e-01 -7.404080225092965484e-02
-1.277352443388427294e-01 -7.415881220470992019e-02
-1.271757085598226034e-01 -7.427627667427869063e-02
-1.266196012138985083e-01 -7.439320141197483527e-02
-1.260668806605740322e-01 -7.450959209904037261e-02
-1.255175059306075369e-01 -7.462545434834245983e-02
-1.249714367147336108e-01 -7.474079370725064675e-02
-1.244286333529616984e-01 -7.485561566067984451e-02
-1.238890568077752607e-01 -7.496992562422039041e-02
-1.233526684890951519e-01 -7.508372884652314561e-02
-1.228194304749376936e-01 -7.519703055026152883e-02
-1.222893054671793239e-01 -7.530983591472256711e-02
-1.217622567444281573e-01 -7.542215005571975550e-02
-1.212382481518363003e-01 -7.553397802755919266e-02
-1.207172440913425876e-01 -7.564532482510726019e-02
-1.201992095123438214e-01 -7.575619538596718716e-02
-1.196841099027910887e-01 -7.586659459277214634e-02
-1.191719112788828527e-01 -7.597652727443944543e-02
-1.186625800710824491e-01 -7.608599814077232626e-02
-1.181560832133000810e-01 -7.619501184561465468e-02
-1.176523881755069389e-01 -7.630357301531948133e-02
-1.171514629095648241e-01 -7.641168622138387601e-02
-1.166532758408695414e-01 -7.651935598198363053e-02
-1.161577958603157296e-01 -7.662658676358165277e-02
-1.156649923165849331e-01 -7.673338298261439538e-02
-1.151748350087508505e-01 -7.683974900726303625e-02
-1.146872941792006773e-01 -7.694568915931471187e-02
-1.142023404566889361e-01 -7.705120768226292327e-02
-1.137199448513025180e-01 -7.715630874337996159e-02
-1.132400788344579412e-01 -7.726099649372368539e-02
-1.127627142833799584e-01 -7.736527503703161113e-02
-1.122878234739672493e-01 -7.746914843077444546e-02
-1.118153790741661796e-01 -7.757262068743937811e-02
-1.113453541375891004e-01 -7.767569577587182805e-02
-1.108777220973749950e-01 -7.777837762268030586e-02
-1.104124567602915441e-01 -7.788067011370804205e-02
-1.099495322807509390e-01 -7.798257708116253240e-02
-1.094889231186025325e-01 -7.808410227860386466e-02
-1.090306041220541616e-01 -7.818524944470475746e-02
-1.085745504859366856e-01 -7.828602227911587996e-02
-1.081207377427591126e-01 -7.838642444116035446e-02
-1.076691417572008397e-01 -7.848645955085874204e-02
-1.072197387207914493e-01 -7.858613118999728531e-02
-1.067725051467765252e-01 -7.868544290324265555e-02
-1.063274178651679031e-01 -7.878439819930629917e-02
-1.058844540078564822e-01 -7.888300054462277222e-02
-1.054435909446512221e-01 -7.898125331994389209e-02
-1.050048063833128875e-01 -7.907915989891391162e-02
-1.045680783366662453e-01 -7.917672362846484013e-02
-1.041333851066225114e-01 -7.927394782132261841e-02
-1.037007052798721296e-01 -7.937083575708837879e-02
-1.032700177237390327e-01 -7.946739068337167755e-02
-1.028413015821944554e-01 -7.956361581697855845e-02
-1.024145362720291774e-01 -7.965951434515722296e-02
-1.019897014791823764e-01 -7.975508942690440195e-02
-1.015667771552253990e-01 -7.985034419433516273e-02
-1.011457435139990063e-01 -7.994528175411878823e-02
-1.007265810284021651e-01 -8.003990518898392026e-02
-1.003092703236457550e-01 -8.013421747646475024e-02
-9.989379220837624196e-02 -8.022822151567757243e-02
-9.948012783002811721e-02 -8.032192025520928924e-02
-9.906825857112963596e-02 -8.041531661475423420e-02
-9.865816604558219627e-02 -8.050841348570582368e-02
-9.824983209529990213e-02 -8.060121373197666472e-02
-9.784323878696297994e-02 -8.069372019085584158e-02
-9.743836840888443762e-02 -8.078593567390478236e-02
-9.703520346798835683e-02 -8.087786296789412077e-02
-9.663372668689897138e-02 -8.096950483578345403e-02
-9.623392100113924152e-02 -8.106086401774602324e-02
-9.583576955643725859e-02 -8.115194323224016182e-02
-9.543925569334837933e-02 -8.124274516624026277e-02
-9.504436285255789263e-02 -8.133327239720807011e-02
-9.465107472610528871e-02 -8.142352752408046901e-02
-9.425937521855608237e-02 -8.151351313801301346e-02
-9.386924842441692063e-02 -8.160323180622823525e-02
-9.348067862543450735e-02 -8.169268607265509075e-02
-9.309365028797850217e-02 -8.178187845859496985e-02
-9.270814806050732548e-02 -8.187081146341626536e-02
-9.232415677111610597e-02 -8.195948756527834944e-02
-9.194166142516581319e-02 -8.204790922188713587e-02
-9.156064720299268711e-02 -8.213607887128304696e-02
-9.118109945769720115e-02 -8.222399893266331417e-02
-9.080300371301100459e-02 -8.231167180723993060e-02
-9.042634561703173646e-02 -8.239909983884829980e-02
-9.005111094586000509e-02 -8.248628531897210514e-02
-8.967728568377446308e-02 -8.257323056235789382e-02
-8.930485597238006779e-02 -8.265993786368125429e-02
-8.893380810804103753e-02 -8.274640949770510623e-02
-8.856412853973474886e-02 -8.283264771978190999e-02
-8.819580386696650176e-02 -8.291865476637567955e-02
-8.782882083774457005e-02 -8.300443285560399342e-02
-8.746316634661494005e-02 -8.308998418780202955e-02
-8.709882743275487726e-02 -8.317531094610895737e-02
-8.673579127812462708e-02 -8.326041529707824129e-02
-8.637404520567754096e-02 -8.334529939131232745e-02
-8.601357667235189075e-02 -8.342996535900860933e-02
-8.565437322039844148e-02 -8.351441526469181864e-02
-8.529642255000904894e-02 -8.359865117937395618e-02
-8.493971250313205046e-02 -8.368267516744375134e-02
-8.458423105047620238e-02 -8.376648927624866237e-02
-8.422996628974412092e-02 -8.385009553648112290e-02
-8.387690644391138095e-02 -8.393349596257847212e-02
-8.352503985955055110e-02 -8.401669255313731766e-02
-8.317435500519984592e-02 -8.409968729134296994e-02
-8.282484046977565961e-02 -8.418248214541512731e-02
-8.247648496102875926e-02 -8.426507906907011736e-02
-8.212927730404298576e-02 -8.434748000200077700e-02
-8.178320643977744775e-02 -8.442968687037465114e-02
-8.143826140513646394e-02 -8.451170156814002965e-02
-8.109443132981038194e-02 -8.459352595520089335e-02
-8.075170547603657822e-02 -8.467516190050972114e-02
-8.041007321418010279e-02 -8.475661125882841263e-02
-8.006952402093749088e-02 -8.483787587068608582e-02
-7.973004747791494207e-02 -8.491895756269751683e-02
-7.939163327024052752e-02 -8.499985814789212668e-02
-7.905427118521020369e-02 -8.508057942605407042e-02
-7.871795111096739628e-02 -8.516112318407420556e-02
-7.838266303521511380e-02 -8.524149119631441174e-02
-7.804839704396168698e-02 -8.532168522498462249e-02
-7.771514332029719196e-02 -8.540170702053388740e-02
-7.738289214108647063e-02 -8.548155831971682161e-02
-7.705163385225308192e-02 -8.556124081979435414e-02
-7.672135890296714889e-02 -8.564075621764341562e-02
-7.639205783926031335e-02 -8.572010620454775798e-02
-7.606372129659520753e-02 -8.579929245961014084e-02
-7.573633999867998567e-02 -8.587831665000533743e-02
-7.540990475630907075e-02 -8.595718043124066232e-02
-7.508440646622957515e-02 -8.603588544742452049e-02
-7.475983611003311768e-02 -8.611443333154369939e-02
-7.443618475307366145e-02 -8.619282570574925140e-02
-7.411344354340877738e-02 -8.627106418165213231e-02
-7.379160371076713687e-02 -8.634915036062840166e-02
-7.347065656553902757e-02 -8.642708583413485912e-02
-7.315059348421704133e-02 -8.650487216798280476e-02
-7.283140590572263762e-02 -8.658251089902732622e-02
-7.251308536621731138e-02 -8.666000357772310481e-02
-7.219562347811318836e-02 -8.673735174497164413e-02
-7.187901192864563915e-02 -8.681455693182511812e-02
-7.156324247894468860e-02 -8.689162065976066551e-02
-7.124830696312806078e-02 -8.696854444096434322e-02
-7.093419728741512387e-02 -8.704532977862491916e-02
-7.062090542926155456e-02 -8.712197816723833699e-02
-7.030842343651518001e-02 -8.719849109292235334e-02
-6.999674342659083226e-02 -8.727487003374283236e-02
-6.968585758566621380e-02 -8.735111646005107311e-02
-6.937575816789669225e-02 -8.742723183483326610e-02
-6.906643749464941306e-02 -8.750321761407185706e-02
-6.875788795375652185e-02 -8.757907524711967817e-02
-6.845010199878671930e-02 -8.765480617708677757e-02
-6.814307214833521809e-02 -8.773041184124068248e-02
-6.783679095679115423e-02 -8.780589363447810491e-02
-6.753125099921562791e-02 -8.788125288995690676e-02
-6.722644496040990070e-02 -8.795649099540941984e-02
-6.692236558679624803e-02 -8.803160933276051037e-02
-6.661900568389222954e-02 -8.810660927604607728e-02
-6.631635811557227977e-02 -8.818149219161725005e-02
-6.601441580334349579e-02 -8.825625943835117837e-02
-6.571317172563646836e-02 -8.833091236786871914e-02
-6.541261891711075416e-02 -8.840545232475910398e-02
-6.511275046797451727e-02 -8.847988064681185094e-02
-6.481355952331856185e-02 -8.855419866525637840e-02
-6.451503928246397901e-02 -8.862840770500932108e-02
-6.421718299832372689e-02 -8.870250908493002018e-02
-6.391998397677750576e-02 -8.877650411808421516e-02
-6.362343557605987243e-02 -8.885039411201646475e-02
-6.332753120616116393e-02 -8.892418036903131096e-02
-6.303226432824175773e-02 -8.899786418648331088e-02
-6.273762843862719374e-02 -8.907144683516937667e-02
-6.244361705501583898e-02 -8.914492954014176240e-02
-6.215022377331948233e-02 -8.921831356226843368e-02
-6.185744223845730805e-02 -8.929160015829858132e-02
-6.156526614219668542e-02 -8.936479057882414090e-02
-6.127368922256193340e-02 -8.943788606844441103e-02
-6.098270526325379887e-02 -8.951088786593530688e-02
-6.069230809307941954e-02 -8.958379720442394278e-02
-6.040249158539290342e-02 -8.965661531156809971e-02
-6.011324965754557409e-02 -8.972934340974141054e-02
-5.982457627034722808e-02 -8.980198271622373551e-02
-5.953646542753601029e-02 -8.987453444339778275e-02
-5.924891117525907941e-02 -8.994699979895114106e-02
-5.896190760156218985e-02 -9.001937998608480762e-02
-5.867544883588874521e-02 -9.009167620372783569e-02
-5.838952904858808746e-02 -9.016388964675847717e-02
-5.810414245043266090e-02 -9.023602150623194484e-02
-5.781928328260570182e-02 -9.030807295471705853e-02
-5.753494580418310606e-02 -9.038004512717666417e-02
-5.725112433338958029e-02 -9.045193918613625428e-02
-5.696781322748757648e-02 -9.052375629158988801e-02
-5.668500688080173322e-02 -9.059549759882286335e-02
-5.640269972423526956e-02 -9.066716425854308425e-02
-5.612088622479455280e-02 -9.073875741701541153e-02
-5.583956088512029292e-02 -9.081027821620013540e-02
-5.555871824302709150e-02 -9.088172779389468159e-02
-5.527835287104954781e-02 -9.095310728387921706e-02
-5.499845937599587287e-02 -9.102441781606644688e-02
-5.471903239850838679e-02 -9.109566051665513031e-02
-5.444006661263087882e-02 -9.116683650828812102e-02
-5.416155672538286447e-02 -9.123794691021445968e-02
-5.388349747633999764e-02 -9.130899283845617109e-02
-5.360588363722187943e-02 -9.137997540597930790e-02
-5.332871001148491857e-02 -9.145089572287008750e-02
-5.305197142827309392e-02 -9.152175488676901616e-02
-5.277566273220599125e-02 -9.159255396572599239e-02
-5.249977881193269857e-02 -9.166329404810709403e-02
-5.222431458690677403e-02 -9.173397622092487047e-02
-5.194926500566992428e-02 -9.180460156769719438e-02
-5.167462504544832053e-02 -9.187517116855133115e-02
-5.140038971175466681e-02 -9.194568610033028444e-02
-5.112655403799565984e-02 -9.201614743670162577e-02
-5.085311308508468076e-02 -9.208655624826883601e-02
-5.058006194105979514e-02 -9.215691360268525589e-02
-5.030739572070653393e-02 -9.222722056477096475e-02
-5.003510956518639891e-02 -9.229747819663203234e-02
-4.976319864166907359e-02 -9.236768755778322626e-02
-4.949165814297094845e-02 -9.243784970527324507e-02
-4.922048328719674792e-02 -9.250796569381339318e-02
-4.894966931738714555e-02 -9.257803657590912838e-02
-4.867921150116998052e-02 -9.264806340199505108e-02
-4.840910512752354816e-02 -9.271804721503289215e-02
-4.813934549979264482e-02 -9.278798903767029871e-02
-4.786992795267980966e-02 -9.285788990540634613e-02
-4.760084784470944297e-02 -9.292775085314428085e-02
-4.733210055691040863e-02 -9.299757291343040133e-02
-4.706368149247532745e-02 -9.306735711654420817e-02
-4.679558607642267387e-02 -9.313710449059077467e-02
-4.652780975526395885e-02 -9.320681606159457455e-02
-4.626034799667348013e-02 -9.327649285359580766e-02
-4.599319628916298530e-02 -9.334613588874812740e-02
-4.572635014175870094e-02 -9.341574618741921299e-02
-4.545980508368301781e-02 -9.348532476829272964e-02
-4.519355666403887528e-02 -9.355487264847318907e-02
-4.492760045149790660e-02 -9.362439084359264196e-02
-4.466193203399168588e-02 -9.369388036791996555e-02
-4.439654701840633350e-02 -9.376334223447259364e-02
-4.413144103028019544e-02 -9.383277745513046719e-02
-4.386660965119959510e-02 -9.390218690738150187e-02
-4.360204867442429855e-02 -9.397157188146273987e-02
-4.333775369111594888e-02 -9.404093319742654056e-02
-4.307372039688979470e-02 -9.411027185949841223e-02
-4.280994450401338913e-02 -9.417958887009154900e-02
-4.254642174114643682e-02 -9.424888522994770423e-02
-4.228314785307954460e-02 -9.431816193827523287e-02
-4.202011860047290964e-02 -9.438741999288423334e-02
-4.175732975959458443e-02 -9.445666039031890004e-02
-4.149477712205845714e-02 -9.452588412598696144e-02
-4.123245649456196843e-02 -9.459509219428610671e-02
-4.097036369862345345e-02 -9.466428558872783117e-02
-4.070849457031935903e-02 -9.473346530205815907e-02
-4.044684496002119711e-02 -9.480263232637566040e-02
-4.018541073213215825e-02 -9.487178765324652541e-02
-3.992418776482374587e-02 -9.494093227381683597e-02
-3.966317194977207750e-02 -9.501006717892196418e-02
-3.940235919077448440e-02 -9.507919335649155090e-02
-3.914174539934142660e-02 -9.514831178147931112e-02
-3.888132650369205412e-02 -9.521742343816215481e-02
-3.862109844513860607e-02 -9.528652931232017842e-02
-3.836105717705589474e-02 -9.535563038948043080e-02
-3.810119866461653126e-02 -9.542472765499192267e-02
-3.784151888452630397e-02 -9.549382209409768008e-02
-3.758201382476005631e-02 -9.556291469200381417e-02
-3.732267948429752319e-02 -9.563200643394591249e-02
-3.706351187285968768e-02 -9.570109830525246053e-02
-3.680450701064533897e-02 -9.577019129140533493e-02
-3.654566092806801891e-02 -9.583928637809772944e-02
-3.628696966549316977e-02 -9.590838455128886109e-02
-3.602842927297598974e-02 -9.597748679725623400e-02
-3.577003580999930238e-02 -9.604659410264472508e-02
-3.551178534521209212e-02 -9.611570745451313014e-02
-3.525367395616833127e-02 -9.618482784037774014e-02
-3.499569772769904608e-02 -9.625395624449240017e-02
-3.473785275183176313e-02 -9.632309364823170295e-02
-3.448013513051476076e-02 -9.639224103832845503e-02
-3.422254097353424895e-02 -9.646139940196456208e-02
-3.396506639823162338e-02 -9.653056972672621749e-02
-3.370770752924552582e-02 -9.659975300062205450e-02
-3.345046049825465412e-02 -9.666895021209856442e-02
-3.319332144372114796e-02 -9.673816235005276709e-02
-3.293628651063495311e-02 -9.680739040384202243e-02
-3.267935185025870604e-02 -9.687663536329117753e-02
-3.242251361987356223e-02 -9.694589821869700752e-02
-3.216576798252576003e-02 -9.701517996082990869e-02
-3.190911110677398937e-02 -9.708448158093273272e-02
-3.165253916643764182e-02 -9.715380407071724789e-02
-3.139604834034592090e-02 -9.722314842235754706e-02
-3.113963481208778875e-02 -9.729251562848098556e-02
nan nan
nan nan
nan nan
nan nan
nan nan
nan nan
nan nan
nan nan
nan nan
nan nan
nan nan
nan nan
nan nan
nan nan
nan nan
nan nan
nan nan
nan nan
nan nan
nan nan
nan nan
nan nan
nan nan
nan nan
nan nan
nan nan
nan nan
nan nan
nan nan
nan nan
-2.269657482253868014e-02 -9.960108405471142234e-02
-2.244053955498772138e-02 -9.967183466268944581e-02
-2.218444937232562711e-02 -9.974264427586253257e-02
-2.192830048403295040e-02 -9.981351398155058341e-02
-2.167208909572330977e-02 -9.988444486988556914e-02
-2.141581140893279375e-02 -9.995543803394651983e-02
-2.115946362090715197e-02 -1.000264945698928903e-01
-2.090304192438707798e-02 -1.000976155770956361e-01
-2.064654250739120234e-02 -1.001688021582668453e-01
-2.038996155299709415e-02 -1.002400554195871513e-01
-2.013329523912014973e-02 -1.003113764708313121e-01
-1.987653973829046211e-02 -1.003827664254918067e-01
-1.961969121742751856e-02 -1.004542264009005287e-01
-1.936274583761307677e-02 -1.005257575183483298e-01
-1.910569975386178926e-02 -1.005973609032027177e-01
-1.884854911488993354e-02 -1.006690376850234436e-01
-1.859129006289481773e-02 -1.007407889977449400e-01
-1.833391873425960911e-02 -1.008126159849621478e-01
-1.807643125770706446e-02 -1.008845197914531588e-01
-1.781882375403542190e-02 -1.009565015628900997e-01
-1.756109233660955310e-02 -1.010285624498699630e-01
-1.730323311111403584e-02 -1.011007036080099064e-01
-1.704524217530434260e-02 -1.011729261980403582e-01
-1.678711561875628408e-02 -1.012452313858959174e-01
-1.652884952261358606e-02 -1.013176203428040184e-01
-1.627043995933389817e-02 -1.013900942453713067e-01
-1.601188299243284582e-02 -1.014626542756678629e-01
-1.575317467622645157e-02 -1.015353016213089987e-01
-1.549431105557183379e-02 -1.016080374755348598e-01
-1.523528816560619330e-02 -1.016808630372876693e-01
-1.497610203148402874e-02 -1.017537795112866961e-01
-1.471674866811287924e-02 -1.018267881081008075e-01
-1.445722407988718136e-02 -1.018998900442187050e-01
-1.419752426069462864e-02 -1.019730865440849898e-01
-1.393764519478263124e-02 -1.020463788486721118e-01
-1.367758285315627542e-02 -1.021197681917065253e-01
-1.341733319490717724e-02 -1.021932558105805716e-01
-1.315689216734313230e-02 -1.022668429492904346e-01
-1.289625570570539573e-02 -1.023405308584761780e-01
-1.263541973288474611e-02 -1.024143207954591184e-01
-1.237438015913629522e-02 -1.024882140242766998e-01
-1.211313288179299320e-02 -1.025622118157148294e-01
-1.185167378497779464e-02 -1.026363154473375200e-01
-1.158999873931480101e-02 -1.027105262035141325e-01
-1.132810360163896170e-02 -1.027848453754438007e-01
-1.106598421470466470e-02 -1.028592742611773858e-01
-1.080363640689313044e-02 -1.029338141656367112e-01
-1.054105599191863980e-02 -1.030084664006312711e-01
-1.027823876853351144e-02 -1.030832322848720811e-01
-1.001518052023213541e-02 -1.031581131439831406e-01
-9.751877034297713048e-03 -1.032331105152852063e-01
-9.488324032757435023e-03 -1.033082254285000029e-01
-9.224517265427270227e-03 -1.033834593763759968e-01
-8.960452451579515795e-03 -1.034588137136037145e-01
-8.696125293850465524e-03 -1.035342898033850684e-01
-8.431531477922206072e-03 -1.036098890174888820e-01
-8.166666672202754773e-03 -1.036856127363103008e-01
-7.901526527504778435e-03 -1.037614623489337140e-01
-7.636106676722636405e-03 -1.038374392531995344e-01
-7.370402734507725331e-03 -1.039135448557746144e-01
-7.104410296941858494e-03 -1.039897805722263674e-01
-6.838124941208939891e-03 -1.040661478271005247e-01
-6.571542225264347635e-03 -1.041426480540025706e-01
-6.304657687502316331e-03 -1.042192826956828688e-01
-6.037466846421018357e-03 -1.042960532041251748e-01
-5.769965200285345763e-03 -1.043729610406390756e-01
-5.502148226787114370e-03 -1.044500076759556917e-01
-5.234011382807460429e-03 -1.045271945924141355e-01
-4.965550104771344377e-03 -1.046045232993723095e-01
-4.696759806399896514e-03 -1.046819952960103273e-01
-4.427635879231806362e-03 -1.047596120859383417e-01
-4.158173692585555997e-03 -1.048373751834941331e-01
-3.888368593190660773e-03 -1.049152861138042125e-01
-3.618215904816928560e-03 -1.049933464128501165e-01
-3.347710927901145946e-03 -1.050715576275396967e-01
-3.076848939171397852e-03 -1.051499213157835039e-01
-2.805625191268755567e-03 -1.052284390465761388e-01
-2.534034912366252539e-03 -1.053071124000825309e-01
-2.262073305784867341e-03 -1.053859429677294901e-01
-1.989735549606744952e-03 -1.054649323523017962e-01
-1.717016796285042706e-03 -1.055440821680434654e-01
-1.443912172250638552e-03 -1.056233940407638600e-01
-1.170416777515418446e-03 -1.057028696079484464e-01
-8.965256852720663184e-04 -1.057825105188747450e-01
-6.222339415053405182e-04 -1.058623184373287812e-01
-3.475365646336898073e-04 -1.059422950669891006e-01
-7.242854469647969833e-05 -1.060224420939351458e-01
2.030951567129802996e-04 -1.061027612066019754e-01
4.790396067884800904e-04 -1.061832541070937413e-01
7.554099019502955557e-04 -1.062639225112390062e-01
1.032211168287761873e-03 -1.063447681486533875e-01
1.309448562004859916e-03 -1.064257927628094597e-01
1.587127269869463607e-03 -1.065069981111137071e-01
1.865252509666075588e-03 -1.065883859649907200e-01
2.143829530652368708e-03 -1.066699581099746358e-01
2.422863614019663599e-03 -1.067517163458073098e-01
2.702360073357664566e-03 -1.068336624865438428e-01
2.982324255123270339e-03 -1.069157983606649903e-01
3.262761539114117804e-03 -1.069981258111964706e-01
3.543677338946667459e-03 -1.070806466958350994e-01
3.825077102539166472e-03 -1.071633628870818922e-01
4.106966312704507342e-03 -1.072462762751214965e-01
4.389350489151132122e-03 -1.073293888039623251e-01
4.672235186125280396e-03 -1.074127023943433901e-01
4.955625993459270538e-03 -1.074962189665622653e-01
5.239528537729918993e-03 -1.075799404581933016e-01
5.523948482790056944e-03 -1.076638688241371017e-01
5.808891530304375987e-03 -1.077480060366804993e-01
6.094363420289992256e-03 -1.078323540855664897e-01
6.380369931661612759e-03 -1.079169149780745823e-01
6.666916882782020388e-03 -1.080016907391111031e-01
6.954010132017763093e-03 -1.080866834113094477e-01
7.241655578300441876e-03 -1.081718950551406322e-01
7.529859161693768475e-03 -1.082573277490334190e-01
7.818626863966804744e-03 -1.083429835895043658e-01
8.107964709173237985e-03 -1.084288646912978105e-01
8.397878764237443408e-03 -1.085149731875354323e-01
8.688375139547156734e-03 -1.086013112298752775e-01
8.979459989775021023e-03 -1.086878809913651989e-01
9.271139518702214283e-03 -1.087746847156821073e-01
9.563419971784751714e-03 -1.088617246179980069e-01
9.856307638264652851e-03 -1.089490029085141143e-01
1.014980885395330365e-02 -1.090365218192064223e-01
1.044393000188373680e-02 -1.091242836038740782e-01
1.073867751296924897e-02 -1.092122905382020698e-01
1.103405786666883555e-02 -1.093005449198381634e-01
1.133007759165936823e-02 -1.093890490684838873e-01
1.162674326651537415e-02 -1.094778053259994888e-01
1.192406152039634029e-02 -1.095668160565228949e-01
1.222203903374203919e-02 -1.096560836466023148e-01
1.252068253897612587e-02 -1.097456105053427611e-01
1.281999882121854367e-02 -1.098353990645660333e-01
1.311999471900659325e-02 -1.099254517789842039e-01
1.342067712502554959e-02 -1.100157711263864135e-01
1.372205298684880774e-02 -1.101063596078392381e-01
1.402412930805230218e-02 -1.101972197507630480e-01
1.432691315891637326e-02 -1.102883541853973554e-01
1.463041165893132559e-02 -1.103797654993517730e-01
1.493463197996023478e-02 -1.104714562619714957e-01
1.523958135281873981e-02 -1.105634290706584838e-01
1.554526706808991542e-02 -1.106556865508882687e-01
1.585169647694815304e-02 -1.107482313562474369e-01
1.615887699199243868e-02 -1.108410661684917087e-01
1.646681608808966274e-02 -1.109341936976243892e-01
1.677552130322804841e-02 -1.110276166819950672e-01
1.708500023938163900e-02 -1.111213378884185199e-01
1.739526056338594473e-02 -1.112153601123135327e-01
1.770631000782535783e-02 -1.113096861778615221e-01
1.801815637193270730e-02 -1.114043189381848376e-01
1.833080752250163328e-02 -1.114992612755445756e-01
1.864427139481179482e-02 -1.115945161015577392e-01
1.895855599356784452e-02 -1.116900863574334241e-01
1.927366939397751056e-02 -1.117859750149541032e-01
1.958961974804046546e-02 -1.118821851070868484e-01
1.990641527623325871e-02 -1.119787196736364565e-01
2.022406426898713805e-02 -1.120755817659635223e-01
2.054257509122008399e-02 -1.121727744679313632e-01
2.086195618336614613e-02 -1.122703008961477150e-01
2.118221606242029140e-02 -1.123681642002276743e-01
2.150336332299944073e-02 -1.124663675630774989e-01
2.182540663842012785e-02 -1.125649142011993509e-01
2.214835476179344981e-02 -1.126638073650164523e-01
2.247221652713740636e-02 -1.127630503392185873e-01
2.279700085050762742e-02 -1.128626464431276982e-01
2.312271673114659615e-02 -1.129625990310833411e-01
2.344937325452834190e-02 -1.130629115018943753e-01
2.377697959520479881e-02 -1.131635873065729853e-01
2.410554500727397909e-02 -1.132646298972702220e-01
2.443507883252990856e-02 -1.133660427620618444e-01
2.476559050232650036e-02 -1.134678294282956551e-01
2.509708953882900176e-02 -1.135699934628774110e-01
2.542958555628625772e-02 -1.136725384725844751e-01
2.576308826232444685e-02 -1.137754681044073068e-01
2.609760745926309120e-02 -1.138787860459185702e-01
2.643315304545353420e-02 -1.139824960256690528e-01
2.676973501664112187e-02 -1.140866018136106608e-01
2.710736346735129546e-02 -1.141911072215458650e-01
2.744604859241431272e-02 -1.142960161040776496e-01
2.778580069616291490e-02 -1.144013323910405139e-01
2.812663018012939373e-02 -1.145070600301725389e-01
2.846854754483675240e-02 -1.146132029902931504e-01
2.881156339744371520e-02 -1.147197652875370788e-01
2.915568845325381547e-02 -1.148267509856677193e-01
2.950093353725164597e-02 -1.149341641964274491e-01
2.984730958566722200e-02 -1.150420090799254141e-01
3.019482764756930074e-02 -1.151502898450616069e-01
3.054349888648828087e-02 -1.152590107499870536e-01
3.089333458206985211e-02 -1.153681761026001118e-01
3.124434613175998410e-02 -1.154777902610776147e-01
3.159654505252216389e-02 -1.155878576344411823e-01
3.194994298672454436e-02 -1.156983826981383412e-01
3.230455170940239873e-02 -1.158093700135646442e-01
3.266038310244929327e-02 -1.159208241289879510e-01
3.301744917348603536e-02 -1.160327496432832506e-01
3.337576205962666798e-02 -1.161451512133332559e-01
3.373533402934283248e-02 -1.162580335543924731e-01
3.409617748436533091e-02 -1.163714014405025365e-01
3.445830496162372025e-02 -1.164852597049571697e-01
3.482172913522497970e-02 -1.165996132408168295e-01
3.518646281847274959e-02 -1.167144670014721580e-01
3.555251896592789840e-02 -1.168298260012558265e-01
3.591991067551168065e-02 -1.169456953161020496e-01
3.628865119079616869e-02 -1.170620800847163995e-01
3.665875392273203887e-02 -1.171789855717546291e-01
3.703023241910270019e-02 -1.172964170619353735e-01
3.740310036394865062e-02 -1.174143798538616335e-01
3.777737159735406608e-02 -1.175328793174732073e-01
3.815306011771927436e-02 -1.176519208943932054e-01
3.853018008408259920e-02 -1.177715100983454805e-01
3.890874581849337183e-02 -1.178916525156414041e-01
3.928877180843715761e-02 -1.180123538057361032e-01
3.967027270931520327e-02 -1.181336197018525991e-01
4.005326334697940915e-02 -1.182554560116734349e-01
4.043775872032422808e-02 -1.183778686180988748e-01
4.082377400393722572e-02 -1.185008634800707866e-01
4.121132455932376148e-02 -1.186244466579684659e-01
4.160042595344692201e-02 -1.187486243585519907e-01
4.199109389519144198e-02 -1.188734027452528208e-01
4.238334427718304376e-02 -1.189987880535289394e-01
4.277719318405702464e-02 -1.191247866071002970e-01
4.317265689532203549e-02 -1.192514048183968556e-01
4.356975188829317197e-02 -1.193786491891015850e-01
4.396849484109642547e-02 -1.195065263107884801e-01
4.436890263574660986e-02 -1.196350428656533932e-01
4.477099236130076959e-02 -1.197642056273369865e-01
4.517478131708911604e-02 -1.198940214618388345e-01
4.558028701602545585e-02 -1.200244973285212596e-01
4.598752718811079804e-02 -1.201556402814926705e-01
4.639651982982909151e-02 -1.202874575898293524e-01
4.680728313548038200e-02 -1.204199565484368184e-01
4.721983548401046532e-02 -1.205531444391582802e-01
4.763419548956339400e-02 -1.206870286550398436e-01
4.805038200501177137e-02 -1.208216167006688491e-01
4.846841412558231671e-02 -1.209569161926484226e-01
4.888831119257977531e-02 -1.210929348602075434e-01
4.931009279721208088e-02 -1.212296805459443932e-01
4.973377878451949730e-02 -1.213671612067016431e-01
5.015938925741050131e-02 -1.215053849145717041e-01
5.058694458080759127e-02 -1.216443598580308760e-01
5.101646538590540181e-02 -1.217840943431997142e-01
5.144797258011189756e-02 -1.219245968084239351e-01
5.188148736538663458e-02 -1.220658758578861691e-01
5.231703119210334013e-02 -1.222079401430630624e-01
5.275462579202729041e-02 -1.223507984326367148e-01
5.319429318791468742e-02 -1.224944596255118645e-01
5.363605569836625564e-02 -1.226389327523317724e-01
5.407993594281423205e-02 -1.227842269771312750e-01
5.452595684664598291e-02 -1.229303515991239382e-01
5.497414164646712703e-02 -1.230773160546221046e-01
5.542451389713753951e-02 -1.232251299227120761e-01
5.587709749542046911e-02 -1.233738029672668685e-01
5.633191664103953666e-02 -1.235233450398651733e-01
5.678899586028802321e-02 -1.236737661227986923e-01
5.724836002184859052e-02 -1.238250763533732257e-01
5.771003434262020337e-02 -1.239772860256428133e-01
5.817404439371783031e-02 -1.241304055923242305e-01
5.864041610664916249e-02 -1.242844456668889680e-01
5.910917577967161884e-02 -1.244394170258298210e-01
5.958035008447059439e-02 -1.245953306113842668e-01
6.005396609812869990e-02 -1.247521975865622940e-01
6.053005126479148179e-02 -1.249100292427857695e-01
6.100863340105525806e-02 -1.250688370006643457e-01
6.148974072876031705e-02 -1.252286324664331485e-01
6.197340188203154937e-02 -1.253894274339517334e-01
6.245964591454537806e-02 -1.255512338869422262e-01
6.294850230702789262e-02 -1.257140640014612898e-01
6.344000097498900259e-02 -1.258779301486040725e-01
6.393417227669846714e-02 -1.260428448974348636e-01
6.443104704589538989e-02 -1.262088210661074239e-01
6.493065657819749315e-02 -1.263758716807639737e-01
6.543303258645995213e-02 -1.265440098757882881e-01
6.593820726562452106e-02 -1.267132490081014640e-01
6.644621330223091094e-02 -1.268836026613272272e-01
6.695708388324846105e-02 -1.270550846483476382e-01
6.747085270521457900e-02 -1.272277090141764599e-01
6.798755398368613867e-02 -1.274014900391432503e-01
6.850722246301117757e-02 -1.275764422423849853e-01
6.902989344667866123e-02 -1.277525804231172679e-01
6.955560282654313364e-02 -1.279299196981306674e-01
7.008438696458831052e-02 -1.281084752681645178e-01
7.061628279394392693e-02 -1.282882625910022889e-01
7.115132783846250808e-02 -1.284692974010228084e-01
7.168956022348012269e-02 -1.286515957120256126e-01
7.223101868699007000e-02 -1.288351738204927543e-01
7.277574259123872902e-02 -1.290200483092807937e-01
7.332377193475295152e-02 -1.292062360517355624e-01
7.387514737615261118e-02 -1.293937542360938664e-01
7.442991031620167786e-02 -1.295826204901885936e-01
7.498810271414736717e-02 -1.297728525416199652e-01
7.554976719786087036e-02 -1.299644683952519975e-01
7.611494710984435808e-02 -1.301574863945363092e-01
7.668368652053679513e-02 -1.303519252248453442e-01
7.725603024217922443e-02 -1.305478039173970373e-01
7.783202384325210721e-02 -1.307451418537609600e-01
7.841171366349755645e-02 -1.309439587709368968e-01
7.899514683265113080e-02 -1.311442747721643931e-01
7.958237141658822122e-02 -1.313461105473894830e-01
8.017343617052394289e-02 -1.315494869410013534e-01
8.076839060493602729e-02 -1.317544250444723231e-01
8.136728510478273557e-02 -1.319609463719963460e-01
8.197017094583888830e-02 -1.321690728639022261e-01
8.257710031180814925e-02 -1.323788268909034116e-01
8.318812631222805010e-02 -1.325902312591722143e-01
8.380330300118607467e-02 -1.328033092162239082e-01
8.442268539686255402e-02 -1.330180844575982457e-01
8.504632954362757735e-02 -1.332345811996669405e-01
8.567429247892148492e-02 -1.334528241013175631e-01
8.630663220425803528e-02 -1.336728381943555755e-01
8.694340778014508775e-02 -1.338946490067892958e-01
8.758467934923103160e-02 -1.341182825717104898e-01
8.823050816013608411e-02 -1.343437654365691181e-01
8.888095659276698535e-02 -1.345711246740262657e-01
8.953608822862263450e-02 -1.348003879598150268e-01
9.019596778539248905e-02 -1.350315834444420215e-01
9.086066115998681081e-02 -1.352647397902279058e-01
9.153023550167277422e-02 -1.354998862513066837e-01
9.220475923985237132e-02 -1.357370526837937685e-01
9.288430211310763629e-02 -1.359762695570592705e-01
9.356893520430584199e-02 -1.362175679730283639e-01
9.425873103154988608e-02 -1.364609797652602541e-01
9.495376342571995587e-02 -1.367065372870491513e-01
9.565410763516216108e-02 -1.369542735312921089e-01
9.635984039837587611e-02 -1.372042222004079548e-01
9.707103997806421081e-02 -1.374564177187749814e-01
9.778778619684994067e-02 -1.377108952466157554e-01
9.851016049216988757e-02 -1.379676907197854574e-01
9.923824601571920589e-02 -1.382268409497962314e-01
9.997212744879915847e-02 -1.384883833264814457e-01
1.007118911872227768e-01 -1.387523560389656574e-01
1.014576254133071898e-01 -1.390187981342154988e-01
1.022094201378434264e-01 -1.392877495322060732e-01
1.029673672442832782e-01 -1.395592510430113398e-01
1.037315605829259302e-01 -1.398333444501392298e-01
1.045020960434756702e-01 -1.401100725615483378e-01
1.052790713194254463e-01 -1.403894788474116528e-01
1.060625861931981384e-01 -1.406716077796086595e-01
1.068527426066743086e-01 -1.409565048765674955e-01
1.076496447131550654e-01 -1.412442167216126643e-01
1.084533989323294562e-01 -1.415347909839316243e-01
1.092641141093800977e-01 -1.418282765733107909e-01
1.100819014863196887e-01 -1.421247235467289483e-01
1.109068745028496394e-01 -1.424241827982145325e-01
1.117391491573994089e-01 -1.427267064733797330e-01
1.125788440769667081e-01 -1.430323480000165182e-01
1.134260805827998764e-01 -1.433411621116123524e-01
1.142809827601542899e-01 -1.436532048743651424e-01
1.151436777593747296e-01 -1.439685340016798043e-01
1.160142954936485837e-01 -1.442872084073725247e-01
1.168929685829138421e-01 -1.446092880765733335e-01
1.177798328073063616e-01 -1.449348345668451388e-01
1.186750271844531357e-01 -1.452639110320957383e-01
1.195786940520629088e-01 -1.455965822511252616e-01
1.204909791586874918e-01 -1.459329146640867825e-01
1.214120318752180822e-01 -1.462729765521428860e-01
1.223420050373834611e-01 -1.466168377680932278e-01
1.232810551171496516e-01 -1.469645698663783195e-01
1.242293424377299560e-01 -1.473162462795527816e-01
1.251870312863355150e-01 -1.476719423673619469e-01
1.261542901229509017e-01 -1.480317355756614606e-01
1.271312915030448909e-01 -1.483957052550969324e-01
1.281182122603979345e-01 -1.487639327861149108e-01
1.291152337518456927e-01 -1.491365017701990481e-01
1.301225419921264170e-01 -1.495134980874009145e-01
1.311403279104029207e-01 -1.498950100896181969e-01
1.321687872692023924e-01 -1.502811284024028471e-01
1.332081208356357960e-01 -1.506719460166700830e-01
1.342585347216114777e-01 -1.510675585660686548e-01
1.353202405471043701e-01 -1.514680643959323836e-01
1.363934557559175198e-01 -1.518735647980662129e-01
1.374784035407341787e-01 -1.522841638035420941e-01
1.385753129680411810e-01 -1.526999682002295744e-01
1.396844194648166337e-01 -1.531210879444022677e-01
1.408059650177018174e-01 -1.535476362439849862e-01
1.419401985669210553e-01 -1.539797298483027987e-01
1.430873759478220042e-01 -1.544174888383606503e-01
1.442477599125136789e-01 -1.548610365072668749e-01
1.454216208397357823e-01 -1.553104999770693606e-01
1.466092369813279395e-01 -1.557660103016939024e-01
1.478108949315761200e-01 -1.562277027996283874e-01
1.490268896443807389e-01 -1.566957168981003568e-01
1.502575243016430473e-01 -1.571701958235996177e-01
1.515031112837476324e-01 -1.576512874459802260e-01
1.527639724851042602e-01 -1.581391444155172132e-01
1.540404399180461403e-01 -1.586339245894760885e-01
1.553328558214881194e-01 -1.591357909347596855e-01
1.566415721723608268e-01 -1.596449108213901236e-01
1.579669521608622618e-01 -1.601614573255105978e-01
1.593093706032832624e-01 -1.606856094169462623e-01
1.606692144468882810e-01 -1.612175522293946006e-01
1.620468831737598980e-01 -1.617574772173032971e-01
1.634427888387293692e-01 -1.623055819402628441e-01
1.648573570608563299e-01 -1.628620707917262100e-01
1.662910277153159255e-01 -1.634271554062629306e-01
1.677442552381240570e-01 -1.640010546708705885e-01
1.692175091944343457e-01 -1.645839949872737740e-01
1.707112752736569261e-01 -1.651762109339348084e-01
1.722260561737583295e-01 -1.657779457954806079e-01
1.737623716834198750e-01 -1.663894513018552013e-01
1.753207597801616779e-01 -1.670109883373700199e-01
1.769017777353078247e-01 -1.676428276281309859e-01
1.785060031561613303e-01 -1.682852503424151214e-01
1.801340339307135885e-01 -1.689385476362180449e-01
1.817864899554059999e-01 -1.696030218692484437e-01
1.834640144472950707e-01 -1.702789873900859008e-01
1.851672749614161895e-01 -1.709667710167877275e-01
1.868969634434461957e-01 -1.716667116080402289e-01
1.886537986482511586e-01 -1.723791618007263771e-01
1.904385278048658092e-01 -1.731044889995328462e-01
1.922519272657310097e-01 -1.738430754074805629e-01
1.940948033113556737e-01 -1.745953181849935198e-01
1.959679950493146972e-01 -1.753616314675646992e-01
1.978723768148231699e-01 -1.761424478657838688e-01
1.998088576578446185e-01 -1.769382173264600067e-01
2.017783838810876529e-01 -1.777494087040998316e-01
2.037819423907864524e-01 -1.785765119827476544e-01
2.058205629492820543e-01 -1.794200394571820456e-01
2.078953191180196725e-01 -1.802805257264701033e-01
2.100073315425537435e-01 -1.811585296922166299e-01
2.121577709156210745e-01 -1.820546362016220443e-01
2.143478599067527579e-01 -1.829694567392707583e-01
2.165788773477498319e-01 -1.839036319941076969e-01
2.188521613082888284e-01 -1.848578333887719860e-01
2.211691117755086589e-01 -1.858327642070239649e-01
2.235311960216515847e-01 -1.868291629101719864e-01
2.259399517721667194e-01 -1.878478044968605043e-01
2.283969911872893166e-01 -1.888895024673571954e-01
2.309040076809690256e-01 -1.899551130333460847e-01
2.334627788581763452e-01 -1.910455359898942385e-01
2.360751727615236217e-01 -1.921617182227512155e-01
2.387431561588902740e-01 -1.933046587249588610e-01
2.414687973576913615e-01 -1.944754090114663714e-01
2.442542758100851030e-01 -1.956750789232152565e-01
2.471018915585152242e-01 -1.969048420803385380e-01
2.500140681034788148e-01 -1.981659359051508862e-01
2.529933665103123452e-01 -1.994596704589064462e-01
2.560424954997025937e-01 -2.007874337989819791e-01
2.591643199099148420e-01 -2.021506958413072930e-01
2.623618745821198472e-01 -2.035510162492489838e-01
2.656383759081488716e-01 -2.049900502047896644e-01
2.689972384702949415e-01 -2.064695578364209860e-01
2.724420883459413023e-01 -2.079914107265121992e-01
2.759767836763116766e-01 -2.095576036471791803e-01
2.796054304610208763e-01 -2.111702622285953068e-01
2.833324078229084164e-01 -2.128316574018217500e-01
2.871623873778098579e-01 -2.145442148718422759e-01
2.911003636031198050e-01 -2.163105323481911146e-01
2.951516792943006395e-01 -2.181333924695191273e-01
2.993220611459933012e-01 -2.200157826211295853e-01
3.036176530995711165e-01 -2.219609123347812962e-01
3.080450568618174900e-01 -2.239722351806860134e-01
3.126113811990013924e-01 -2.260534761217121436e-01
3.173242893301860823e-01 -2.282086564202309431e-01
3.221920561518246129e-01 -2.304421245543986085e-01
3.272236348395636263e-01 -2.327585925636077857e-01
3.324287293265585919e-01 -2.351631751054836794e-01
3.378178771331656893e-01 -2.376614342300861493e-01
3.434025469729617974e-01 -2.402594327052067491e-01
3.491952439730377500e-01 -2.429637905315265023e-01
3.552096369036274459e-01 -2.457817544281965250e-01
3.614607037328814720e-01 -2.487212771898678065e-01
3.679648885451227147e-01 -2.517911016938441104e-01
3.747403069974189482e-01 -2.550008745879102645e-01
3.818069628519191738e-01 -2.583612630589922632e-01
3.891870119365393177e-01 -2.618840989030076782e-01
3.969050708462688593e-01 -2.655825469004445827e-01
4.049885817655261566e-01 -2.694713039596232651e-01
4.134682454592437106e-01 -2.735668356051251249e-01
4.223785393553307621e-01 -2.778876592551724478e-01
4.317583385004740149e-01 -2.824546838130270188e-01
4.416516642297270701e-01 -2.872916191897183502e-01
4.521086074535194954e-01 -2.924254829455596449e-01
4.631864440372409075e-01 -2.978872109723363359e-01
4.749510249011875684e-01 -3.037124203437527870e-01
4.874785066368435005e-01 -3.099423594050686459e-01
5.008575299469133491e-01 -3.166251045845970835e-01
5.151919853912492187e-01 -3.238170806230115106e-01
5.306045856340138034e-01 -3.315850268326694938e-01
5.472414921166212087e-01 -3.400085437066385219e-01
5.652784333815937812e-01 -3.491834642500893371e-01
5.849288647594557133e-01 -3.592263512779759194e-01
6.064551553096414471e-01 -3.702806729847558098e-01
6.301839790605864300e-01 -3.825252976591719811e-01
6.565282530976578323e-01 -3.961866192383128316e-01
6.860187005777705904e-01 -4.115560016055983539e-01
