-7.999694197274722640e-01 -6.994819575317230698e-03
-7.760995673442712128e-01 -8.687038322370863735e-03
-7.541177172116291239e-01 -1.028818462385099226e-02
-7.337850200281927915e-01 -1.180830141483664615e-02
-7.149029675416449514e-01 -1.325583846244186674e-02
-6.973049962236157473e-01 -1.463797032143147187e-02
-6.808502455955461885e-01 -1.596084137077936546e-02
-6.654186290659169778e-01 -1.722975307861676283e-02
-6.509070415835884749e-01 -1.844931102564296294e-02
-6.372264246884090655e-01 -1.962354257973227337e-02
-6.242993623632444589e-01 -2.075598906942381638e-02
-6.120582036243850110e-01 -2.184978141484212114e-02
-6.004435337468685407e-01 -2.290770145654763557e-02
-5.894029238814306737e-01 -2.393223211023223079e-02
-5.788899120012152011e-01 -2.492559909630605655e-02
-5.688631540700214151e-01 -2.588980543178086985e-02
-5.592857202136358730e-01 -2.682666039492445642e-02
-5.501245056780080800e-01 -2.773780392693744878e-02
-5.413497343079903823e-01 -2.862472726273051354e-02
-5.329345414094693867e-01 -2.948879065136448055e-02
-5.248546166927123835e-01 -3.033123841297490769e-02
-5.170878997351995299e-01 -3.115321190755782413e-02
-5.096143173548831617e-01 -3.195576065172239105e-02
-5.024155586448946220e-01 -3.273985202577835152e-02
-4.954748887678133151e-01 -3.350638029192207906e-02
-4.887769642480406795e-01 -3.425617297787637849e-02
-4.823076979606417680e-01 -3.498999814697131838e-02
-4.760541261238803723e-01 -3.570856983211749547e-02
-4.700042945017559037e-01 -3.641255300012306156e-02
-4.641471624808076735e-01 -3.710256826964530158e-02
-4.584725109777668672e-01 -3.777919553287877735e-02
-4.529708689429565172e-01 -3.844297779923694369e-02
-4.476334420175989703e-01 -3.909442414519696818e-02
-4.424520521070974821e-01 -3.973401259362369098e-02
-4.374190829922422474e-01 -4.036219266029906355e-02
-4.325274296187712197e-01 -4.097938744781293857e-02
-4.277704616412706939e-01 -4.158599637794203885e-02
-4.231419732863786476e-01 -4.218239602379005720e-02
-4.186361559062338755e-01 -4.276894252012220649e-02
-4.142475632836076782e-01 -4.334597281153526604e-02
-4.099710827280080849e-01 -4.391380600921734184e-02
-4.058019117857690761e-01 -4.447274493681573765e-02
-4.017355299194360074e-01 -4.502307676944809073e-02
-3.977676826846744396e-01 -4.556507468608303468e-02
-3.938943570252004256e-01 -4.609899824978966332e-02
-3.901117679093875079e-01 -4.662509477835651700e-02
-3.864163389492477618e-01 -4.714359978420962216e-02
-3.828046896284425515e-01 -4.765473795060898993e-02
-3.792736208860801872e-01 -4.815872371087703135e-02
-3.758201026257252941e-01 -4.865576186393140434e-02
-3.724412627802637377e-01 -4.914604821068283003e-02
-3.691343756956264599e-01 -4.962976993745250864e-02
-3.658968560642337220e-01 -5.010710658759463809e-02
-3.627262471053989135e-01 -5.057823014199670786e-02
-3.596202096013603744e-01 -5.104330504582900441e-02
-3.565765205372373181e-01 -5.150248945980077236e-02
-3.535930628342018878e-01 -5.195593518388523513e-02
-3.506678172046795994e-01 -5.240378774568528464e-02
-3.477988602549962893e-01 -5.284618731721036494e-02
-3.449843565746465446e-01 -5.328326867577815734e-02
-3.422225523055915097e-01 -5.371516127964286180e-02
-3.395117734452788305e-01 -5.414199000300876780e-02
-3.368504196244422322e-01 -5.456387511372232102e-02
-3.342369591085061487e-01 -5.498093235967776993e-02
-3.316699270950073108e-01 -5.539327353143160687e-02
-3.291479208287002023e-01 -5.580100646071321085e-02
-3.266695956478664620e-01 -5.620423510642363896e-02
-3.242336634080166258e-01 -5.660305999688970691e-02
-3.218388885802079269e-01 -5.699757823741916085e-02
-3.194840850788372433e-01 -5.738788359074825651e-02
-3.171681148472459411e-01 -5.777406683049467889e-02
-3.148898844546257902e-01 -5.815621570673846358e-02
-3.126483427206283583e-01 -5.853441505317973775e-02
-3.104424799520391076e-01 -5.890874716489138269e-02
-3.082713258203538809e-01 -5.927929190390160419e-02
-3.061339458038715433e-01 -5.964612649355880564e-02
-3.040294389677596354e-01 -6.000932552348599291e-02
-3.019569389944494198e-01 -6.036896157115665545e-02
-2.999156117617650108e-01 -6.072510514089326378e-02
-2.979046527530634925e-01 -6.107782453209677914e-02
-2.959232854423089476e-01 -6.142718587085910231e-02
-2.939707617089532543e-01 -6.177325354396074469e-02
-2.920463600756542655e-01 -6.211609017676060496e-02
-2.901493836488724387e-01 -6.245575652068491995e-02
-2.882791588762291801e-01 -6.279231148753834646e-02
-2.864350357889917098e-01 -6.312581249252084692e-02
-2.846163866019152944e-01 -6.345631543526943086e-02
-2.828226041362927323e-01 -6.378387461997551966e-02
-2.810531008675208886e-01 -6.410854279411465351e-02
-2.793073089642757467e-01 -6.443037140166855969e-02
-2.775846792104351146e-01 -6.474941057680658196e-02
-2.758846797706662746e-01 -6.506570908447013857e-02
-2.742067954468871416e-01 -6.537931435929907054e-02
-2.725505276196880100e-01 -6.569027269852081852e-02
-2.709153934004608355e-01 -6.599862926205904423e-02
-2.693009246474439844e-01 -6.630442802636024591e-02
-2.677066673761425153e-01 -6.660771182140907964e-02
-2.661321816554981234e-01 -6.690852248104117717e-02
-2.645770409285442826e-01 -6.720690084581250334e-02
-2.630408310760831703e-01 -6.750288668966908379e-02
-2.615231500883850035e-01 -6.779651878992817848e-02
-2.600236080999426269e-01 -6.808783508750901325e-02
-2.585418267730684727e-01 -6.837687267582728823e-02
-2.570774389603243670e-01 -6.866366785481481383e-02
-2.556300879134867921e-01 -6.894825605764293153e-02
-2.541994258501737436e-01 -6.923067159035545259e-02
-2.527851155087691981e-01 -6.951094817088250555e-02
-2.513868292020973727e-01 -6.978911879849357403e-02
-2.500042484703517975e-01 -7.006521577653630761e-02
-2.486370637444057230e-01 -7.033927073289737708e-02
-2.472849731200697787e-01 -7.061131438153281370e-02
-2.459476830667096381e-01 -7.088137682225564840e-02
-2.446249081635947509e-01 -7.114948756924047157e-02
-2.433163706896093181e-01 -7.141567553254953016e-02
-2.420218004093993569e-01 -7.167996905154558340e-02
-2.407409338255062092e-01 -7.194239576554892213e-02
-2.394735140455869771e-01 -7.220298265821176176e-02
-2.382192911300022309e-01 -7.246175624609083044e-02
-2.369780216034604314e-01 -7.271874251649773635e-02
-2.357494682745402692e-01 -7.297396695303111358e-02
-2.345333999096192168e-01 -7.322745451296000518e-02
-2.333295906607562586e-01 -7.347922952207582015e-02
-2.321378205508685677e-01 -7.372931589630588034e-02
-2.309578750962531513e-01 -7.397773709504018580e-02
-2.297895451298588299e-01 -7.422451613339306475e-02
-2.286326266330605261e-01 -7.446967559455897057e-02
-2.274869202232140120e-01 -7.471323752657030304e-02
-2.263522313746597625e-01 -7.495522357376943612e-02
-2.252283702911919427e-01 -7.519565499568282851e-02
-2.241151517061060194e-01 -7.543455265961356015e-02
-2.230123947629158998e-01 -7.567193705750978328e-02
-2.219199227042572831e-01 -7.590782825543607171e-02
-2.208375627671043950e-01 -7.614224590923618363e-02
-2.197651462919505694e-01 -7.637520935298176827e-02
-2.187025085008162395e-01 -7.660673757336747269e-02
-2.176494883958731696e-01 -7.683684922318403943e-02
-2.166059285736492424e-01 -7.706556260323099705e-02
-2.155716749149389766e-01 -7.729289559673496735e-02
-2.145465769180303073e-01 -7.751886583120182195e-02
-2.135304874625621741e-01 -7.774349063863331133e-02
-2.125232627118703865e-01 -7.796678706276816140e-02
-2.115247620390999506e-01 -7.818877187361836234e-02
-2.105348479590789246e-01 -7.840946158305206470e-02
-2.095533859497047402e-01 -7.862887241791383097e-02
-2.085802437253641561e-01 -7.884702008314103949e-02
-2.076152921394573136e-01 -7.906392013318591649e-02
-2.066584048900572401e-01 -7.927958789956021657e-02
-2.057094583608190808e-01 -7.949403846582560329e-02
-2.047683315604526266e-01 -7.970728667838768156e-02
-2.038349060663421364e-01 -7.991934715800930178e-02
-2.029090659403851582e-01 -8.013023429951306176e-02
-2.019906972230239572e-01 -8.033996210239881253e-02
-2.010796883982047534e-01 -8.054854438188868704e-02
-2.001759303291125447e-01 -8.075599477448000552e-02
-1.992793161002135716e-01 -8.096232670444980517e-02
-1.983897409684614588e-01 -8.116755339242856526e-02
-1.975071023175938023e-01 -8.137168786451298708e-02
-1.966312996098672494e-01 -8.157474295963150490e-02
-1.957622340277607731e-01 -8.177673120666932582e-02
-1.948998086808509389e-01 -8.197766493322240777e-02
-1.940439286935212171e-01 -8.217755632753780126e-02
-1.931945010397972950e-01 -8.237641739424500509e-02
-1.923514345031638872e-01 -8.257425996097247922e-02
-1.915146396386697980e-01 -8.277109568534415929e-02
-1.906840287373091636e-01 -8.296693606239487206e-02
-1.898595156226208502e-01 -8.316179235796065938e-02
-1.890410156500172967e-01 -8.335567562798307240e-02
-1.882284458806216254e-01 -8.354859681533188809e-02
-1.874217249276139974e-01 -8.374056670343971165e-02
-1.866207729231115497e-01 -8.393159592152693582e-02
-1.858255114867821411e-01 -8.412169495010676790e-02
-1.850358636961759451e-01 -8.431087412679659499e-02
-1.842517539777323021e-01 -8.449914361530255769e-02
-1.834731080095012290e-01 -8.468651337794891321e-02
-1.826998529095575918e-01 -8.487299327925941494e-02
-1.819319171105975297e-01 -8.505859304625155992e-02
-1.811692303294979989e-01 -8.524332227124722938e-02
-1.804117235412748266e-01 -8.542719041629187604e-02
-1.796593289543563787e-01 -8.561020681780273645e-02
-1.789119799503470498e-01 -8.579238067381311783e-02
-1.781696109633550684e-01 -8.597372100103449488e-02
-1.774321576377331233e-01 -8.615423672498151442e-02
-1.766995567414343382e-01 -8.633393665361506486e-02
-1.759717461347231060e-01 -8.651282947669335088e-02
-1.752486647484188809e-01 -8.669092376933276722e-02
-1.745302525631548252e-01 -8.686822799573912235e-02
-1.738164505673727156e-01 -8.704475050197321706e-02
-1.731072006099283189e-01 -8.722049945490478740e-02
-1.724024455916819965e-01 -8.739548295034837988e-02
-1.717021293931433046e-01 -8.756970899017144094e-02
-1.710061968348100259e-01 -8.774318547490449205e-02
-1.703145936602795396e-01 -8.791592020743045632e-02
-1.696272665202502028e-01 -8.808792089687972338e-02
-1.689441629574067183e-01 -8.825919516274585708e-02
-1.682652313921837728e-01 -8.842975053923747553e-02
-1.675904211094021989e-01 -8.859959447988115244e-02
-1.669196820858643848e-01 -8.876873427735122724e-02
-1.662529648800550874e-01 -8.893717701332558290e-02
-1.655902210571776889e-01 -8.910492979435802319e-02
-1.649314029615429611e-01 -8.927199964258289433e-02
-1.642764636962513736e-01 -8.943839349502702429e-02
-1.636253571098853776e-01 -8.960411820642449898e-02
-1.629780377838377925e-01 -8.976918055217800174e-02
-1.623344610202722693e-01 -8.993358723147751310e-02
-1.616945828307110589e-01 -9.009734487058707053e-02
-1.610583599215884287e-01 -9.026046002426042769e-02
-1.604257494879691992e-01 -9.042293906880052856e-02
-1.597967093909851422e-01 -9.058478830868819942e-02
-1.591711982173756590e-01 -9.074601401946889856e-02
-1.585491751844116670e-01 -9.090662240319574705e-02
-1.579306001290103345e-01 -9.106661959061664036e-02
-1.573154334973221880e-01 -9.122601164346670621e-02
-1.567036363347882322e-01 -9.138480455687458814e-02
-1.560951702766630589e-01 -9.154300426189029838e-02
-1.554899975390013622e-01 -9.170061662814292525e-02
-1.548880808826382793e-01 -9.185764745034701029e-02
-1.542893834603523973e-01 -9.201410236446933011e-02
-1.536938690510634975e-01 -9.216998699299043529e-02
-1.531015019846234115e-01 -9.232530690828734399e-02
-1.525122471093326160e-01 -9.248006762046860618e-02
-1.519260697832432172e-01 -9.263427457910212992e-02
-1.513429358658086310e-01 -9.278793317501984883e-02
-1.507628117098787635e-01 -9.294104874220575352e-02
-1.501856641540378068e-01 -9.309362655977269918e-02
-1.496114605152821242e-01 -9.324567185403419278e-02
-1.490401685264460263e-01 -9.339718976584106269e-02
-1.484717563024858800e-01 -9.354818533485718957e-02
-1.479061924751897683e-01 -9.369866358986898847e-02
-1.473434461150407160e-01 -9.384862950632888445e-02
-1.467834867222418405e-01 -9.399808800661939301e-02
-1.462262842197233070e-01 -9.414704396144356335e-02
-1.456718089464094368e-01 -9.429550219127305621e-02
-1.451200316507441912e-01 -9.444346746785929614e-02
-1.445709234844728686e-01 -9.459094451581155638e-02
-1.440244559950377423e-01 -9.473793801316680863e-02
-1.434806010474007354e-01 -9.488445254516454652e-02
-1.429393308907887239e-01 -9.503049265275000101e-02
-1.424006181745235133e-01 -9.517606284848581510e-02
-1.418644359126587373e-01 -9.532116759843689557e-02
-1.413307574781269005e-01 -9.546581132327063013e-02
-1.407995565970853180e-01 -9.560999839939891831e-02
-1.402708073434602853e-01 -9.575373316016547176e-02
-1.397444841336873689e-01 -9.589701989708189489e-02
-1.392205617216464852e-01 -9.603986286111547421e-02
-1.386990151832381835e-01 -9.618226625671501273e-02
-1.381798198609708039e-01 -9.632423420765517941e-02
-1.376629514465989856e-01 -9.646577081843596413e-02
-1.371483859510287395e-01 -9.660688015810628415e-02
-1.366360996915704507e-01 -9.674756625574353064e-02
-1.361260692871667788e-01 -9.688783310135848370e-02
-1.356182716537729371e-01 -9.702768464683247940e-02
-1.351126839998885720e-01 -9.716712480688941000e-02
-1.346092838222398280e-01 -9.730615746010516653e-02
-1.341080489016102939e-01 -9.744478644995713257e-02
-1.336089572649698798e-01 -9.758301556119311493e-02
-1.331119871754576078e-01 -9.772084851582236997e-02
-1.326171172093812689e-01 -9.785828903311023785e-02
-1.321243262079632441e-01 -9.799534079844392231e-02
-1.316335932727140945e-01 -9.813200746365753624e-02
-1.311448977617624412e-01 -9.826829264799462338e-02
-1.306582192863155190e-01 -9.840419993911141139e-02
-1.301735377072490984e-01 -9.853973289412311376e-02
-1.296908331318263885e-01 -9.867489504069569539e-02
-1.292100859105439759e-01 -9.880968987818486426e-02
-1.287312766341039139e-01 -9.894412087882517581e-02
-1.282543861305105171e-01 -9.907819148897047123e-02
-1.277793954622911121e-01 -9.921190513038886938e-02
-1.273062858556406052e-01 -9.934526514839427114e-02
-1.268350386544480624e-01 -9.947827477784106087e-02
-1.263656355297264056e-01 -9.961093730936423918e-02
-1.258980583700224087e-01 -9.974325600787534163e-02
-1.254322892743214291e-01 -9.987523411009227581e-02
-1.249683105491185969e-01 -1.000068748252578438e-01
-1.245061047055836673e-01 -1.001381813358865197e-01
-1.240456544568180747e-01 -1.002691567985405097e-01
-1.235869427152039013e-01 -1.003998043446376054e-01
-1.231299525898432584e-01 -1.005301270812913039e-01
-1.226746673840876656e-01 -1.006601280921855940e-01
-1.222210705931563585e-01 -1.007898104384855609e-01
-1.217691459018426930e-01 -1.009191771597853088e-01
-1.213188771460547016e-01 -1.010482312448997277e-01
-1.208702482673383732e-01 -1.011769755958455419e-01
-1.204232434546720493e-01 -1.013054131482398756e-01
-1.199778470756991400e-01 -1.014335468172494620e-01
-1.195340436699414977e-01 -1.015613794945055270e-01
-1.190918179464746651e-01 -1.016889140486790105e-01
-1.186511547816718887e-01 -1.018161533260770329e-01
-1.182120392170155770e-01 -1.019431001512614982e-01
-1.177744564569762759e-01 -1.020697573276909270e-01
-1.173383918669579640e-01 -1.021961276383871464e-01
-1.169038309713090890e-01 -1.023222138466272357e-01
-1.164707594513990779e-01 -1.024480186966625905e-01
-1.160391631437588389e-01 -1.025735449144655753e-01
-1.156090280160733397e-01 -1.026987951887739087e-01
-1.151803401233403856e-01 -1.028237721338177285e-01
-1.147530857175391855e-01 -1.029484783886193827e-01
-1.143272511988193407e-01 -1.030729165763319549e-01
-1.139028231086291892e-01 -1.031970893003066742e-01
-1.134797881278341164e-01 -1.033209991445406678e-01
-1.130581330748847424e-01 -1.034446486741392029e-01
-1.126378449040353197e-01 -1.035680404357939705e-01
-1.122189107036107858e-01 -1.036911769582776199e-01
-1.118013176943229853e-01 -1.038140607529559750e-01
-1.113850532276348670e-01 -1.039366943143179983e-01
-1.109701047841723243e-01 -1.040590801205252269e-01
-1.105564599721833713e-01 -1.041812206339807617e-01
-1.101441065137492847e-01 -1.043031182902764559e-01
-1.097330322090009219e-01 -1.044247754658432781e-01
-1.093232250122555121e-01 -1.045461945516426433e-01
-1.089146730010361885e-01 -1.046673779260686998e-01
-1.085073643697595236e-01 -1.047883279508245724e-01
-1.081012874282015201e-01 -1.049090469712763846e-01
-1.076964306000013916e-01 -1.050295373168178836e-01
-1.072927824212019793e-01 -1.051498013012465288e-01
-1.068903315388269881e-01 -1.052698412231513614e-01
-1.064890667094946508e-01 -1.053896593663135456e-01
-1.060889767980668780e-01 -1.055092580001201485e-01
-1.056900507763342406e-01 -1.056286393799914514e-01
-1.052922777217358413e-01 -1.057478057478229982e-01
-1.048956468094760092e-01 -1.058667593257429651e-01
-1.045001472849200336e-01 -1.059855022896518117e-01
-1.041057685151859369e-01 -1.061040368226686958e-01
-1.037124999702474654e-01 -1.062223650979381429e-01
-1.033203312173431310e-01 -1.063404892745864194e-01
-1.029292519197209099e-01 -1.064584114980114127e-01
-1.025392518354112936e-01 -1.065761339001804059e-01
-1.021503208160284837e-01 -1.066936585999366249e-01
-1.017624488055991344e-01 -1.068109877033147359e-01
-1.013756258394187537e-01 -1.069281233038657242e-01
-1.009898420429350963e-01 -1.070450674829919874e-01
-1.006050876306583269e-01 -1.071618223102925593e-01
-1.002213529050979962e-01 -1.072783898439195194e-01
-9.983862825195657931e-02 -1.073947721268908861e-01
-9.945690411803199960e-02 -1.075109711645762106e-01
-9.907617104830164501e-02 -1.076269889657804485e-01
-9.869641967413089745e-02 -1.077428275316699574e-01
-9.831764070814168199e-02 -1.078584888516463530e-01
-9.793982494317372833e-02 -1.079739749035832225e-01
-9.756296325126707913e-02 -1.080892876540689718e-01
-9.718704658266627550e-02 -1.082044290586560431e-01
-9.681206596484533133e-02 -1.083194010621165992e-01
-9.643801250155385751e-02 -1.084342055987055076e-01
-9.606487737188369735e-02 -1.085488445924306378e-01
-9.569265182935583758e-02 -1.086633199573307507e-01
-9.532132720102776124e-02 -1.087776335977617692e-01
-9.495089488348719409e-02 -1.088917874050979312e-01
-9.458134631828114813e-02 -1.090057832306111502e-01
-9.421267303321093078e-02 -1.091196229338095014e-01
-9.384486663110362670e-02 -1.092333083710672337e-01
-9.347791878313881087e-02 -1.093468413892167285e-01
-9.311182122802011407e-02 -1.094602238257972732e-01
-9.274656577116516254e-02 -1.095734575093115781e-01
-9.238214428391258726e-02 -1.096865442594895795e-01
-9.201854870274678300e-02 -1.097994858875607077e-01
-9.165577102853975089e-02 -1.099122841965343295e-01
-9.129380332580983026e-02 -1.100249409814888779e-01
-9.093263772199711159e-02 -1.101374580298699474e-01
-9.057226640675533624e-02 -1.102498371217974088e-01
-9.021268163126004713e-02 -1.103620800303824617e-01
-8.985387570753257391e-02 -1.104741885220540815e-01
-8.949584100777978335e-02 -1.105861643568956804e-01
-8.913856996374928954e-02 -1.106980092889922607e-01
-8.878205506610006847e-02 -1.108097250667878925e-01
-8.842628884337014328e-02 -1.109213134078431001e-01
-8.807126383036537054e-02 -1.110327759594724323e-01
-8.771697266558080297e-02 -1.111441144216742255e-01
-8.736340804582286290e-02 -1.112553304919355890e-01
-8.701056272151048987e-02 -1.113664258603931922e-01
-8.665842949601566814e-02 -1.114774022100249035e-01
-8.630700122501656912e-02 -1.115882612168464100e-01
-8.595627081586262874e-02 -1.116990045501131262e-01
-8.560623122695218412e-02 -1.118096338725278610e-01
-8.525687546712171216e-02 -1.119201508404541190e-01
-8.490819659504721117e-02 -1.120305571041354531e-01
-8.456018771865692063e-02 -1.121408543079208814e-01
-8.421284199455572606e-02 -1.122510440904968820e-01
-8.386615262746068000e-02 -1.123611280851258692e-01
-8.352011286964759751e-02 -1.124711079198912611e-01
-8.317471602040876766e-02 -1.125809852179499443e-01
-8.282995542552119839e-02 -1.126907615977914140e-01
-8.248582447672545004e-02 -1.128004386735046716e-01
-8.214231658664780666e-02 -1.129100180212834065e-01
-8.179942520040567322e-02 -1.130195011955622553e-01
-8.145714383138774606e-02 -1.131288897792230852e-01
-8.111546603564674662e-02 -1.132381853496546575e-01
-8.077438541131035099e-02 -1.133473894788392666e-01
-8.043389559805161348e-02 -1.134565037335117377e-01
-8.009399027656834147e-02 -1.135655296753228655e-01
-7.975466316807111600e-02 -1.136744688610064613e-01
-7.941590803378002772e-02 -1.137833228425509657e-01
-7.907771867442980884e-02 -1.138920931673751413e-01
-7.874008892978326402e-02 -1.140007813785084145e-01
-7.840301267815306951e-02 -1.141093890147757833e-01
-7.806648383593139950e-02 -1.142179176109874572e-01
-7.773049635712775407e-02 -1.143263686981336458e-01
-7.739504423291428126e-02 -1.144347438035840103e-01
-7.706012149117912047e-02 -1.145430444512927221e-01
-7.672572219608682353e-02 -1.146512721620085301e-01
-7.639184044674129925e-02 -1.147594284521306907e-01
-7.605847035253315847e-02 -1.148675147973036159e-01
-7.572560606553045692e-02 -1.149755326814436845e-01
-7.539324178137994659e-02 -1.150834835992707583e-01
-7.506137172896480692e-02 -1.151913690416517949e-01
-7.472999016996226262e-02 -1.152991904957310493e-01
-7.439909139840772401e-02 -1.154069494450630229e-01
-7.406866974026503347e-02 -1.155146473697481330e-01
-7.373871955300284609e-02 -1.156222857465712961e-01
-7.340923522517733835e-02 -1.157298660491439535e-01
-7.308021117602049588e-02 -1.158373897480487608e-01
-7.275164185503468772e-02 -1.159448583109876918e-01
-7.242352174159250033e-02 -1.160522732029338894e-01
-7.209584534454262228e-02 -1.161596358862864303e-01
-7.176860720182118292e-02 -1.162669478210289764e-01
-7.144180188006837851e-02 -1.163742104648919917e-01
-7.111542397425069106e-02 -1.164814252735187905e-01
-7.078946810728800609e-02 -1.165885937006353457e-01
-7.046392892661397511e-02 -1.166957171931361642e-01
-7.013880108913123079e-02 -1.168027971666705522e-01
-6.981407929053892736e-02 -1.169098350547090742e-01
-6.948975825536816975e-02 -1.170168322930862231e-01
-6.916583273366391782e-02 -1.171237903152642368e-01
-6.884229750061196529e-02 -1.172307105524413723e-01
-6.851914735617023466e-02 -1.173375944336622623e-01
-6.819637712470473512e-02 -1.174444433859301445e-01
-6.787398165462947552e-02 -1.175512588343210346e-01
-6.755195581805097105e-02 -1.176580422021003824e-01
-6.723029451041673266e-02 -1.177647949108416442e-01
-6.690899265016793385e-02 -1.178715183805472272e-01
-6.658804517839601866e-02 -1.179782140297718218e-01
-6.626744705850327877e-02 -1.180848832757481481e-01
-6.594719327586733015e-02 -1.181915275345151589e-01
-6.562727883750933688e-02 -1.182981482210489210e-01
-6.530769877176589855e-02 -1.184047467493959532e-01
-6.498844812796457371e-02 -1.185113245328094922e-01
-6.466952197185035778e-02 -1.186178829760881209e-01
-6.435091538226865582e-02 -1.187244234699551676e-01
-6.403262346578859898e-02 -1.188309474185273024e-01
-6.371464134872181773e-02 -1.189374562255521989e-01
-6.339696417643347903e-02 -1.190439512938398642e-01
-6.307958711302200094e-02 -1.191504340253622396e-01
-6.276250534100195899e-02 -1.192569058213541616e-01
-6.244571406099000410e-02 -1.193633680824160576e-01
-6.212920849139373647e-02 -1.194698222086183204e-01
-6.181298386810366030e-02 -1.195762695996074321e-01
-6.149703544418777534e-02 -1.196827116547137387e-01
-6.118135848958918682e-02 -1.197891497730612514e-01
-6.086594829082628277e-02 -1.198955853536792238e-01
-6.055080015069569388e-02 -1.200020197956156442e-01
-6.023590938797775823e-02 -1.201084544980527413e-01
-5.992127133714470616e-02 -1.202148908604246391e-01
-5.960688134807105854e-02 -1.203213302825369424e-01
-5.929273469941898772e-02 -1.204277739893508670e-01
-5.897882696370227579e-02 -1.205342237723202314e-01
-5.866515340992657646e-02 -1.206406807793377889e-01
-5.835170944571340529e-02 -1.207471464101088354e-01
-5.803849049215142192e-02 -1.208536220641854703e-01
-5.772549198354612332e-02 -1.209601091411176416e-01
-5.741270936716859341e-02 -1.210666090406012640e-01
-5.710013810300369752e-02 -1.211731231626242272e-01
-5.678777366349744421e-02 -1.212796529076097946e-01
-5.647561153330359768e-02 -1.213861996765573936e-01
-5.616364720902972812e-02 -1.214927648711810609e-01
-5.585187619898245026e-02 -1.215993498940453332e-01
-5.554029402291203038e-02 -1.217059561486985991e-01
-5.522889621175639668e-02 -1.218125850398040361e-01
-5.491767830738442796e-02 -1.219192379732680354e-01
-5.460663586233881900e-02 -1.220259163563659766e-01
-5.429576443957798149e-02 -1.221326215978656843e-01
-5.398505961221779226e-02 -1.222393551081483731e-01
-5.367451696299819358e-02 -1.223461182987017476e-01
-5.336413207989684077e-02 -1.224529125727453344e-01
-5.305390056166659624e-02 -1.225597393383967698e-01
-5.274381801715440077e-02 -1.226666000079055657e-01
-5.243388006379049587e-02 -1.227734959949061677e-01
-5.212408232731847307e-02 -1.228804287144781293e-01
-5.181442044152557297e-02 -1.229873995832031358e-01
-5.150489004797308840e-02 -1.230944100192195440e-01
-5.119548679572707983e-02 -1.232014614422742155e-01
-5.088620634108925733e-02 -1.233085552737716584e-01
-5.057704434732815391e-02 -1.234156929368204897e-01
-5.026799648562169098e-02 -1.235228758592532144e-01
-4.995905843747479314e-02 -1.236301054804190697e-01
-4.965022588783105789e-02 -1.237373832350677771e-01
-4.934149452745470454e-02 -1.238447105598048659e-01
-4.903286005300080963e-02 -1.239520888939768944e-01
-4.872431816675543148e-02 -1.240595196797495414e-01
-4.841586457637545027e-02 -1.241670043621832115e-01
-4.810749499462819989e-02 -1.242745443893063240e-01
-4.779920513913079455e-02 -1.243821412121861175e-01
-4.749099073208913613e-02 -1.244897962849968037e-01
-4.718284750003677586e-02 -1.245975110650854728e-01
nan nan
nan nan
nan nan
nan nan
nan nan
nan nan
nan nan
nan nan
nan nan
nan nan
nan nan
nan nan
nan nan
nan nan
nan nan
nan nan
-4.133598851613719954e-02 -1.266573997649543259e-01
-4.102837569587584193e-02 -1.267666200841264801e-01
-4.072074484358404606e-02 -1.268759315388242048e-01
-4.041309171602319728e-02 -1.269853356721943327e-01
-4.010541206857152347e-02 -1.270948340325684378e-01
-3.979770165497926310e-02 -1.272044281735753568e-01
-3.948995622712266756e-02 -1.273141196542515730e-01
-3.918217153475641451e-02 -1.274239100391493518e-01
-3.887434332526492481e-02 -1.275338008984430727e-01
-3.856646734341215299e-02 -1.276437938080332013e-01
-3.825853933109019112e-02 -1.277538903496484302e-01
-3.795055502681916187e-02 -1.278640921101119043e-01
-3.764251016355680407e-02 -1.279744006748183005e-01
-3.733440047343321300e-02 -1.280848176446088837e-01
-3.702622168537673952e-02 -1.281953446289633425e-01
-3.671796952395556951e-02 -1.283059832430560598e-01
-3.640963970913911607e-02 -1.284167351078884522e-01
-3.610122795605754525e-02 -1.285276018504192819e-01
-3.579272997475944212e-02 -1.286385851036931371e-01
-3.548414146996768659e-02 -1.287496865069669427e-01
-3.517545814083326838e-02 -1.288609077058343877e-01
-3.486667568068763795e-02 -1.289722503523484387e-01
-3.455778977758704185e-02 -1.290837161081085926e-01
-3.424879611426225046e-02 -1.291953066452849463e-01
-3.393969036418038876e-02 -1.293070236328883738e-01
-3.363046819400335175e-02 -1.294188687468242616e-01
-3.332112526348995213e-02 -1.295308436706220367e-01
-3.301165722521880175e-02 -1.296429500955026126e-01
-3.270205972431001334e-02 -1.297551897204441140e-01
-3.239232839814586151e-02 -1.298675642522450213e-01
-3.208245887609026403e-02 -1.299800754055848995e-01
-3.177244677920736116e-02 -1.300927249030831012e-01
-3.146228771997878343e-02 -1.302055144753546667e-01
-3.115197730202012502e-02 -1.303184458610642804e-01
-3.084151111979618193e-02 -1.304315208069775633e-01
-3.053088475833530199e-02 -1.305447410680101450e-01
-3.022009379294266634e-02 -1.306581084072743204e-01
-2.990913378891259244e-02 -1.307716245961232093e-01
-2.959800030123983794e-02 -1.308852914141926393e-01
-2.928668887432999898e-02 -1.309991106494404756e-01
-2.897519510242261773e-02 -1.311130843729139683e-01
-2.866351441284952645e-02 -1.312272139639785173e-01
-2.835164235906689409e-02 -1.313415014275796378e-01
-2.803957444042275149e-02 -1.314559485877936640e-01
-2.772730614449697012e-02 -1.315705572786408095e-01
-2.741483294680066574e-02 -1.316853293441732631e-01
-2.710215031047510936e-02 -1.318002666385667543e-01
-2.678925368598980561e-02 -1.319153710262150891e-01
-2.647613851083989792e-02 -1.320306443818276831e-01
-2.616280020924263011e-02 -1.321460885905308136e-01
-2.584923419183293020e-02 -1.322617055479715642e-01
-2.553543585535785615e-02 -1.323774971604252393e-01
-2.522140058237010499e-02 -1.324934653449056088e-01
-2.490712374092009240e-02 -1.326096120292789837e-01
-2.459260068424694995e-02 -1.327259391523807341e-01
-2.427782675046805463e-02 -1.328424486641354152e-01
-2.396279726226716728e-02 -1.329591425256801407e-01
-2.364750752671401432e-02 -1.330760227102392168e-01
-2.333195283767189321e-02 -1.331930912188502014e-01
-2.301612846997422301e-02 -1.333103500497955785e-01
-2.270002968036294658e-02 -1.334278012050607032e-01
-2.238365170872719939e-02 -1.335454466991700673e-01
-2.206698977776515302e-02 -1.336632885592848041e-01
-2.175003909264476912e-02 -1.337813288253043853e-01
-2.143279484066323848e-02 -1.338995695499723970e-01
-2.111525219090519545e-02 -1.340180127989872849e-01
-2.079740629389941267e-02 -1.341366606511169846e-01
-2.047925228127397967e-02 -1.342555151983179651e-01
-2.016078526540984739e-02 -1.343745785458588526e-01
-1.984200033909256852e-02 -1.344938528124482724e-01
-1.952289257516223037e-02 -1.346133401303669652e-01
-1.920345702616136491e-02 -1.347330426456042340e-01
-1.888368872398082932e-02 -1.348529625179989422e-01
-1.856358267950347987e-02 -1.349731019213845085e-01
-1.824313388224554910e-02 -1.350934630437384265e-01
-1.792233730074005438e-02 -1.352140480929520661e-01
-1.760118788446160543e-02 -1.353348593151210422e-01
-1.727968055592194602e-02 -1.354558989379313905e-01
-1.695781021425039892e-02 -1.355771691991112526e-01
-1.663557173559399374e-02 -1.356986723524166161e-01
-1.631295997272056569e-02 -1.358204106677324552e-01
-1.598996975462026876e-02 -1.359423864311801733e-01
-1.566659588610522930e-02 -1.360646019452316224e-01
-1.534283314740729660e-02 -1.361870595288290353e-01
-1.501867629377364767e-02 -1.363097615175114796e-01
-1.469412005506035360e-02 -1.364327102635472522e-01
-1.436915913532321731e-02 -1.365559081360730176e-01
-1.404378821240644115e-02 -1.366793575212385536e-01
-1.371800193752844600e-02 -1.368030608223580746e-01
-1.339179493486493400e-02 -1.369270204600676888e-01
-1.306516180112900563e-02 -1.370512388724889341e-01
-1.273809710514816999e-02 -1.371757185153985592e-01
-1.241059538743812495e-02 -1.373004618624042716e-01
-1.208265116133112362e-02 -1.374254714228466956e-01
-1.175425891209147533e-02 -1.375507497392635670e-01
-1.142541309142275190e-02 -1.376762993288852543e-01
-1.109610812107850175e-02 -1.378021227274533189e-01
-1.076633839253755658e-02 -1.379282224909504362e-01
-1.043609826652994697e-02 -1.380546011957119734e-01
-1.010538207256029934e-02 -1.381812614385464488e-01
-9.774184108428542184e-03 -1.383082058368649003e-01
-9.442498639747680736e-03 -1.384354370288189973e-01
-9.110319899458511547e-03 -1.385629576734480617e-01
-8.777642087341004651e-03 -1.386907704508344996e-01
-8.444459369522235373e-03 -1.388188780622687801e-01
-8.110765877980612507e-03 -1.389472832304221861e-01
-7.776555710046234582e-03 -1.390759886995289185e-01
-7.441822927897182548e-03 -1.392049972355766663e-01
-7.106561558051538094e-03 -1.393343116265058079e-01
-6.770765590854956745e-03 -1.394639346824171344e-01
-6.434428979967514103e-03 -1.395938692358738020e-01
-6.097545643685413352e-03 -1.397241181843967284e-01
-5.760109461350020922e-03 -1.398546844289207114e-01
-5.422114272275845547e-03 -1.399855708539440302e-01
-5.083553877205666816e-03 -1.401167803693467162e-01
-4.744422037737253302e-03 -1.402483159105095689e-01
-4.404712475746623383e-03 -1.403801804384450513e-01
-4.064418872807136658e-03 -1.405123769399410083e-01
-3.723534869604749886e-03 -1.406449084277164030e-01
-3.382054065348729689e-03 -1.407777779405890994e-01
-3.039970017177737443e-03 -1.409109885436563847e-01
-2.697276239560981049e-03 -1.410445433284868433e-01
-2.353966203694195930e-03 -1.411784454133252487e-01
-2.010033336890165116e-03 -1.413126979433087516e-01
-1.665471021963537291e-03 -1.414473040906955581e-01
-1.320272596609667858e-03 -1.415822670551051266e-01
-9.744313527772303831e-04 -1.417175900637708541e-01
-6.279405360343307549e-04 -1.418532763718039214e-01
-2.807933449406024417e-04 -1.419893292689088093e-01
6.701706971285587532e-05 -1.421257521508332566e-01
4.154976060497207399e-04 -1.422625483625220288e-01
7.646552110662724680e-04 -1.423997212485982045e-01
1.114496881196330074e-03 -1.425372741862160897e-01
1.465029663025990518e-03 -1.426752105851770702e-01
1.816260654013549794e-03 -1.428135338880634486e-01
2.168197003214974907e-03 -1.429522475703899620e-01
2.520845912015299076e-03 -1.430913551407729523e-01
2.874214634866311367e-03 -1.432308601411173277e-01
3.228310480030907679e-03 -1.433707661468208439e-01
3.583140810334470815e-03 -1.435110767669961207e-01
3.938713043923656315e-03 -1.436517956447099509e-01
4.295034655032946812e-03 -1.437929264572400945e-01
4.652113174759335730e-03 -1.439344729163490322e-01
5.009956191845525882e-03 -1.440764387685753711e-01
5.368571353471990326e-03 -1.442188277955419873e-01
5.727966366058266298e-03 -1.443616438142811265e-01
6.088148996446018403e-03 -1.445048906864101201e-01
6.449127073521099610e-03 -1.446485723340297236e-01
6.810908486336952547e-03 -1.447926926761751720e-01
7.173501186259837945e-03 -1.449372556653490685e-01
7.536913188022816186e-03 -1.450822652926030965e-01
7.901152570600609992e-03 -1.452277255878745565e-01
8.266227478095244940e-03 -1.453736406203421372e-01
8.632146120632722824e-03 -1.455200144988003097e-01
8.998916775271103424e-03 -1.456668513720524027e-01
9.366547786920472601e-03 -1.458141554293224673e-01
9.735047569275121979e-03 -1.459619309006853771e-01
1.010442460575841465e-02 -1.461101820575153032e-01
1.047468745048068736e-02 -1.462589132129524516e-01
1.084584472965110895e-02 -1.464081287283340027e-01
1.121790514382391135e-02 -1.465578330292147680e-01
1.159087746475559802e-02 -1.467080305501103354e-01
1.196477053851027414e-02 -1.468587257658907630e-01
1.233959328689354998e-02 -1.470099231976659815e-01
1.271535470850424301e-02 -1.471616274131747337e-01
1.309206387979997346e-02 -1.473138430271986044e-01
1.346972995617710077e-02 -1.474665747020008355e-01
1.384836217306557003e-02 -1.476198271477899560e-01
1.422796984703919403e-02 -1.477736051232082792e-01
1.460856237694188250e-02 -1.479279134358442993e-01
1.499014924503033579e-02 -1.480827569427698442e-01
1.537274001813376464e-02 -1.482381405511010164e-01
1.575634434947562404e-02 -1.483940692246531468e-01
1.614097198262062771e-02 -1.485505480091826591e-01
1.652663274477691666e-02 -1.487075819584048886e-01
1.691333655171870301e-02 -1.488651761719134159e-01
1.730109341001581647e-02 -1.490233358049854739e-01
1.768991341830810846e-02 -1.491820660690402756e-01
1.807980676859810218e-02 -1.493413722321301484e-01
1.847078374756272109e-02 -1.495012596194649768e-01
1.886285473788452613e-02 -1.496617336139689780e-01
1.925603021960366201e-02 -1.498227996568703702e-01
1.965032077149056131e-02 -1.499844632483231799e-01
2.004573707244051983e-02 -1.501467299480610251e-01
2.044228990289068473e-02 -1.503096053760827333e-01
2.083999014715380918e-02 -1.504730952198220784e-01
2.123884880057205771e-02 -1.506372052746806633e-01
2.163887695638435499e-02 -1.508019413388871077e-01
2.204008581333059130e-02 -1.509673092611310830e-01
2.244248667946745907e-02 -1.511333149578190094e-01
2.284609097372578695e-02 -1.512999644135966104e-01
2.325091022749217404e-02 -1.514672636819163198e-01
2.365695608621590923e-02 -1.516352188856494310e-01
2.406424031104198794e-02 -1.518038362177428768e-01
2.447277478047121119e-02 -1.519731219419195589e-01
2.488257149204830404e-02 -1.521430823934230014e-01
2.529364256407887895e-02 -1.523137239798048881e-01
2.570600023737621212e-02 -1.524850531817560362e-01
2.611965687815043236e-02 -1.526570765604771396e-01
2.653462499055343066e-02 -1.528298008199571179e-01
2.695091719347116055e-02 -1.530032326608607995e-01
2.736854623131979719e-02 -1.531773788370490719e-01
2.778752498087012912e-02 -1.533522461853977503e-01
2.820786645316437566e-02 -1.535278416263813062e-01
2.862958379546571425e-02 -1.537041721647182946e-01
2.905269029324173552e-02 -1.538812448900788166e-01
2.947719937218316877e-02 -1.540590669778530986e-01
2.990312460025903660e-02 -1.542376456899809123e-01
3.033047968980943920e-02 -1.544169883758411410e-01
3.075927849967736993e-02 -1.545971024732014087e-01
3.118953503738058908e-02 -1.547779955092267734e-01
3.162126346246559722e-02 -1.549596751071375400e-01
3.205447810620970506e-02 -1.551421490714282314e-01
3.248919343660622988e-02 -1.553254252051798068e-01
3.292542407122155124e-02 -1.555095113666270512e-01
3.336318478885320904e-02 -1.556944155160250032e-01
3.380249053191138747e-02 -1.558801457163479787e-01
3.424335640884538373e-02 -1.560667101340728058e-01
3.468579769661694207e-02 -1.562541170400461865e-01
3.512982984322200741e-02 -1.564423748104346035e-01
3.557546847026270970e-02 -1.566314919277570772e-01
3.602272937557104981e-02 -1.568214769819994414e-01
3.647162853588606368e-02 -1.570123386718098035e-01
3.692218210958614355e-02 -1.572040858057743573e-01
3.737440644066918061e-02 -1.573967273087891472e-01
3.782831809305364085e-02 -1.575902723542580153e-01
3.828393379159992366e-02 -1.577847301032932192e-01
3.874127043661527298e-02 -1.579801097600232740e-01
3.920034512655066333e-02 -1.581764206564224839e-01
3.966117516097808493e-02 -1.583736722530440511e-01
4.012377804363020939e-02 -1.585718741398731424e-01
4.058817148550487169e-02 -1.587710360372985574e-01
4.105437340803660268e-02 -1.589711677972020509e-01
4.152240194633759901e-02 -1.591722794041645628e-01
4.199227545251039279e-02 -1.593743809767880770e-01
4.246401249903465625e-02 -1.595774827691328057e-01
4.293763188223017474e-02 -1.597815951722675598e-01
4.341315262606529335e-02 -1.599867287169164931e-01
4.389059400023957030e-02 -1.601928941279635588e-01
4.436997549779413130e-02 -1.604001022294442302e-01
4.485131684040308958e-02 -1.606083639539458430e-01
4.533463799306963055e-02 -1.608176903847589601e-01
4.581995916803222740e-02 -1.610280927576731580e-01
4.630730082876179099e-02 -1.612395824628968244e-01
4.679668369405229345e-02 -1.614521710471006621e-01
4.728812874220786333e-02 -1.616658702155829574e-01
4.778165721532807997e-02 -1.618806918345559454e-01
4.827729062640668395e-02 -1.620966479426575180e-01
4.877505077264114586e-02 -1.623137507824201631e-01
4.927495970952918553e-02 -1.625320127006312232e-01
4.977703977263542301e-02 -1.627514462096785464e-01
5.028131358586451077e-02 -1.629720640018740563e-01
5.078780406621469234e-02 -1.631938789516247101e-01
5.129653442865078627e-02 -1.634169041177663539e-01
5.180752819109959995e-02 -1.636411527460585880e-01
5.232080917957097899e-02 -1.638666382718387271e-01
5.283640153340805196e-02 -1.640933743228332742e-01
5.335432972148603653e-02 -1.643213747554383708e-01
5.387461853985215515e-02 -1.645506536324012059e-01
5.439729309012197173e-02 -1.647812251431889918e-01
5.492237881141780881e-02 -1.650131036890094827e-01
5.544990148665140950e-02 -1.652463038871332390e-01
5.597988724835816637e-02 -1.654808405735620769e-01
5.651236258468896739e-02 -1.657167288059100130e-01
5.704735434556414131e-02 -1.659539838664948197e-01
5.758488974899347856e-02 -1.661926212656383850e-01
5.812499638823495629e-02 -1.664326567470860996e-01
5.866770226606386751e-02 -1.666741063700649395e-01
5.921303574641918754e-02 -1.669169863544807952e-01
5.976102557081685446e-02 -1.671613131143015463e-01
6.031170088663214551e-02 -1.674071033222306049e-01
6.086509125410355381e-02 -1.676543739126823696e-01
6.142122665354200067e-02 -1.679031420850445877e-01
6.198013749275147616e-02 -1.681534253072252405e-01
6.254185461466633955e-02 -1.684052413194797593e-01
6.310640930521108083e-02 -1.686586081385168245e-01
6.367383331098466770e-02 -1.689135440873368310e-01
6.424415887490989019e-02 -1.691700678709072148e-01
6.481741864480523863e-02 -1.694281983161797789e-01
6.539364573992241525e-02 -1.696879545332101169e-01
6.597287377055423285e-02 -1.699493559482498639e-01
6.655513684672349772e-02 -1.702124223073259446e-01
6.714046958715155777e-02 -1.704771736802107307e-01
6.772890712851382944e-02 -1.707436304647799441e-01
6.832048513499007492e-02 -1.710118133917530592e-01
6.891523980811689598e-02 -1.712817435298123192e-01
6.951320793293852551e-02 -1.715534423799137675e-01
7.011442685849846035e-02 -1.718269318045548832e-01
7.071893442642090966e-02 -1.721022338334684543e-01
7.132676906460749811e-02 -1.723793708762484944e-01
7.193796979938144043e-02 -1.726583657303031871e-01
7.255257626643947522e-02 -1.729392415854469345e-01
7.317062872218765834e-02 -1.732220220290171253e-01
7.379216805547091085e-02 -1.735067310515094330e-01
7.441723579970635494e-02 -1.737933930527260917e-01
7.504587414828260694e-02 -1.740820328550468366e-01
7.567812606339975601e-02 -1.743726759312582975e-01
7.631403509274388430e-02 -1.746653479543553156e-01
7.695364542399504848e-02 -1.749600749057422799e-01
7.759700196890895185e-02 -1.752568832457674364e-01
7.824415037661494599e-02 -1.755557999185134721e-01
7.889513704743625344e-02 -1.758568523573298681e-01
7.955000914724671968e-02 -1.761600684911003856e-01
8.020881462237786086e-02 -1.764654767512360556e-01
8.087160221509043234e-02 -1.767731060793868159e-01
8.153842148984480342e-02 -1.770829859580586307e-01
8.220932287532989324e-02 -1.773951464738053874e-01
8.288435758296207323e-02 -1.777096181128799135e-01
8.356357768346583947e-02 -1.780264319011878316e-01
8.424703613506859257e-02 -1.783456194362539604e-01
8.493478680200035325e-02 -1.786672128973164075e-01
8.562688447367751421e-02 -1.789912450561887414e-01
8.632338488867560833e-02 -1.793177492973781484e-01
8.702434478571892396e-02 -1.796467596929319788e-01
8.772982183726579786e-02 -1.799783108333415649e-01
8.843987471661768351e-02 -1.803124379366355945e-01
8.915456313685866940e-02 -1.806491768960768463e-01
8.987394787303513988e-02 -1.809885642920393278e-01
9.059809078521660619e-02 -1.813306374048884451e-01
9.132705484397579676e-02 -1.816754342318710191e-01
9.206090420321121071e-02 -1.820229935966580226e-01
9.279970411826739263e-02 -1.823733549505375806e-01
9.354352100451127083e-02 -1.827265584547925203e-01
9.429242250281595628e-02 -1.830826450731861121e-01
9.504647750631992076e-02 -1.834416565860304826e-01
9.580575618833300777e-02 -1.838036356055708920e-01
9.657033003141761440e-02 -1.841686255926743010e-01
9.734027191804776880e-02 -1.845366709892672930e-01
9.811565605585258198e-02 -1.849078170339352456e-01
9.889655799023676364e-02 -1.852821097472966139e-01
9.968305472111330112e-02 -1.856595961113996773e-01
1.004752247353046107e-01 -1.860403240862708585e-01
1.012731480404547024e-01 -1.864243426282163330e-01
1.020769062004859284e-01 -1.868117017098541166e-01
1.028865824365410714e-01 -1.872024524581326621e-01
1.037022615974709933e-01 -1.875966470510965212e-01
1.045240300668093952e-01 -1.879943385034709424e-01
1.053519759649271248e-01 -1.883955809869888864e-01
1.061861891912563444e-01 -1.888004298549059157e-01
1.070267614656131017e-01 -1.892089416635469867e-01
1.078737863715900219e-01 -1.896211741962108843e-01
1.087273594586357223e-01 -1.900371865882772848e-01
1.095875782956117067e-01 -1.904570393631671021e-01
1.104545422407936517e-01 -1.908807939764554373e-01
1.113283527299354925e-01 -1.913085132649973985e-01
1.122091133416594083e-01 -1.917402614999145216e-01
1.130969298486019792e-01 -1.921761044129634000e-01
1.139919102713414789e-01 -1.926161092260650354e-01
1.148941649866788289e-01 -1.930603447705100117e-01
1.158038069115658875e-01 -1.935088817279150830e-01
1.167209510326966959e-01 -1.939617917751048914e-01
1.176457148241533551e-01 -1.944191482241125202e-01
1.185782183697288716e-01 -1.948810261550831258e-01
1.195185844257767027e-01 -1.953475024468344645e-01
1.204669384878930410e-01 -1.958186558118444054e-01
1.214234088715448329e-01 -1.962945668518197018e-01
1.223881268711277809e-01 -1.967753182367115716e-01
1.233612266017785203e-01 -1.972609943697354873e-01
1.243428451998776774e-01 -1.977516816328363236e-01
1.253331229564789429e-01 -1.982474685172412598e-01
1.263322034047432429e-01 -1.987484456765062080e-01
1.273402334768582722e-01 -1.992547060856128815e-01
1.283573634744106517e-01 -1.997663449036193861e-01
1.293837471598453248e-01 -2.002834595271319185e-01
1.304195419671915768e-01 -2.008061498246767607e-01
1.314649091055777319e-01 -2.013345181983247356e-01
1.325200137103844378e-01 -2.018686697147950293e-01
1.335850249544450474e-01 -2.024087121706898140e-01
1.346601159582530849e-01 -2.029547558515245320e-01
1.357454641245302573e-01 -2.035069139333786359e-01
1.368412512770479372e-01 -2.040653025787155794e-01
1.379476638060138649e-01 -2.046300410376034884e-01
1.390648929329365568e-01 -2.052012519206913022e-01
1.401931344715017791e-01 -2.057790607224196933e-01
1.413325892074382417e-01 -2.063635962615569530e-01
1.424834631384074290e-01 -2.069549909032091517e-01
1.436459676306299782e-01 -2.075533806520518942e-01
1.448203197604400472e-01 -2.081589055068617522e-01
1.460067421616597916e-01 -2.087717090957200428e-01
1.472054631568662508e-01 -2.093919387246572505e-01
1.484167172590338257e-01 -2.100197459472097905e-01
1.496407453591061254e-01 -2.106552866724314688e-01
1.508777950340993990e-01 -2.112987214364609734e-01
1.521281207704025806e-01 -2.119502155455776637e-01
1.533919835995512515e-01 -2.126099383984396407e-01
1.546696519038124884e-01 -2.132780644402041959e-01
1.559614016913493384e-01 -2.139547733576283861e-01
1.572675168808995716e-01 -2.146402502788990196e-01
1.585882899572972071e-01 -2.153346864685233564e-01
1.599240210977857235e-01 -2.160382779327001956e-01
1.612750191256507870e-01 -2.167512265206399946e-01
1.626416020806433216e-01 -2.174737404774954863e-01
1.640240975158632764e-01 -2.182060346138647577e-01
1.654228429710812576e-01 -2.189483307008134594e-01
1.668381860460952937e-01 -2.197008573232468454e-01
1.682704847003946291e-01 -2.204638500311608129e-01
1.697201079367508525e-01 -2.212375519836806415e-01
1.711874363323402370e-01 -2.220222143726470476e-01
1.726728622138663238e-01 -2.228180963705831685e-01
1.741767901401397312e-01 -2.236254654714043832e-01
1.756996376398054505e-01 -2.244445981431539838e-01
1.772418358720452281e-01 -2.252757803593747610e-01
1.788038297931290599e-01 -2.261193074855381291e-01
1.803860787601520299e-01 -2.269754847147668064e-01
1.819890574556102814e-01 -2.278446278878795972e-01
1.836132567234444735e-01 -2.287270641740668242e-01
1.852591836972433681e-01 -2.296231318490377926e-01
1.869273625666198757e-01 -2.305331808618333589e-01
1.886183357558546547e-01 -2.314575738855263465e-01
1.903326650029706912e-01 -2.323966872096289993e-01
1.920709313858112166e-01 -2.333509103208404045e-01
1.938337363117645373e-01 -2.343206466552049116e-01
1.956217030518694333e-01 -2.353063149766452533e-01
1.974354781000694503e-01 -2.363083504988095218e-01
1.992757311219952587e-01 -2.373272042868714293e-01
2.011431562330676104e-01 -2.383633442451409679e-01
2.030384739338471634e-01 -2.394172568431027492e-01
2.049624329588423388e-01 -2.404894486810046084e-01
2.069158098632815912e-01 -2.415804453596935852e-01
2.088994107559056235e-01 -2.426907928682194016e-01
2.109140739422934174e-01 -2.438210599742142159e-01
2.129606716447683401e-01 -2.449718394719886949e-01
2.150401108339442258e-01 -2.461437483666666370e-01
2.171533351467165029e-01 -2.473374292796101104e-01
2.193013275162777054e-01 -2.485535526083463842e-01
2.214851114957223366e-01 -2.497928171377340467e-01
2.237057537801533103e-01 -2.510559519656567762e-01
2.259643672514909940e-01 -2.523437189427669702e-01
2.282621124838912496e-01 -2.536569133159442546e-01
2.306002008782372104e-01 -2.549963661395068804e-01
2.329798984673688289e-01 -2.563629473382942336e-01
2.354025275953393892e-01 -2.577575663364996550e-01
2.378694708663174340e-01 -2.591811751235229000e-01
2.403821759787557188e-01 -2.606347721715159271e-01
2.429421575083496043e-01 -2.621194029263816394e-01
2.455510019660338550e-01 -2.636361637796826307e-01
2.482103739372806817e-01 -2.651862070576673225e-01
2.509220181351152767e-01 -2.667707414962406931e-01
2.536877658016655213e-01 -2.683910372773656294e-01
2.565095426599570683e-01 -2.700484325238908800e-01
2.593893707579330021e-01 -2.717443331771159376e-01
2.623293770279851445e-01 -2.734802198482889080e-01
2.653318025468924812e-01 -2.752576551645813940e-01
2.683990078717240491e-01 -2.770782868146327571e-01
2.715334823312052226e-01 -2.789438545310319872e-01
2.747378529449520657e-01 -2.808561964487581997e-01
2.780148945418805528e-01 -2.828172564550876511e-01
2.813675413559477145e-01 -2.848290927745599777e-01
2.847988975895757169e-01 -2.868938852140012763e-01
2.883122527905014332e-01 -2.890139469680487183e-01
2.919110931232386519e-01 -2.911917319275570404e-01
2.955991208568533035e-01 -2.934298498687923917e-01
2.993802677295741010e-01 -2.957310750840860258e-01
3.032587174158672960e-01 -2.980983636356644984e-01
3.072389246422145281e-01 -3.005348667496137716e-01
3.113256385585470021e-01 -3.030439478760601490e-01
3.155239305538211636e-01 -3.056292034638799504e-01
3.198392171523287142e-01 -3.082944782864834865e-01
3.242772996003606689e-01 -3.110438962198787682e-01
3.288443939843679331e-01 -3.138818809648608599e-01
3.335471720554564201e-01 -3.168131862015096667e-01
3.383928052036592193e-01 -3.198429276966431312e-01
3.433890133453811888e-01 -3.229766189366305995e-01
3.485441223604308636e-01 -3.262202135475282816e-01
3.538671237675831138e-01 -3.295801483688685640e-01
3.593677487502369705e-01 -3.330633983564941225e-01
3.650565458540799835e-01 -3.366775330324220938e-01
3.709449727662965102e-01 -3.404307839466171881e-01
3.770455033569611314e-01 -3.443321238138725149e-01
3.833717374325871785e-01 -3.483913454760318440e-01
3.899385486559647784e-01 -3.526191727052871983e-01
3.967622352846763012e-01 -3.570273698937794227e-01
4.038607015416656454e-01 -3.616288755014315792e-01
4.112536692140521533e-01 -3.664379580121264746e-01
4.189629230681414795e-01 -3.714703967168623833e-01
4.270125984948742737e-01 -3.767436937898199223e-01
4.354295176382410593e-01 -3.822773219488215246e-01
4.442435892010407894e-01 -3.880930196067423621e-01
4.534882827034624753e-01 -3.942151410778909071e-01
4.632011950401648814e-01 -4.006710751789955838e-01
4.734247334838908583e-01 -4.074917504134892288e-01
4.842069358571150506e-01 -4.147122412135295089e-01
4.956024762297212560e-01 -4.223725126180871703e-01
5.076738945349896781e-01 -4.305183307441310947e-01
5.204931067959137625e-01 -4.392023806431746835e-01
5.341433361389846812e-01 -4.484857014351381066e-01
5.487214733765723995e-01 -4.584394342860710347e-01
5.643411240431001064e-01 -4.691470849464209336e-01
5.811365664273804299e-01 -4.807074675061642766e-01
5.992677684853978670e-01 -4.932384258359563955e-01
6.189271292977461814e-01 -5.068818487766660885e-01
