-7.998762363805042019e-01 -1.407147731262878114e-02
-7.898014077450884463e-01 -1.549567571835746248e-02
-7.800746303300711837e-01 -1.688667800441252809e-02
-7.706760681662289114e-01 -1.824614003582766472e-02
-7.615874329082370497e-01 -1.957559627241565667e-02
-7.527918107856331753e-01 -2.087647068197768380e-02
-7.442735576927164143e-01 -2.215008757374739568e-02
-7.360181779128239787e-01 -2.339768063342730076e-02
-7.280122235076867954e-01 -2.462040117992342694e-02
-7.202431856613753514e-01 -2.581932490815815745e-02
-7.126993998658538443e-01 -2.699545783273244598e-02
-7.053700144375107950e-01 -2.814974360403905626e-02
-6.982448906494367336e-01 -2.928306757291703269e-02
-6.913145478947563261e-01 -3.039626161877806779e-02
-6.845701116267712827e-01 -3.149010843745781579e-02
-6.780032645846634232e-01 -3.256534535268874181e-02
-6.716062018878380391e-01 -3.362266772707225154e-02
-6.653715908222915809e-01 -3.466273207040879156e-02
-6.592925304815743237e-01 -3.568615865022851941e-02
-6.533625298678812365e-01 -3.669353464728321301e-02
-6.475754756617370100e-01 -3.768541644315065442e-02
-6.419255907093120994e-01 -3.866233095606246700e-02
-6.364074266257473411e-01 -3.962477859478885645e-02
-6.310158293846598321e-01 -4.057323438580210523e-02
-6.257459255823638600e-01 -4.150815005227956322e-02
-6.205930997093319634e-01 -4.242995531105241830e-02
-6.155529789219136294e-01 -4.333905942052056898e-02
-6.106214152011929519e-01 -4.423585235374738467e-02
-6.057944719176834303e-01 -4.512070608218775314e-02
-6.010684092778322274e-01 -4.599397561012841251e-02
-5.964396724523410853e-01 -4.685600004236404464e-02
-5.919048787630920572e-01 -4.770710343129381387e-02
-5.874608086147024011e-01 -4.854759577719769403e-02
-5.831043972323642910e-01 -4.937777398629770303e-02
-5.788327207643144678e-01 -5.019792223945869492e-02
-5.746429889357369536e-01 -5.100831277269118891e-02
-5.705325413346281627e-01 -5.180920689792582051e-02
-5.664988363454381837e-01 -5.260085529608225091e-02
-5.625394428573824435e-01 -5.338349843823396446e-02
-5.586520386393442061e-01 -5.415736755178264528e-02
-5.548344020790827447e-01 -5.492268491028973881e-02
-5.510844041568743190e-01 -5.567966404604189623e-02
-5.474000074468018395e-01 -5.642851058890646643e-02
-5.437792600090737283e-01 -5.716942255622062263e-02
-5.402202884828832818e-01 -5.790259048235212036e-02
-5.367212968360748349e-01 -5.862819808163855645e-02
-5.332805619625077265e-01 -5.934642254553880447e-02
-5.298964280191617027e-01 -6.005743464316414676e-02
-5.265673047970541587e-01 -6.076139921792714921e-02
-5.232916645736017669e-01 -6.145847548614315897e-02
-5.200680375693902402e-01 -6.214881713043673289e-02
-5.168950100225074840e-01 -6.283257265566789818e-02
-5.137712219351884269e-01 -6.350988568093718367e-02
-5.106953631251424097e-01 -6.418089499106970075e-02
-5.076661716234355248e-01 -6.484573483939772010e-02
-5.046824323469529805e-01 -6.550453526670629856e-02
-5.017429749264873395e-01 -6.615742229275682618e-02
-4.988466694045480820e-01 -6.680451779598901851e-02
-4.959924247127424080e-01 -6.744593971825284251e-02
-4.931791892706868796e-01 -6.808180254383279506e-02
-4.904059484451753770e-01 -6.871221734626177524e-02
-4.876717218544536769e-01 -6.933729178191694320e-02
-4.849755613669744503e-01 -6.995713015063180495e-02
-4.823165517341683750e-01 -7.057183381713295900e-02
-4.796938085892291648e-01 -7.118150124973859905e-02
-4.771064765439518851e-01 -7.178622804921440392e-02
-4.745537270883899428e-01 -7.238610692414375325e-02
-4.720347593360913474e-01 -7.298122808035692466e-02
-4.695487983675152854e-01 -7.357167924353780197e-02
-4.670950938854344092e-01 -7.415754571097432635e-02
-4.646729183521235429e-01 -7.473891030342821873e-02
-4.622815674811074915e-01 -7.531585367759677241e-02
-4.599203589856398211e-01 -7.588845435727711863e-02
-4.575886315710925856e-01 -7.645678878987562099e-02
-4.552857433586404712e-01 -7.702093129432732721e-02
-4.530110721619415304e-01 -7.758095430683743798e-02
-4.507640145550655397e-01 -7.813692842074691780e-02
-4.485439850821768548e-01 -7.868892243979579149e-02
-4.463504149592982806e-01 -7.923700333150533737e-02
-4.441827521734919015e-01 -7.978123641545709077e-02
-4.420404608005419900e-01 -8.032168541098784476e-02
-4.399230203366413239e-01 -8.085841247906998264e-02
-4.378299244724488393e-01 -8.139147815230576843e-02
-4.357606814114337590e-01 -8.192094153998513706e-02
-4.337148133445937748e-01 -8.244686037693915726e-02
-4.316918559250494947e-01 -8.296929106592228209e-02
-4.296913578957833324e-01 -8.348828874328786953e-02
-4.277128796602508998e-01 -8.400390713250642516e-02
-4.257559927556105461e-01 -8.451619855896232159e-02
-4.238202810090858641e-01 -8.502521429588781599e-02
-4.219053394520670963e-01 -8.553100447049756527e-02
-4.200107740010239343e-01 -8.603361811360422939e-02
-4.181362009850789208e-01 -8.653310317360242421e-02
-4.162812458037931651e-01 -8.702950634275877229e-02
-4.144455439576358868e-01 -8.752287336766133297e-02
-4.126287404913768775e-01 -8.801324903435167601e-02
-4.108304896058723732e-01 -8.850067718279377993e-02
-4.090504544120279196e-01 -8.898520074746259223e-02
-4.072883060317468162e-01 -8.946686165148146075e-02
-4.055437235559897768e-01 -8.994570087951787862e-02
-4.038163943635621478e-01 -9.042175863102633326e-02
-4.021060135785741174e-01 -9.089507428297211034e-02
-4.004122838618108249e-01 -9.136568642193423906e-02
-3.987349150741472115e-01 -9.183363284418255557e-02
-3.970736235570284656e-01 -9.229895046254286972e-02
-3.954281326983471456e-01 -9.276167550567815390e-02
-3.937981725287801327e-01 -9.322184349521030200e-02
-3.921834795001875595e-01 -9.367948926125507780e-02
-3.905837963139264235e-01 -9.413464696724303804e-02
-3.889988713700784917e-01 -9.458735004045316919e-02
-3.874284588368685500e-01 -9.503763124768495330e-02
-3.858723186742930022e-01 -9.548552276058208665e-02
-3.843302163481804867e-01 -9.593105614408393989e-02
-3.828019226890380100e-01 -9.637426237773005777e-02
-3.812872136517058697e-01 -9.681517185004352710e-02
-3.797858699377777425e-01 -9.725381431474913740e-02
-3.782976772810466848e-01 -9.769021901340101122e-02
-3.768224261762846972e-01 -9.812441465683464925e-02
-3.753599117442044664e-01 -9.855642943894211971e-02
-3.739099336031974086e-01 -9.898629105056844235e-02
-3.724722954170964773e-01 -9.941402660534987001e-02
-3.710468051342610818e-01 -9.983966274575591104e-02
-3.696332749344952706e-01 -1.002632256730687926e-01
-3.682315210323821586e-01 -1.006847411374877793e-01
-3.668413635870981238e-01 -1.011042344550895228e-01
-3.654626266187069872e-01 -1.015217305254819125e-01
-3.640951379308651759e-01 -1.019372538502310854e-01
-3.627387284427641689e-01 -1.023508283836584709e-01
-3.613932322831472366e-01 -1.027624775916318872e-01
-3.600584873763489346e-01 -1.031722246526307063e-01
-3.587343349713751905e-01 -1.035800923614000890e-01
-3.574206195675194153e-01 -1.039861031418472387e-01
-3.561171888446863498e-01 -1.043902790603999514e-01
-3.548238935984060483e-01 -1.047926418398964915e-01
-3.535405874687844729e-01 -1.051932128113681336e-01
-3.522671265891214043e-01 -1.055920128382161344e-01
-3.510033702344602102e-01 -1.059890625377244988e-01
-3.497491804649000557e-01 -1.063843822054616473e-01
-3.485044220482244604e-01 -1.067779918205916112e-01
-3.472689624030982358e-01 -1.071699110565616786e-01
-3.460426715457978197e-01 -1.075601592921907740e-01
-3.448254219696118006e-01 -1.079487556010253618e-01
-3.436170882153423700e-01 -1.083357186417523293e-01
-3.424175473868157904e-01 -1.087210668429691857e-01
-3.412266789594670113e-01 -1.091048183688631545e-01
-3.400443646781025619e-01 -1.094869911110972066e-01
-3.388704885096213149e-01 -1.098676026971950048e-01
-3.377049365983740836e-01 -1.102466704992048213e-01
-3.365475972114477243e-01 -1.106242116384998780e-01
-3.353983604168739308e-01 -1.110002429015040509e-01
-3.342571183277145419e-01 -1.113747808396725186e-01
-3.331237650938992934e-01 -1.117478417881921093e-01
-3.319981967812020152e-01 -1.121194418465059905e-01
-3.308803113319237488e-01 -1.124895968850246897e-01
-3.297700085275847570e-01 -1.128583225520390781e-01
-3.286671899535849040e-01 -1.132256342808480865e-01
-3.275717588107986411e-01 -1.135915472433732393e-01
-3.264836199312335929e-01 -1.139560763724759285e-01
-3.254026799078332255e-01 -1.143192364246264636e-01
-3.243288469615723257e-01 -1.146810419514946305e-01
-3.232620309086814414e-01 -1.150415073054016357e-01
-3.222021431294257443e-01 -1.154006466449202101e-01
-3.211490965384322660e-01 -1.157584739406448682e-01
-3.201028054928013455e-01 -1.161150029580278187e-01
-3.190631856810869915e-01 -1.164702472320048726e-01
-3.180301543035927714e-01 -1.168242201471383079e-01
-3.170036299567168814e-01 -1.171769349108875424e-01
-3.159835326007696121e-01 -1.175284045563692870e-01
-3.149697835336936480e-01 -1.178786419469190216e-01
-3.139623053659888474e-01 -1.182276597807774277e-01
-3.129610219651185465e-01 -1.185754705839037887e-01
-3.119658582821953074e-01 -1.189220866571750607e-01
-3.109767405894924286e-01 -1.192675201787663647e-01
-3.099935963829039132e-01 -1.196117831805927484e-01
-3.090163543373001254e-01 -1.199548875439599288e-01
-3.080449442859420905e-01 -1.202968450040206999e-01
-3.070792972009597777e-01 -1.206376671543942097e-01
-3.061193451748895900e-01 -1.209773654519634284e-01
-3.051650214032681219e-01 -1.213159512218655728e-01
-3.042162601682752432e-01 -1.216534356626915031e-01
-3.032729966178042691e-01 -1.219898297691975608e-01
-3.023351666662723591e-01 -1.223251443011836026e-01
-3.014027074792916538e-01 -1.226593899885958655e-01
-3.004755572028053323e-01 -1.229925774342620487e-01
-2.995536549406010995e-01 -1.233247171150778504e-01
-2.986369407379605989e-01 -1.236558193854437604e-01
-2.977253555660752116e-01 -1.239858944808187313e-01
-2.968188413072292420e-01 -1.243149525214008039e-01
-2.959173407407441614e-01 -1.246430035159459132e-01
-2.950207975241612157e-01 -1.249700573633976131e-01
-2.941291559411273737e-01 -1.252961237548929629e-01
-2.932423611286483212e-01 -1.256212122775263451e-01
-2.923603591343014729e-01 -1.259453324481490943e-01
-2.914830968059604066e-01 -1.262684936754684684e-01
-2.906105217783568340e-01 -1.265907052627666951e-01
-2.897425824602173905e-01 -1.269119764107052573e-01
-2.888792280219766861e-01 -1.272323162202208813e-01
-2.880204083840627871e-01 -1.275517336955231118e-01
-2.871660742057520199e-01 -1.278702377472006046e-01
-2.863161768395292572e-01 -1.281878371797468275e-01
-2.854706681455677630e-01 -1.285045406154772252e-01
-2.846295007795490162e-01 -1.288203566299820635e-01
-2.837926280976224014e-01 -1.291352937175986038e-01
-2.829600041175946989e-01 -1.294493602812405442e-01
-2.821315835081336099e-01 -1.297625646345675898e-01
-2.813073215784012149e-01 -1.300749150042168900e-01
-2.804871742681133706e-01 -1.303864195321032260e-01
-2.796710981380252092e-01 -1.306970862777938336e-01
-2.788590503608394111e-01 -1.310069232209631618e-01
-2.780509886433400468e-01 -1.313159382312563128e-01
-2.772468711846802214e-01 -1.316241390541784684e-01
-2.764466568434141847e-01 -1.319315333960020820e-01
-2.756503050405024746e-01 -1.322381288845229097e-01
-2.748577757481533435e-01 -1.325439330697841533e-01
-2.740690294811031769e-01 -1.328489534258364968e-01
-2.732840272882224308e-01 -1.331531973525461876e-01
-2.725027307444432001e-01 -1.334566721774554654e-01
-2.717251019430101944e-01 -1.337593851576998338e-01
-2.709511034861645240e-01 -1.340613434810545013e-01
-2.701806983868539347e-01 -1.343625542226118685e-01
-2.694138501507873373e-01 -1.346630243901296986e-01
-2.686505227989711142e-01 -1.349627609407401119e-01
-2.678906808223128766e-01 -1.352617707637223388e-01
-2.671342891742896075e-01 -1.355600606819195586e-01
-2.663813132638661041e-01 -1.358576374531897113e-01
-2.656317189486612218e-01 -1.361545077718945840e-01
-2.648854725283634748e-01 -1.364506782704294763e-01
-2.641425407383922730e-01 -1.367461555207976909e-01
-2.634028907312305767e-01 -1.370409460296914128e-01
-2.626664900042376960e-01 -1.373350562053188839e-01
-2.619333065047595444e-01 -1.376284924162879120e-01
-2.612033085936348864e-01 -1.379212609773636800e-01
-2.604764650282629934e-01 -1.382133681450587182e-01
-2.597527449566027768e-01 -1.385048201188048833e-01
-2.590321179113626027e-01 -1.387956230421522885e-01
-2.583145538043849498e-01 -1.390857830039973486e-01
-2.576000229212213055e-01 -1.393753060398429944e-01
-2.568884959158975745e-01 -1.396641981330938864e-01
-2.561799437652883538e-01 -1.399524651942193054e-01
-2.554743377491255907e-01 -1.402401130532838491e-01
-2.547716495538803749e-01 -1.405271475204984688e-01
-2.540718512106070470e-01 -1.408135743564124520e-01
-2.533749150886568935e-01 -1.410993992722476276e-01
-2.526808138910516255e-01 -1.413846279310775333e-01
-2.519895206500262774e-01 -1.416692659490436657e-01
-2.513010087227391942e-01 -1.419533188966099202e-01
-2.506152517871487184e-01 -1.422367922998583889e-01
-2.499322238380566608e-01 -1.425196916418284276e-01
-2.492518991833136410e-01 -1.428020223639022979e-01
-2.485742524401924336e-01 -1.430837898672379371e-01
-2.478992585319202135e-01 -1.433649995142533273e-01
-2.472268925770114978e-01 -1.436456565677824149e-01
-2.465571298823876212e-01 -1.439257661890288031e-01
-2.458899461696990307e-01 -1.442053335721768526e-01
-2.452253174411785641e-01 -1.444843638703262600e-01
-2.445632199741317181e-01 -1.447628621953957195e-01
-2.439036303172324449e-01 -1.450408336190239234e-01
-2.432465252869379368e-01 -1.453182831734948499e-01
-2.425918819640263679e-01 -1.455952158526906959e-01
-2.419396776902532353e-01 -1.458716366130728970e-01
-2.412898900651272716e-01 -1.461475503746936799e-01
-2.406424969428048732e-01 -1.464229620222396167e-01
-2.399974764291021301e-01 -1.466978764061088736e-01
-2.393548068786244265e-01 -1.469722983435236552e-01
-2.387144668147763438e-01 -1.472462325720394205e-01
-2.380764349469591534e-01 -1.475196837619421053e-01
-2.374406902963633603e-01 -1.477926565965352601e-01
-2.368072121135074426e-01 -1.480651557243475303e-01
-2.361759798748672978e-01 -1.483371857596395560e-01
-2.355469732799320426e-01 -1.486087512831351654e-01
-2.349201722483509336e-01 -1.488798568427719682e-01
-2.342955569171675245e-01 -1.491505069544732109e-01
-2.336731076381465266e-01 -1.494207061029402817e-01
-2.330528049751857678e-01 -1.496904587424698341e-01
-2.324346297018184959e-01 -1.499597692977946151e-01
-2.318185627988021136e-01 -1.502286421649501602e-01
-2.312045854517943977e-01 -1.504970817121687177e-01
-2.305926789835692214e-01 -1.507650922379461800e-01
-2.299828248853360568e-01 -1.510326779930252772e-01
-2.293750048959917187e-01 -1.512998432345455391e-01
-2.287692009437133911e-01 -1.515665921903850411e-01
-2.281653951434923777e-01 -1.518329290597208725e-01
-2.275635697947455960e-01 -1.520988580136098112e-01
-2.269637073789936010e-01 -1.523643831955830696e-01
-2.263657905576051677e-01 -1.526295087222557245e-01
-2.257698021696073754e-01 -1.528942386839520495e-01
-2.251757252295627509e-01 -1.531585771453472244e-01
-2.245835429255083615e-01 -1.534225281461277235e-01
-2.239932386169638523e-01 -1.536860957016685236e-01
-2.234047958329380412e-01 -1.539492838036892464e-01
-2.228181982198207678e-01 -1.542120963861979555e-01
-2.222334295760334255e-01 -1.544745373508145947e-01
-2.216504738946334374e-01 -1.547366105982773965e-01
-2.210693153261534538e-01 -1.549983200048040410e-01
-2.204899381766012856e-01 -1.552596694225517326e-01
-2.199123269055111296e-01 -1.555206626800864078e-01
-2.193364661240434221e-01 -1.557813035828624904e-01
-2.187623405931359011e-01 -1.560415959137132769e-01
-2.181899352217041566e-01 -1.563015434333532017e-01
-2.176192350648908924e-01 -1.565611498808925917e-01
-2.170502253223647038e-01 -1.568204189743651056e-01
-2.164828913366668162e-01 -1.570793544112692730e-01
-2.159172185913677267e-01 -1.573379598689497172e-01
-2.153531926715537004e-01 -1.575962389773881422e-01
-2.147907992963391521e-01 -1.578541953441974788e-01
-2.142300243404588744e-01 -1.581118325721715401e-01
-2.136708538104798716e-01 -1.583691542436147792e-01
-2.131132738431651408e-01 -1.586261639207240948e-01
-2.125572707038762277e-01 -1.588828651459783525e-01
-2.120028307850149452e-01 -1.591392614425353180e-01
-2.114499406045009522e-01 -1.593953563146377483e-01
-2.108985868042909384e-01 -1.596511532480274775e-01
-2.103487561489318092e-01 -1.599066557103699660e-01
-2.098004355241533392e-01 -1.601618671516880921e-01
-2.092536119354976576e-01 -1.604167910048072965e-01
-2.087082725065396716e-01 -1.606714306854681029e-01
-2.081644044476194111e-01 -1.609257895696171725e-01
-2.076219950857082219e-01 -1.611798710175583460e-01
-2.070810318748157186e-01 -1.614336783835203237e-01
-2.065415023798482519e-01 -1.616872150046562151e-01
-2.060033942752567404e-01 -1.619404842013615620e-01
-2.054666953437145061e-01 -1.621934892775985515e-01
-2.049313934748234201e-01 -1.624462335212257247e-01
-2.043974766638504692e-01 -1.626987202043341241e-01
-2.038649330104927715e-01 -1.629509525835906858e-01
-2.033337507176724013e-01 -1.632029339005879598e-01
-2.028039180903579430e-01 -1.634546673822027119e-01
-2.022754235344174645e-01 -1.637061562409609650e-01
-2.017482555545522527e-01 -1.639574036746452024e-01
-2.012224027189406794e-01 -1.642084128386994968e-01
-2.006978537015789987e-01 -1.644591868815944991e-01
-2.001745972868538004e-01 -1.647097289499797335e-01
-1.996526223531792932e-01 -1.649600421766418967e-01
-1.991319178719276883e-01 -1.652101296808269337e-01
-1.986124729063861727e-01 -1.654599945685694962e-01
-1.980942766107377795e-01 -1.657096399330308112e-01
-1.975773182290680163e-01 -1.659590688548436832e-01
-1.970615870943963344e-01 -1.662082844024670991e-01
-1.965470726277314117e-01 -1.664572896325483831e-01
-1.960337643371519445e-01 -1.667060875902960093e-01
-1.955216518169100304e-01 -1.669546813098605198e-01
-1.950107247465606430e-01 -1.672030738147262940e-01
-1.945009728901119228e-01 -1.674512681181133666e-01
-1.939923860952022794e-01 -1.676992672233893755e-01
-1.934849542922980337e-01 -1.679470741244930843e-01
-1.929786674939154567e-01 -1.681946918063685903e-01
-1.924735157554984810e-01 -1.684421232118347156e-01
-1.919694891530794312e-01 -1.686893712223692943e-01
-1.914665779067405982e-01 -1.689364387670548306e-01
-1.909647723148141241e-01 -1.691833287665246155e-01
-1.904640627504183836e-01 -1.694300441309468386e-01
-1.899644396606105234e-01 -1.696765877602818273e-01
-1.894658935655577359e-01 -1.699229625445430603e-01
-1.889684150577265465e-01 -1.701691713640646197e-01
-1.884719948010893653e-01 -1.704152170897737240e-01
-1.879766235303488853e-01 -1.706611025834698370e-01
-1.874822920501795775e-01 -1.709068306981098295e-01
-1.869889912344872007e-01 -1.711524042780994959e-01
-1.864967120256838529e-01 -1.713978261595923702e-01
-1.860054454339818419e-01 -1.716430991707949827e-01
-1.855151825367027940e-01 -1.718882261322797200e-01
-1.850259144776043307e-01 -1.721332098573052916e-01
-1.845376324662226786e-01 -1.723780531521444670e-01
-1.840503277718050223e-01 -1.726227588113307121e-01
-1.835639916728672993e-01 -1.728673295709838298e-01
-1.830786155405113580e-01 -1.731117681874619618e-01
-1.825941908202656783e-01 -1.733560774215864575e-01
-1.821107090181443566e-01 -1.736002600264847928e-01
-1.816281616999622650e-01 -1.738443187478048435e-01
-1.811465404906627552e-01 -1.740882563239340153e-01
-1.806658370736585473e-01 -1.743320754862222044e-01
-1.801860431901858017e-01 -1.745757789592090603e-01
-1.797071506386707929e-01 -1.748193694608564941e-01
-1.792291512741096549e-01 -1.750628497027845176e-01
-1.787520370074602294e-01 -1.753062223905138828e-01
-1.782757998050468473e-01 -1.755494902237122179e-01
-1.778004316879774060e-01 -1.757926558964464647e-01
-1.773259247315727150e-01 -1.760357220974402004e-01
-1.768522710648077756e-01 -1.762786915103369823e-01
-1.763794628697651634e-01 -1.765215668139694105e-01
-1.759074923811009827e-01 -1.767643506826340194e-01
-1.754363518582492121e-01 -1.770070457588573953e-01
-1.749660336006033934e-01 -1.772496546690205677e-01
-1.744965299828009631e-01 -1.774921800598104060e-01
-1.740278334284438011e-01 -1.777346245726728613e-01
-1.735599364095160857e-01 -1.779769908439778614e-01
-1.730928314458279049e-01 -1.782192815052031643e-01
-1.726265111044693323e-01 -1.784614991831212361e-01
-1.721609679992721909e-01 -1.787036464999900709e-01
-1.716961947902838626e-01 -1.789457260737461197e-01
-1.712321841832478431e-01 -1.791877405182017158e-01
-1.707689289290948986e-01 -1.794296924432454976e-01
-1.703064218234430494e-01 -1.796715844550467456e-01
-1.698446557061066564e-01 -1.799134191562635210e-01
-1.693836234606139746e-01 -1.801551991462548574e-01
-1.689233180137341417e-01 -1.803969270212970599e-01
-1.684637323350127169e-01 -1.806386053748037790e-01
-1.680048594363155179e-01 -1.808802367975515524e-01
-1.675466923650640594e-01 -1.811218238710795014e-01
-1.670892241835730541e-01 -1.813633691458330643e-01
-1.666324480148675957e-01 -1.816048751912177073e-01
-1.661763570248119826e-01 -1.818463445771795195e-01
-1.657209444182839442e-01 -1.820877798707536688e-01
-1.652662034387074597e-01 -1.823291836362214979e-01
-1.648121273675906551e-01 -1.825705584352711186e-01
-1.643587095240732487e-01 -1.828119068271584213e-01
-1.639059432644786318e-01 -1.830532313688724155e-01
-1.634538219818738591e-01 -1.832945346153016242e-01
-1.630023391056362458e-01 -1.835358191194038646e-01
-1.625514881010264312e-01 -1.837770874323783610e-01
-1.621012624687681591e-01 -1.840183421038406597e-01
-1.616516557446344426e-01 -1.842595856820007372e-01
-1.612026614990406392e-01 -1.845008207138434386e-01
-1.607542733366430221e-01 -1.847420497453127475e-01
-1.603064848959443456e-01 -1.849832753214986636e-01
-1.598592898485909353e-01 -1.852244999864630648e-01
-1.594126818833029868e-01 -1.854657262651747685e-01
-1.589666547243135664e-01 -1.857069566853040699e-01
-1.585212021351770084e-01 -1.859481937823892206e-01
-1.580763179107124716e-01 -1.861894400911452696e-01
-1.576319958766065343e-01 -1.864306981456094747e-01
-1.571882298890237006e-01 -1.866719704792871859e-01
-1.567450138342195431e-01 -1.869132596253012257e-01
-1.563023416281604516e-01 -1.871545681165419361e-01
-1.558602072161478780e-01 -1.873958984858200838e-01
-1.554186045724476883e-01 -1.876372532660212644e-01
-1.549775276999245111e-01 -1.878786349902630826e-01
-1.545369706296806089e-01 -1.881200461920539690e-01
-1.540969274207001916e-01 -1.883614894054548017e-01
-1.536573921594977243e-01 -1.886029671652428019e-01
-1.532183589597713447e-01 -1.888444820070776242e-01
-1.527798219620609965e-01 -1.890860364676706373e-01
-1.523417753334107838e-01 -1.893276330849558153e-01
-1.519042131518579530e-01 -1.895692742545275755e-01
-1.514671298754457496e-01 -1.898109628149797778e-01
-1.510305195899907527e-01 -1.900527011111226849e-01
-1.505943765622870800e-01 -1.902944916832348954e-01
-1.501586950830551825e-01 -1.905363370724345307e-01
-1.497234694666592647e-01 -1.907782398208779928e-01
-1.492886940508237892e-01 -1.910202024719570568e-01
-1.488543631963497871e-01 -1.912622275704926322e-01
-1.484204712868298082e-01 -1.915043176629263877e-01
-1.479870127283633985e-01 -1.917464752975095721e-01
-1.475539819492700244e-01 -1.919887030244901427e-01
-1.471213733998040230e-01 -1.922310033962958686e-01
-1.466891815518663877e-01 -1.924733789677165741e-01
-1.462574008987175544e-01 -1.927158322960826065e-01
-1.458260259546891313e-01 -1.929583659414415286e-01
-1.453950512548951857e-01 -1.932009824667317577e-01
-1.449644713549428365e-01 -1.934436844379542331e-01
-1.445342808297795656e-01 -1.936864744231851510e-01
-1.441044742640554543e-01 -1.939293549801373029e-01
-1.436750462673228312e-01 -1.941723286769682366e-01
-1.432459914709505455e-01 -1.944153980887965705e-01
-1.428173045250798467e-01 -1.946585657941790060e-01
-1.423889800983253739e-01 -1.949018343752486615e-01
-1.419610128774762003e-01 -1.951452064178510748e-01
-1.415333975671965172e-01 -1.953886845116772353e-01
-1.411061288897267341e-01 -1.956322712503939243e-01
-1.406792015845828581e-01 -1.958759692317722512e-01
-1.402526104082578162e-01 -1.961197810578123313e-01
-1.398263501339207793e-01 -1.963637093348664098e-01
-1.394004155511173737e-01 -1.966077566737586824e-01
-1.389748014654693664e-01 -1.968519256899030900e-01
-1.385495026983745437e-01 -1.970962190034178663e-01
-1.381245140867059795e-01 -1.973406392392380304e-01
-1.376998304825118591e-01 -1.975851890272249944e-01
-1.372754467523745470e-01 -1.978298710017830087e-01
-1.368513577730120778e-01 -1.980746877960225527e-01
-1.364275584376137829e-01 -1.983196420513686220e-01
-1.360040436544879550e-01 -1.985647364161926554e-01
-1.355808083454999868e-01 -1.988099735440954918e-01
-1.351578474457689194e-01 -1.990553560939926914e-01
-1.347351559033640456e-01 -1.993008867301982456e-01
-1.343127286790022912e-01 -1.995465681225049026e-01
-1.338905607457447078e-01 -1.997924029462623818e-01
-1.334686470886938259e-01 -2.000383938824526198e-01
-1.330469827046912579e-01 -2.002845436177626559e-01
-1.326255626020150236e-01 -2.005308548446547712e-01
-1.322043818000775417e-01 -2.007773302614340172e-01
-1.317834353291233440e-01 -2.010239725723132753e-01
-1.313627182299280383e-01 -2.012707844874754570e-01
-1.309422255534955504e-01 -2.015177687231337333e-01
-1.305219523607584475e-01 -2.017649280015881563e-01
nan nan
nan nan
nan nan
nan nan
nan nan
nan nan
nan nan
nan nan
nan nan
nan nan
nan nan
nan nan
nan nan
nan nan
nan nan
nan nan
nan nan
nan nan
nan nan
nan nan
nan nan
nan nan
nan nan
nan nan
nan nan
nan nan
nan nan
nan nan
nan nan
nan nan
-1.167442716625929910e-01 -2.100377138837816182e-01
-1.163285822040111411e-01 -2.102925070145436059e-01
-1.159129440904708985e-01 -2.105475761466816254e-01
-1.154973525977048832e-01 -2.108029243602294323e-01
-1.150818030021528438e-01 -2.110585547468444290e-01
-1.146662905807685068e-01 -2.113144704100473892e-01
-1.142508106108265642e-01 -2.115706744654597682e-01
-1.138353583697245541e-01 -2.118271700410410407e-01
-1.134199291347842697e-01 -2.120839602773247901e-01
-1.130045181830497264e-01 -2.123410483276534921e-01
-1.125891207910831859e-01 -2.125984373584126619e-01
-1.121737322347590576e-01 -2.128561305492633893e-01
-1.117583477890540522e-01 -2.131141310933747646e-01
-1.113429627278372802e-01 -2.133724421976539443e-01
-1.109275723236551880e-01 -2.136310670829765224e-01
-1.105121718475169240e-01 -2.138900089844143482e-01
-1.100967565686749167e-01 -2.141492711514634550e-01
-1.096813217554070824e-01 -2.144088568502296732e-01
-1.092658626755887985e-01 -2.146687693652653550e-01
-1.088503745911894027e-01 -2.149290119894615436e-01
-1.084348527613573088e-01 -2.151895880306727016e-01
-1.080192924424561995e-01 -2.154505008124634469e-01
-1.076036888878284248e-01 -2.157117536743216324e-01
-1.071880373475536524e-01 -2.159733499718712313e-01
-1.067723330682067567e-01 -2.162352930770831683e-01
-1.063565712926129170e-01 -2.164975863784850130e-01
-1.059407472596004818e-01 -2.167602332813697019e-01
-1.055248562037522653e-01 -2.170232372080020955e-01
-1.051088933551528187e-01 -2.172866015978254517e-01
-1.046928539391362573e-01 -2.175503299076648189e-01
-1.042767331760286742e-01 -2.178144256119309286e-01
-1.038605262808914714e-01 -2.180788922028207844e-01
-1.034442284632598463e-01 -2.183437331905184464e-01
-1.030278349268806681e-01 -2.186089521033934280e-01
-1.026113408713909825e-01 -2.188745524923431940e-01
-1.021947414939427812e-01 -2.191405379351555882e-01
-1.017780319779812287e-01 -2.194069120133113060e-01
-1.013612074996920881e-01 -2.196736783263376069e-01
-1.009442632283330116e-01 -2.199408404932891303e-01
-1.005271943259452294e-01 -2.202084021529235047e-01
-1.001099959470646839e-01 -2.204763669638739876e-01
-9.969266323843090083e-02 -2.207447386048211890e-01
-9.927519133869380785e-02 -2.210135207746627695e-01
-9.885757537811852569e-02 -2.212827171926816106e-01
-9.843981047828836983e-02 -2.215523315987121822e-01
-9.802189175180583969e-02 -2.218223677533052718e-01
-9.760381430199188690e-02 -2.220928294378908541e-01
-9.718557322258276898e-02 -2.223637204549392954e-01
-9.676716359742544571e-02 -2.226350446281209206e-01
-9.634858050017085229e-02 -2.229068058024636090e-01
-9.592981899396550716e-02 -2.231790078445083925e-01
-9.551087422942612648e-02 -2.234516548724068408e-01
-9.509174109627777094e-02 -2.237247504436864765e-01
-9.467241469665658993e-02 -2.239982986594983572e-01
-9.425289004889524092e-02 -2.242723034755310652e-01
-9.383316215994848275e-02 -2.245467688714424814e-01
-9.341322602508353445e-02 -2.248216988510768066e-01
-9.299307662756997606e-02 -2.250970974426871329e-01
-9.257270893837027392e-02 -2.253729686991632064e-01
-9.215211791582986200e-02 -2.256493166982646570e-01
-9.173129850536727858e-02 -2.259261455428592524e-01
-9.131024563916415038e-02 -2.262034593611668698e-01
-9.088895423585492683e-02 -2.264812623070081854e-01
-9.046741920021587890e-02 -2.267595585600596653e-01
-9.004563542285408395e-02 -2.270383523261130798e-01
-8.962359777989541143e-02 -2.273176478373408194e-01
-8.920130113267231431e-02 -2.275974493525665110e-01
-8.877874032741030208e-02 -2.278777611575414641e-01
-8.835591019491399745e-02 -2.281585875652258621e-01
-8.793280555445094626e-02 -2.284399329269844736e-01
-8.750942121098294335e-02 -2.287218016267997533e-01
-8.708575194459368396e-02 -2.290041980547499190e-01
-8.666179251888170287e-02 -2.292871266296842292e-01
-8.623753768078362691e-02 -2.295705917999256440e-01
-8.581298216022385794e-02 -2.298545980435312275e-01
-8.538812066976345094e-02 -2.301391498685596282e-01
-8.496294790424926968e-02 -2.304242518133455264e-01
-8.453745854046249009e-02 -2.307099084467813532e-01
-8.411164723676681221e-02 -2.309961243686057819e-01
-8.368550863275549256e-02 -2.312829042096997967e-01
-8.325903734889820995e-02 -2.315702526323893951e-01
-8.283222798618668226e-02 -2.318581743307559229e-01
-8.240507512577965876e-02 -2.321466740309532095e-01
-8.197757332864614999e-02 -2.324357564915321972e-01
-8.154971713520804688e-02 -2.327254265037725367e-01
-8.112150106498118574e-02 -2.330156888920215108e-01
-8.069291961782361355e-02 -2.333065485186923693e-01
-8.026396728179473194e-02 -2.335980103086972293e-01
-7.983463851050903726e-02 -2.338900791854807981e-01
-7.940492773271605464e-02 -2.341827600995286529e-01
-7.897482935494626322e-02 -2.344760580374414261e-01
-7.854433776109862042e-02 -2.347699780222315125e-01
-7.811344731202747582e-02 -2.350645251136294356e-01
-7.768215234512944323e-02 -2.353597044083998446e-01
-7.725044717392928750e-02 -2.356555210406675593e-01
-7.681832608766563097e-02 -2.359519801822530516e-01
-7.638578335087542470e-02 -2.362490870430177803e-01
-7.595281320297783689e-02 -2.365468468712192962e-01
-7.551940985785636495e-02 -2.368452649538762556e-01
-7.508556750344026753e-02 -2.371443466171432868e-01
-7.465128030128402592e-02 -2.374440972266954331e-01
-7.421654238614561194e-02 -2.377445221881226700e-01
-7.378134786556234115e-02 -2.380456269473344710e-01
-7.334569081943215219e-02 -2.383474169909959584e-01
-7.290956531021001996e-02 -2.386498978817294392e-01
-7.247296536732086847e-02 -2.389530752098437405e-01
-7.203588498050002287e-02 -2.392569545725840852e-01
-7.159831811076955432e-02 -2.395615416114679208e-01
-7.116025868994403647e-02 -2.398668420126277567e-01
-7.072170062013631575e-02 -2.401728615071670181e-01
-7.028263777326247685e-02 -2.404796058715294171e-01
-6.984306399054633629e-02 -2.407870809278817859e-01
-6.940297308202296456e-02 -2.410952925445099537e-01
-6.896235882604112577e-02 -2.414042466362281980e-01
-6.852121496876406592e-02 -2.417139491648025162e-01
-6.807953522366905208e-02 -2.420244061393866664e-01
-6.763731327104491320e-02 -2.423356236169721400e-01
-6.719454275748788785e-02 -2.426476077028516531e-01
-6.675121729539466864e-02 -2.429603645510958476e-01
-6.630733046245351758e-02 -2.432739003650439547e-01
-6.586287580113242557e-02 -2.435882213978075306e-01
-6.541784682285819996e-02 -2.439033339702872394e-01
-6.497223701340545943e-02 -2.442192444946216234e-01
-6.452603980263317551e-02 -2.445359593636754481e-01
-6.407924858197341922e-02 -2.448534850174992061e-01
-6.363185670577593822e-02 -2.451718279509202958e-01
-6.318385749070939972e-02 -2.454909947139692628e-01
-6.273524421516218919e-02 -2.458109919123235287e-01
-6.228601011864205728e-02 -2.461318262077698826e-01
-6.183614840117380995e-02 -2.464535043186849295e-01
-6.138565222269577043e-02 -2.467760330205338026e-01
-6.093451470245390272e-02 -2.470994191463872225e-01
-6.048272891839381882e-02 -2.474236695874565128e-01
-6.003028790654982294e-02 -2.477487912936477410e-01
-5.957718466043133987e-02 -2.480747912741331773e-01
-5.912341213040596399e-02 -2.484016765979417951e-01
-5.866896322307923323e-02 -2.487294543945677006e-01
-5.821383080067016325e-02 -2.490581318545972977e-01
-5.775800768116101658e-02 -2.493877162337134745e-01
-5.730148665684868525e-02 -2.497182149371194038e-01
-5.684426045621147200e-02 -2.500496353593671950e-01
-5.638632175036779187e-02 -2.503819849130955455e-01
-5.592766316393295994e-02 -2.507152710791384354e-01
-5.546827727426972832e-02 -2.510495014070074915e-01
-5.500815661073846924e-02 -2.513846835154003867e-01
-5.454729365394533902e-02 -2.517208250927350233e-01
-5.408568083498933865e-02 -2.520579338977089745e-01
-5.362331053470691111e-02 -2.523960177598854049e-01
-5.316017508291443622e-02 -2.527350845803039703e-01
-5.269626675764706170e-02 -2.530751423321180305e-01
-5.223157778439490445e-02 -2.534161990612576187e-01
-5.176610033533515787e-02 -2.537582628871181134e-01
-5.129982652856026476e-02 -2.541013420032746106e-01
-5.083274842730110127e-02 -2.544454446782227208e-01
-5.036485803914571985e-02 -2.547905792561446225e-01
-4.989614731525228442e-02 -2.551367541577013176e-01
-4.942660815328726864e-02 -2.554839779001338851e-01
-4.895623239502727014e-02 -2.558322590908106986e-01
-4.848501181504364516e-02 -2.561816063732280102e-01
-4.801293812844135978e-02 -2.565320284711890553e-01
-4.754000299023600912e-02 -2.568835341908116687e-01
-4.706619799449066055e-02 -2.572361324213707778e-01
-4.659151467344697234e-02 -2.575898321361684284e-01
-4.611594449664912360e-02 -2.579446423934340649e-01
-4.563947887006100657e-02 -2.583005723372529538e-01
-4.516210913517498815e-02 -2.586576311985235854e-01
-4.468382656811321907e-02 -2.590158282959442726e-01
-4.420462237871992939e-02 -2.593751730370282282e-01
-4.372448770964502268e-02 -2.597356749191477299e-01
-4.324341363846733594e-02 -2.600973435489501440e-01
-4.276139117414112095e-02 -2.604601886286795898e-01
-4.227841124971584708e-02 -2.608242199184597210e-01
-4.179446472768449938e-02 -2.611894472745672768e-01
-4.130954239904788272e-02 -2.615558806509499234e-01
-4.082363498227770116e-02 -2.619235301002268423e-01
-4.033673312227189361e-02 -2.622924057747273996e-01
-3.984882738930065754e-02 -2.626625179275675070e-01
-3.935990827794376423e-02 -2.630338769137637867e-01
-3.886996620601755603e-02 -2.634064931913849272e-01
-3.837899151349189603e-02 -2.637803773227413995e-01
-3.788697446139538405e-02 -2.641555399756123079e-01
-3.739390523070947742e-02 -2.645319919245098794e-01
-3.689977392501907899e-02 -2.649097440790400548e-01
-3.640457056517165668e-02 -2.652888074566005505e-01
-3.590828508249546691e-02 -2.656691931419309372e-01
-3.541090732424530263e-02 -2.660509123347788996e-01
-3.491242705239903932e-02 -2.664339763513492443e-01
-3.441283394240319399e-02 -2.668183966255079365e-01
-3.391211758190711828e-02 -2.672041847100366518e-01
-3.341026746948629750e-02 -2.675913522779350684e-01
-3.290727301335306942e-02 -2.679799111237739506e-01
-3.240312353005469354e-02 -2.683698731650965841e-01
-3.189780824315701507e-02 -2.687612504438698369e-01
-3.139131628191414031e-02 -2.691540551279844595e-01
-3.088363667992247846e-02 -2.695482995128039017e-01
-3.037475837851984911e-02 -2.699439960650727999e-01
-2.986467021900089669e-02 -2.703411573705112314e-01
-2.935336093655047107e-02 -2.707397960913192070e-01
-2.884081916581201013e-02 -2.711399250281805173e-01
-2.832703343937336901e-02 -2.715415571217134061e-01
-2.781199218623045880e-02 -2.719447054539111952e-01
-2.729568373023758682e-02 -2.723493832496503009e-01
-2.677809628854230586e-02 -2.727556038782628645e-01
-2.625921797000471333e-02 -2.731633808551756637e-01
-2.573903677359896253e-02 -2.735727278436143606e-01
-2.521754058679742325e-02 -2.739836586563736964e-01
-2.469471718393524348e-02 -2.743961872576522465e-01
-2.417055422455643629e-02 -2.748103277649669440e-01
-2.364503925743653354e-02 -2.752260945174621054e-01
-2.311815971003590084e-02 -2.756435019805172359e-01
-2.258990288381520356e-02 -2.760625647077580291e-01
-2.206025595938989822e-02 -2.764832974206005156e-01
-2.152920599464865775e-02 -2.769057150098819808e-01
-2.099673992285525786e-02 -2.773298325375819218e-01
-2.046284455073214825e-02 -2.777556652386315994e-01
-1.992750655652369626e-02 -2.781832285228137969e-01
-1.939071248803890882e-02 -2.786125379767510069e-01
-1.885244876067125250e-02 -2.790436093659824368e-01
-1.831270165539502712e-02 -2.794764586371306092e-01
-1.777145731673577742e-02 -2.799111019201562800e-01
-1.722870175073891105e-02 -2.803475555310948608e-01
-1.668442082839674545e-02 -2.807858360673011200e-01
-1.613860027390654969e-02 -2.812259602586942853e-01
-1.559122566180913896e-02 -2.816679449467371921e-01
-1.504228242042988939e-02 -2.821118071768966562e-01
-1.449175582954725580e-02 -2.825575642006544208e-01
-1.393963101803788636e-02 -2.830052334776383960e-01
-1.338589296149550120e-02 -2.834548326778731364e-01
-1.283052647982295055e-02 -2.839063796841502230e-01
-1.227351623479464721e-02 -2.843598925945182709e-01
-1.171484672758822329e-02 -2.848153897248918986e-01
-1.115450229628265309e-02 -2.852728896117801560e-01
-1.059246711332222264e-02 -2.857324110151338026e-01
-1.002872518301149533e-02 -2.861939729232516605e-01
-9.463260343840752126e-03 -2.866575947059971652e-01
-8.896056256042709012e-03 -2.871232958517771494e-01
-8.327096400164414602e-03 -2.875910959745591189e-01
-7.756364078757674828e-03 -2.880610149401576781e-01
-7.183842413440322087e-03 -2.885330728685961410e-01
-6.609514341925009501e-03 -2.890072901366366187e-01
-6.033362615014249176e-03 -2.894836873804760291e-01
-5.455369793558140050e-03 -2.899622854986101395e-01
-4.875518245372996787e-03 -2.904431056548638646e-01
-4.293790142117310561e-03 -2.909261692815879319e-01
-3.710167456123788805e-03 -2.914114980830220247e-01
-3.124631957183897791e-03 -2.918991140388230709e-01
-2.537165209297883792e-03 -2.923890394094581513e-01
-1.947748567772362343e-03 -2.928812968050749088e-01
-1.356363174598518772e-03 -2.933759090653554891e-01
-7.629899556492634408e-04 -2.938728992806657336e-01
-1.676096176270545760e-04 -2.943722908421237960e-01
4.297973555398702686e-04 -2.948741074456115996e-01
1.029250706359381142e-03 -2.953783730959712028e-01
1.630770407499338229e-03 -2.958851121113840743e-01
2.234376665575517600e-03 -2.963943491279358300e-01
2.840089925007450045e-03 -2.969061091043621037e-01
3.447930872083883932e-03 -2.974204173390662120e-01
4.057920439543866165e-03 -2.979372995090271981e-01
4.670079809148817984e-03 -2.984567815493459619e-01
5.284430416330432485e-03 -2.989788897325521555e-01
5.900993954622512326e-03 -2.995036506873940407e-01
6.519792380029662202e-03 -3.000310914036941057e-01
7.140847915473090210e-03 -3.005612392374416020e-01
7.764183055315892514e-03 -3.010941219161245019e-01
8.389820569972478159e-03 -3.016297675442980997e-01
9.017783510605038855e-03 -3.021682046093909779e-01
9.648095215254259491e-03 -3.027094620298692584e-01
1.028077931299567656e-02 -3.032535691274981238e-01
1.091585972540052782e-02 -3.038005555335940855e-01
1.155336067449347012e-02 -3.043504512961462405e-01
1.219330668805465069e-02 -3.049032868875468094e-01
1.283572260495448661e-02 -3.054590932105309409e-01
1.348063358058963074e-02 -3.060179016044263789e-01
1.412806509242414167e-02 -3.065797438517141593e-01
1.477804294564156670e-02 -3.071446521848965050e-01
1.543059327902832935e-02 -3.077126592960062190e-01
1.608574257592304199e-02 -3.082837984406637810e-01
1.674351766065452010e-02 -3.088581032507446422e-01
1.740394570569255353e-02 -3.094356077778200320e-01
1.806705424164419330e-02 -3.100163465760542025e-01
1.873287116369420219e-02 -3.106003547090757655e-01
1.940142473817291907e-02 -3.111876677572601446e-01
2.007274360925876550e-02 -3.117783218254222000e-01
2.074685680582039060e-02 -3.123723535509176363e-01
2.142379374840560832e-02 -3.129698001121530293e-01
2.210358425850578873e-02 -3.135706992676203786e-01
2.278625857274901162e-02 -3.141750894560199070e-01
2.347184732718203201e-02 -3.147830094785459276e-01
2.416038157731030533e-02 -3.153944986983938104e-01
2.485189280853824720e-02 -3.160095970869108428e-01
2.554641294414970037e-02 -3.166283452319730296e-01
2.624397435345935184e-02 -3.172507843469168365e-01
2.694460986014454024e-02 -3.178769562800229931e-01
2.764835275076509696e-02 -3.185069035245524094e-01
2.835523678348039062e-02 -3.191406692293292657e-01
2.906529620642488154e-02 -3.197782973138866836e-01
2.977856576065250616e-02 -3.204198324020952060e-01
3.049508066491372557e-02 -3.210653195727906639e-01
3.121487664765521669e-02 -3.217148046283670459e-01
3.193798995730272317e-02 -3.223683341106216571e-01
3.266445737223779011e-02 -3.230259553113659088e-01
3.339431621101144471e-02 -3.236877162837751287e-01
3.412760434280445732e-02 -3.243536658544725060e-01
3.486436019814635745e-02 -3.250238536363460606e-01
3.560462278053114910e-02 -3.256983300478383248e-01
3.634843170787303152e-02 -3.263771465977405861e-01
3.709582716574627570e-02 -3.270603553610092473e-01
3.784684992653199187e-02 -3.277480090809199442e-01
3.860154138503875398e-02 -3.284401614004112679e-01
3.935994357077921696e-02 -3.291368668740776715e-01
4.012209916055631959e-02 -3.298381809811880561e-01
4.088805149137528239e-02 -3.305441601397271500e-01
4.165784457369610394e-02 -3.312548617214555180e-01
4.243152310504271635e-02 -3.319703440679853124e-01
4.320913248714675081e-02 -3.326906665322286738e-01
4.399071885099869322e-02 -3.334158895755688912e-01
4.477632903558279032e-02 -3.341460745100976459e-01
4.556601062273109987e-02 -3.348812836764066270e-01
4.635981195690844908e-02 -3.356215804960367977e-01
4.715778216113544058e-02 -3.363670294914095638e-01
4.795997115336578936e-02 -3.371176963068793220e-01
4.876642966404897556e-02 -3.378736477358411650e-01
4.957720926689555135e-02 -3.386349518353790056e-01
5.039236236487667359e-02 -3.394016777294606158e-01
5.121194222000658575e-02 -3.401738957188509271e-01
5.203600298138066210e-02 -3.409516773702879200e-01
5.286459970421525378e-02 -3.417350955399619528e-01
5.369778836946513534e-02 -3.425242243984417678e-01
5.453562590403972232e-02 -3.433191394570416777e-01
5.537817021819332886e-02 -3.441199176984803265e-01
5.622548019983419909e-02 -3.449266374328662788e-01
5.707761572686135404e-02 -3.457393782733724774e-01
5.793463771477389695e-02 -3.465582213243422194e-01
5.879660813957356125e-02 -3.473832492091327717e-01
5.966359006139985988e-02 -3.482145460997947972e-01
6.053564764893386990e-02 -3.490521977486228389e-01
6.141284621908913582e-02 -3.498962916041289395e-01
6.229525225735615956e-02 -3.507469168094680123e-01
6.318293339132809161e-02 -3.516041639399908325e-01
6.407595846755845259e-02 -3.524681253268877046e-01
6.497439758151687950e-02 -3.533388951032313541e-01
6.587832210621608064e-02 -3.542165692393050014e-01
6.678780472183541705e-02 -3.551012455803947976e-01
6.770291945660993072e-02 -3.559930239408399255e-01
6.862374174650524850e-02 -3.568920062891285938e-01
6.955034835601298093e-02 -3.577982962060277106e-01
7.048281748328817653e-02 -3.587119993151865471e-01
7.142122880743795310e-02 -3.596332233945934154e-01
7.236566352334546093e-02 -3.605620784183824479e-01
7.331620437780148047e-02 -3.614986766019486764e-01
7.427293571055702814e-02 -3.624431324677421795e-01
7.523594355524146349e-02 -3.633955631956378163e-01
7.620531553006305858e-02 -3.643560879463803026e-01
7.718114093603098413e-02 -3.653248282073560116e-01
7.816351084179216924e-02 -3.663019080545089623e-01
7.915251812643481211e-02 -3.672874542031737688e-01
8.014825752402923720e-02 -3.682815960632979668e-01
8.115082566996992264e-02 -3.692844657990357327e-01
8.216032123726906000e-02 -3.702961987896845608e-01
8.317684483859426325e-02 -3.713169330179439953e-01
8.420049903396387148e-02 -3.723468089592555930e-01
8.523138851304577768e-02 -3.733859702416156834e-01
8.626962014775144127e-02 -3.744345637051401110e-01
8.731530304716104973e-02 -3.754927394676519370e-01
8.836854861488088742e-02 -3.765606509963118631e-01
8.942947063274267472e-02 -3.776384552858566002e-01
9.049818531221641427e-02 -3.787263128913716526e-01
9.157481127563565915e-02 -3.798243876674089470e-01
9.265946970329290433e-02 -3.809328472020183654e-01
9.375228440598948332e-02 -3.820518629234299635e-01
9.485338190066273933e-02 -3.831816102127706403e-01
9.596289152149105328e-02 -3.843222686521820530e-01
9.708094539397106593e-02 -3.854740217152330395e-01
9.820767857373639831e-02 -3.866370571207659590e-01
9.934322915456518521e-02 -3.878115670476845467e-01
1.004877383535274366e-01 -3.889977482495324823e-01
1.016413506351847434e-01 -3.901958023123054953e-01
1.028042137581460236e-01 -3.914059356029048753e-01
1.039764788092299025e-01 -3.926283591722832811e-01
1.051583004010174377e-01 -3.938632892742467972e-01
1.063498367744537682e-01 -3.951109475053292130e-01
1.075512499167142755e-01 -3.963715609930888450e-01
1.087627057307359868e-01 -3.976453627631647558e-01
1.099843739451501351e-01 -3.989325911461338303e-01
1.112164283702519879e-01 -4.002334904563703000e-01
1.124590470562673999e-01 -4.015483112891058415e-01
1.137124124197457509e-01 -4.028773106894902867e-01
1.149767114656548850e-01 -4.042207526489873803e-01
1.162521357728153321e-01 -4.055789077519891261e-01
1.175388815779477153e-01 -4.069520531785443263e-01
1.188371501047948003e-01 -4.083404735476871550e-01
1.201471477155871548e-01 -4.097444611155280914e-01
1.214690861062756866e-01 -4.111643161111110389e-01
1.228031825550216227e-01 -4.126003472347118395e-01
1.241496597118884049e-01 -4.140528706023595129e-01
1.255087460763627261e-01 -4.155222110121956636e-01
1.268806762317417625e-01 -4.170087023549029492e-01
1.282656910389008420e-01 -4.185126878720312193e-01
1.296640380638177104e-01 -4.200345211585878591e-01
1.310759713394313297e-01 -4.215745649798101069e-01
1.325017516262702866e-01 -4.231331917291146771e-01
1.339416469549878919e-01 -4.247107847586382712e-01
1.353959328592980460e-01 -4.263077386769531518e-01
1.368648926603257543e-01 -4.279244597928966720e-01
1.383488177566183641e-01 -4.295613665562688643e-01
1.398480076555155827e-01 -4.312188891804530910e-01
1.413627704875579372e-01 -4.328974707574123615e-01
1.428934233575658019e-01 -4.345975678279019316e-01
1.444402927074335263e-01 -4.363196509613158636e-01
1.460037144356979844e-01 -4.380642045796439010e-01
1.475840344665709791e-01 -4.398317281252873134e-01
1.491816091684056989e-01 -4.416227367336074128e-01
1.507968058269673894e-01 -4.434377620369015505e-01
1.524300027322973150e-01 -4.452773518046833634e-01
1.540815898736192791e-01 -4.471420713595101737e-01
1.557519694628033136e-01 -4.490325044398068011e-01
1.574415565500977277e-01 -4.509492542898951295e-01
1.591507790688037327e-01 -4.528929430790891719e-01
1.608800786683216577e-01 -4.548642135685380672e-01
1.626299113918001638e-01 -4.568637302737353911e-01
1.644007484746963510e-01 -4.588921809161007337e-01
1.661930763382500897e-01 -4.609502755821680009e-01
1.680073975549074283e-01 -4.630387485890257171e-01
1.698442317682958280e-01 -4.651583601506221188e-01
1.717041166679622588e-01 -4.673098981259667939e-01
1.735876080639653929e-01 -4.694941772625624288e-01
1.754952808809574494e-01 -4.717120409342936416e-01
1.774277304195459593e-01 -4.739643635238757202e-01
1.793855735918188643e-01 -4.762520526435381485e-01
1.813694490626885369e-01 -4.785760483812965815e-01
1.833800181462146295e-01 -4.809373245486120996e-01
1.854179667214908289e-01 -4.833368925343504707e-01
1.874840064225071212e-01 -4.857758031318270553e-01
1.895788755436286777e-01 -4.882551475606868308e-01
1.917033400598502635e-01 -4.907760587387033913e-01
1.938581955281369618e-01 -4.933397147429235408e-01
1.960442684042694172e-01 -4.959473406614031132e-01
1.982624172620716663e-01 -4.986002101256080121e-01
2.005135350112074999e-01 -5.012996492766577106e-01
2.027985506401625837e-01 -5.040470394033046420e-01
2.051184304202880726e-01 -5.068438181464131054e-01
2.074741806561359869e-01 -5.096914844501434505e-01
2.098668500170135232e-01 -5.125916023083405548e-01
2.122975307098011744e-01 -5.155458015565728136e-01
2.147673618397012152e-01 -5.185557839078893672e-01
2.172775325367728716e-01 -5.216233282076231381e-01
2.198292831657625290e-01 -5.247502909206529509e-01
2.224239092861519385e-01 -5.279386131160294093e-01
2.250627657906132950e-01 -5.311903276222625925e-01
2.277472685216438697e-01 -5.345075600076770739e-01
2.304788985404249424e-01 -5.378925357011479225e-01
2.332592075867732095e-01 -5.413475896222451622e-01
2.360898207258379233e-01 -5.448751689798625453e-01
2.389724404896917398e-01 -5.484778393894040871e-01
2.419088537347169610e-01 -5.521582969663701990e-01
2.449009363705283437e-01 -5.559193751687867557e-01
2.479506585050924583e-01 -5.597640523314155736e-01
2.510600912146704333e-01 -5.636954625772699901e-01
2.542314130659650284e-01 -5.677169057944566610e-01
2.574669178694377059e-01 -5.718318599958517323e-01
2.607690221270715925e-01 -5.760439925745510781e-01
2.641402744532844737e-01 -5.803571755002545629e-01
2.675833640985949557e-01 -5.847754980331498764e-01
2.711011327769642376e-01 -5.893032861760074681e-01
2.746965829567459827e-01 -5.939451138210680714e-01
2.783728950287531756e-01 -5.987058325931530200e-01
2.821334333900457625e-01 -6.035905769901304119e-01
2.859817671341945977e-01 -6.086048003966643138e-01
2.899216872189661065e-01 -6.137543024576306294e-01
2.939572195441957914e-01 -6.190452469243876710e-01
2.980926462249732789e-01 -6.244841960511506862e-01
3.023325272359419502e-01 -6.300781446291935373e-01
3.066817245279893078e-01 -6.358345580202376945e-01
3.111454283167177093e-01 -6.417614134162763495e-01
3.157291853356321565e-01 -6.478672437755557123e-01
3.204389288713899164e-01 -6.541611839557224251e-01
3.252810292898535294e-01 -6.606530569526652963e-01
3.302623152914294646e-01 -6.673533982516822727e-01
3.353901237204684471e-01 -6.742735367226075915e-01
3.406723565861038971e-01 -6.814256873576494122e-01
3.461175356377392820e-01 -6.888230361958010972e-01
3.517348673403443149e-01 -6.964798431219677566e-01
3.575343017452085603e-01 -7.044115293755423002e-01
3.635266234567972043e-01 -7.126348251651051235e-01
