-7.998427057270443008e-01 -1.586335699784206799e-02
-7.912118054062426964e-01 -1.723722788244916662e-02
-7.828374442023436908e-01 -1.858361048173745936e-02
-7.747069997655674500e-01 -1.990369088510304807e-02
-7.668086933727140675e-01 -2.119857967417998479e-02
-7.591315159791235390e-01 -2.246931798602696401e-02
-7.516651754928169726e-01 -2.371688337815929665e-02
-7.444000395513238333e-01 -2.494219492400921376e-02
-7.373270821205442083e-01 -2.614611777241064236e-02
-7.304378380977184504e-01 -2.732946737993048603e-02
-7.237243609832798574e-01 -2.849301333129210592e-02
-7.171791513286188691e-01 -2.963748145540827730e-02
-7.107951738010134246e-01 -3.076355893725528715e-02
-7.045657925409585243e-01 -3.187189593368867230e-02
-6.984847504036914012e-01 -3.296310850174341556e-02
-6.925461367718563910e-01 -3.403778072160033169e-02
-6.867443669462792721e-01 -3.509646703349536545e-02
-6.810741580374729542e-01 -3.613969414709175543e-02
-6.755305082771340119e-01 -3.716796285606032563e-02
-6.701086800527999987e-01 -3.818174982198274670e-02
-6.648041773210058292e-01 -3.918150882783966171e-02
-6.596127321073754768e-01 -4.016767231966541368e-02
-6.545302943710438193e-01 -4.114065300123251334e-02
-6.495530183986925055e-01 -4.210084508490946620e-02
-6.446772379333925995e-01 -4.304862463059114241e-02
-6.398994673019697821e-01 -4.398435137940452655e-02
-6.352163858533517171e-01 -4.490836942107197943e-02
-6.306248269226147896e-01 -4.582100800729006079e-02
-6.261217718458935710e-01 -4.672258261239493199e-02
-6.217043384452461963e-01 -4.761339550034045937e-02
-6.173697751218633067e-01 -4.849373659688178961e-02
-6.131154522164961040e-01 -4.936388407244913373e-02
-6.089388553343108024e-01 -5.022410498552744296e-02
-6.048375794729129451e-01 -5.107465591547031419e-02
-6.008093219950908503e-01 -5.191578342654329381e-02
-5.968518780967158044e-01 -5.274772466988062597e-02
-5.929631342320567100e-01 -5.357070774772584865e-02
-5.891410644235997029e-01 -5.438495226662613813e-02
-5.853837265236904175e-01 -5.519066984279860644e-02
-5.816892573758546403e-01 -5.598806445772448737e-02
-5.780558647381591753e-01 -5.677733243881887687e-02
-5.744818286456291334e-01 -5.755866329061275904e-02
-5.709654973468581973e-01 -5.833223998798341831e-02
-5.675052822856692103e-01 -5.909823912215737829e-02
-5.640996534826778763e-01 -5.985683103002471805e-02
-5.607471403045451996e-01 -6.060818045134246795e-02
-5.574463277246456405e-01 -6.135244669909398207e-02
-5.541958515667795293e-01 -6.208978367186641228e-02
-5.509943972385915600e-01 -6.282034020796201101e-02
-5.478406985933103046e-01 -6.354426043960070825e-02
-5.447335351468067799e-01 -6.426168393984127425e-02
-5.416717282395064892e-01 -6.497274571014738376e-02
-5.386541410578481459e-01 -6.567757659318368413e-02
-5.356796767364876422e-01 -6.637630344827361029e-02
-5.327472760461141599e-01 -6.706904925235394888e-02
-5.298559148928795315e-01 -6.775593314956430968e-02
-5.270046043287139881e-01 -6.843707079734920318e-02
-5.241923887128666637e-01 -6.911257446913804392e-02
-5.214183435440924441e-01 -6.978255309126081551e-02
-5.186815743606256746e-01 -7.044711239925272039e-02
-5.159812161211648762e-01 -7.110635514752418340e-02
-5.133164317251219799e-01 -7.176038119150734973e-02
-5.106864098794202667e-01 -7.240928745968305824e-02
-5.080903652600794462e-01 -7.305316823025551076e-02
-5.055275375217787026e-01 -7.369211524199753560e-02
-5.029971903309149450e-01 -7.432621779691325758e-02
-5.004986100401921378e-01 -7.495556279782560061e-02
-4.980311028078205360e-01 -7.558023453423262650e-02
-4.955939967370029398e-01 -7.620031520570949568e-02
-4.931866403686800404e-01 -7.681588490310437001e-02
-4.908084018765744294e-01 -7.742702168262706464e-02
-4.884586677804327870e-01 -7.803380155346750779e-02
-4.861368414892154322e-01 -7.863629842261619929e-02
-4.838423444224894121e-01 -7.923458444452849414e-02
-4.815746147849348513e-01 -7.982872999538001557e-02
-4.793331070303735175e-01 -8.041880374841721413e-02
-4.771172905054853475e-01 -8.100487260372769838e-02
-4.749266489812798975e-01 -8.158700175432091750e-02
-4.727606810710857088e-01 -8.216525490076015403e-02
-4.706188993288010214e-01 -8.273969423894768360e-02
-4.685008298083829237e-01 -8.331038051917977194e-02
-4.664060108601731924e-01 -8.387737296276874532e-02
-4.643339932386432167e-01 -8.444072940272598360e-02
-4.622843399598627334e-01 -8.500050637984295221e-02
-4.602566257218672074e-01 -8.555675915592017566e-02
-4.582504364996540791e-01 -8.610954175290921886e-02
-4.562653685794856862e-01 -8.665890688077255988e-02
-4.543010288582303713e-01 -8.720490609656927905e-02
-4.523570344799824339e-01 -8.774758983872393836e-02
-4.504330124454767326e-01 -8.828700745166445651e-02
-4.485285992206980432e-01 -8.882320720565849148e-02
-4.466434400347242817e-01 -8.935623624982376445e-02
-4.447771891741267303e-01 -8.988614075808508408e-02
-4.429295095692690754e-01 -9.041296593427274042e-02
-4.411000725174109016e-01 -9.093675604048465089e-02
-4.392885572227577251e-01 -9.145755438405384075e-02
-4.374946503442551649e-01 -9.197540330062406455e-02
-4.357180464042000878e-01 -9.249034431450896265e-02
-4.339584473216656080e-01 -9.300241811657934676e-02
-4.322155622163874056e-01 -9.351166459504835216e-02
-4.304891072367326710e-01 -9.401812286920147033e-02
-4.287788052557754970e-01 -9.452183129203441114e-02
-4.270843845676475792e-01 -9.502282722681421046e-02
-4.254055801675706294e-01 -9.552114738784378556e-02
-4.237421333567980009e-01 -9.601682781746992412e-02
-4.220937914051041684e-01 -9.650990387147878602e-02
-4.204603074056437739e-01 -9.700041024479648388e-02
-4.188414401383482866e-01 -9.748838099746499897e-02
-4.172369533286566234e-01 -9.797384943702899807e-02
-4.156466157885440604e-01 -9.845684820083076827e-02
-4.140702017617934882e-01 -9.893740938891597281e-02
-4.125074904918157315e-01 -9.941556451391642124e-02
-4.109582661019565153e-01 -9.989134452161112232e-02
-4.094223174840591062e-01 -1.003647798121007767e-01
-4.078994380024281718e-01 -1.008359002140330196e-01
-4.063894249685813254e-01 -1.013047348980817275e-01
-4.048920803265755319e-01 -1.017713125882380165e-01
-4.034072102618851408e-01 -1.022356615088834408e-01
-4.019346250723977443e-01 -1.026978093940373871e-01
-4.004741390740871321e-01 -1.031577835039893115e-01
-3.990255704854572816e-01 -1.036156106353067902e-01
-3.975887409273294870e-01 -1.040713170287730777e-01
-3.961634757682497843e-01 -1.045249284942364187e-01
-3.947496040445457322e-01 -1.049764704267230203e-01
-3.933469582830529387e-01 -1.054259677955199370e-01
-3.919553744215987789e-01 -1.058734451575013835e-01
-3.905746917342152180e-01 -1.063189266707975089e-01
-3.892047525668748120e-01 -1.067624360556064383e-01
-3.878454022464802864e-01 -1.072039965996195304e-01
-3.864964893015364056e-01 -1.076436312491574482e-01
-3.851578652423924276e-01 -1.080813625795490479e-01
-3.838293844938188148e-01 -1.085172128058570218e-01
-3.825109043315981783e-01 -1.089512037939484729e-01
-3.812022847726080355e-01 -1.093833570574656161e-01
-3.799033883133505207e-01 -1.098136937096476640e-01
-3.786140801784628196e-01 -1.102422345603748383e-01
-3.773342281743704008e-01 -1.106690001006015028e-01
-3.760637026114669879e-01 -1.110940105052253685e-01
-3.748023762501563882e-01 -1.115172856421099978e-01
-3.735501242429277169e-01 -1.119388450792788703e-01
-3.723068238508254746e-01 -1.123587080233303254e-01
-3.710723546281147756e-01 -1.127768933965657971e-01
-3.698465984324268430e-01 -1.131934198631079358e-01
-3.686294392958382460e-01 -1.136083058123320971e-01
-3.674207633822209607e-01 -1.140215693674637015e-01
-3.662204589471164673e-01 -1.144332283944595741e-01
-3.650284163001293880e-01 -1.148433005112063504e-01
-3.638445277698260649e-01 -1.152518030970731550e-01
-3.626686874576963149e-01 -1.156587532347808228e-01
-3.615007908837302164e-01 -1.160641676143414902e-01
-3.603407357640286413e-01 -1.164680627983386008e-01
-3.591884216364775173e-01 -1.168704551224853394e-01
-3.580437498015501263e-01 -1.172713606945964548e-01
-3.569066232887659895e-01 -1.176707954012919388e-01
-3.557769468249804556e-01 -1.180687749149093024e-01
-3.546546268044983297e-01 -1.184653147006485968e-01
-3.535395712449044825e-01 -1.188604300185651108e-01
-3.524316893989840049e-01 -1.192541358086497416e-01
-3.513308921238571525e-01 -1.196464468287490313e-01
-3.502370918884407103e-01 -1.200373776733761472e-01
-3.491502026342637732e-01 -1.204269427420747302e-01
-3.480701397479721848e-01 -1.208151562447654925e-01
-3.469968200352140375e-01 -1.212020322072451944e-01
-3.459301616958975756e-01 -1.215875844768591202e-01
-3.448700843008181693e-01 -1.219718267283647212e-01
-3.438165086460906461e-01 -1.223547724260326541e-01
-3.427693566056873586e-01 -1.227364347831820940e-01
-3.417285514961684312e-01 -1.231168269043216024e-01
-3.406940178798093521e-01 -1.234959617285698169e-01
-3.396656815338994218e-01 -1.238738520311054997e-01
-3.386434694288303349e-01 -1.242505104274636701e-01
-3.376273097072087226e-01 -1.246259493779498795e-01
-3.366171316639953726e-01 -1.250001811921847839e-01
-3.356128657149804462e-01 -1.253732180290577092e-01
-3.346144431804581876e-01 -1.257450718268394163e-01
-3.336217965046449074e-01 -1.261157543951516580e-01
-3.326348592317586172e-01 -1.264852774173619299e-01
-3.316535659348466836e-01 -1.268536524346148830e-01
-3.306778521974367280e-01 -1.272208908492596102e-01
-3.297076545959718996e-01 -1.275870039283583945e-01
-3.287429106830233594e-01 -1.279520028072899385e-01
-3.277835589712833064e-01 -1.283158984934549829e-01
-3.268295388464378393e-01 -1.286787018417921424e-01
-3.258807905088138002e-01 -1.290404235405332722e-01
-3.249372551416683241e-01 -1.294010741864450864e-01
-3.239988748072933356e-01 -1.297606642533681021e-01
-3.230655924293729941e-01 -1.301192040941089589e-01
-3.221373517782054052e-01 -1.304767039432776499e-01
-3.212140974565271812e-01 -1.308331739201927524e-01
-3.202957748859393550e-01 -1.311886240318607677e-01
-3.193823302844585599e-01 -1.315430641721405114e-01
-3.184737105463777973e-01 -1.318965040801614863e-01
-3.175698633694217232e-01 -1.322489534001003719e-01
-3.166707372270132770e-01 -1.326004216778656764e-01
-3.157762813309660244e-01 -1.329509183533915950e-01
-3.148864456189903183e-01 -1.333004527629470803e-01
-3.140011807426700274e-01 -1.336490341414909022e-01
-3.131204380559022837e-01 -1.339966716250830248e-01
-3.122441696038065206e-01 -1.343433742533552688e-01
-3.113723280434575469e-01 -1.346891509423613353e-01
-3.105048666293849235e-01 -1.350340104845079436e-01
-3.096417393450353606e-01 -1.353779616121185136e-01
-3.087829008137705777e-01 -1.357210129659465470e-01
-3.079283062880382449e-01 -1.360631730970090492e-01
-3.070779116398613118e-01 -1.364044504688762538e-01
-3.062316733517431722e-01 -1.367448534600305687e-01
-3.053895485079791139e-01 -1.370843903663010177e-01
-3.045514947863767752e-01 -1.374230694033794220e-01
-3.037174704503845524e-01 -1.377608987094222359e-01
-3.028874343416207982e-01 -1.380978863477456964e-01
-3.020613458069576485e-01 -1.384340402794385361e-01
-3.012391644750099240e-01 -1.387693682655874727e-01
-3.004208506913719212e-01 -1.391038780713624856e-01
-2.996063653556059747e-01 -1.394375773978701882e-01
-2.987956698834052793e-01 -1.397704738702684468e-01
-2.979887261988398151e-01 -1.401025750395012981e-01
-2.971854967268987568e-01 -1.404338883840813845e-01
-2.963859443863292031e-01 -1.407644213119239041e-01
-2.955900325827721109e-01 -1.410941811622344333e-01
-2.947977252021891648e-01 -1.414231752074573412e-01
-2.940089866045854650e-01 -1.417514106552859587e-01
-2.932237816089237059e-01 -1.420788946463336366e-01
-2.924420753130442252e-01 -1.424056341712563456e-01
-2.916638333109723424e-01 -1.427316361797514033e-01
-2.908890216867382472e-01 -1.430569075828067860e-01
-2.901176069521617662e-01 -1.433814552271871490e-01
-2.893495560406035283e-01 -1.437052858968276559e-01
-2.885848363009417827e-01 -1.440284063142630577e-01
-2.878234154917682086e-01 -1.443508231420959909e-01
-2.870652617758079339e-01 -1.446725429845055200e-01
-2.863103437145577135e-01 -1.449935723888016170e-01
-2.855586302631432094e-01 -1.453139178470264081e-01
-2.848100907653961511e-01 -1.456335857976060466e-01
-2.840646948557148943e-01 -1.459525825790519427e-01
-2.833224124875219352e-01 -1.462709144475788370e-01
-2.825832140594295439e-01 -1.465885876458401793e-01
-2.818470703270202771e-01 -1.469056083618085484e-01
-2.811139523976244892e-01 -1.472219827298253125e-01
-2.803838317253548040e-01 -1.475377168317238696e-01
-2.796566801063090080e-01 -1.478528166979787284e-01
-2.789324696739355347e-01 -1.481672883088844817e-01
-2.782111728945629858e-01 -1.484811375957659496e-01
-2.774927625630945749e-01 -1.487943704422213242e-01
-2.767772117988616110e-01 -1.491069926854020344e-01
-2.760644940124803992e-01 -1.494190101015462069e-01
-2.753545828401647855e-01 -1.497304283733288111e-01
-2.746474522889017500e-01 -1.500412531714183095e-01
-2.739430766723446875e-01 -1.503514901233882206e-01
-2.732414305997072912e-01 -1.506611448108904905e-01
-2.725424889716647758e-01 -1.509702227705548572e-01
-2.718462269763800010e-01 -1.512787294949075323e-01
-2.711526200856564373e-01 -1.515866704333102277e-01
-2.704616440512120912e-01 -1.518940509929229965e-01
-2.697732749010804953e-01 -1.522008765396903329e-01
-2.690874889361321576e-01 -1.525071523993543066e-01
-2.684042627210269094e-01 -1.528128838552547386e-01
-2.677235730147674575e-01 -1.531180761114561695e-01
-2.670453968624632024e-01 -1.534227343474257599e-01
-2.663697115797907244e-01 -1.537268637122196080e-01
-2.656964947323875448e-01 -1.540304693155040150e-01
-2.650257241324587287e-01 -1.543335562282900919e-01
-2.643573778354812442e-01 -1.546361294836826883e-01
-2.636914341370027448e-01 -1.549381940776457245e-01
-2.630278715695371639e-01 -1.552397549697831780e-01
-2.623666688995547336e-01 -1.555408170841398319e-01
-2.617078051245657622e-01 -1.558413853100208135e-01
-2.610512594702364964e-01 -1.561414645027938697e-01
-2.603970113472520165e-01 -1.564410594604751237e-01
-2.597450403762964211e-01 -1.567401749407404399e-01
-2.590953264203108009e-01 -1.570388156827554615e-01
-2.584478495547847254e-01 -1.573369863918089306e-01
-2.578025900649264512e-01 -1.576346917399156222e-01
-2.571595284429071260e-01 -1.579319363664296039e-01
-2.565186453851793780e-01 -1.582287248786698186e-01
-2.558799217898692357e-01 -1.585250618525575750e-01
-2.552433387542431542e-01 -1.588209518332676373e-01
-2.546088775722456510e-01 -1.591163993358941930e-01
-2.539765197321127155e-01 -1.594114088461319467e-01
-2.533462468921117705e-01 -1.597059848071415156e-01
-2.527180408546891854e-01 -1.600001316050182198e-01
-2.520918836505458005e-01 -1.602938536237415723e-01
-2.514677574952759453e-01 -1.605871552201351415e-01
-2.508456447845429649e-01 -1.608800407228382912e-01
-2.502255280919013503e-01 -1.611725144329135551e-01
-2.496073901666828743e-01 -1.614645806244696391e-01
-2.489912139319485074e-01 -1.617562435452987724e-01
-2.483769824825023120e-01 -1.620475074175330155e-01
-2.477646790829702572e-01 -1.623383764383165839e-01
-2.471542871659410112e-01 -1.626288547804978779e-01
-2.465457903301692122e-01 -1.629189465933406356e-01
-2.459391723388424655e-01 -1.632086560032552092e-01
-2.453344171179074884e-01 -1.634979871145515740e-01
-2.447315087544605083e-01 -1.637869440102139584e-01
-2.441304314627670835e-01 -1.640755307309036404e-01
-2.435311694877021482e-01 -1.643637512111557064e-01
-2.429337073211289277e-01 -1.646516094260320473e-01
-2.423380296172908399e-01 -1.649391093366151806e-01
-2.417441211767074327e-01 -1.652262548808919040e-01
-2.411519669444211755e-01 -1.655130499742191452e-01
-2.405615520082923509e-01 -1.657994985098004970e-01
-2.399728615973383272e-01 -1.660856043591742159e-01
-2.393858810801204051e-01 -1.663713713727117682e-01
-2.388005959631750441e-01 -1.666568033801295312e-01
-2.382169918894902760e-01 -1.669419041910131518e-01
-2.376350546370285255e-01 -1.672266775953545337e-01
-2.370547701172921184e-01 -1.675111273641044229e-01
-2.364761243739351981e-01 -1.677952572497380390e-01
-2.358991035814181625e-01 -1.680790709868371369e-01
-2.353236940322099013e-01 -1.683625722844628025e-01
-2.347498820602361147e-01 -1.686457647725072284e-01
-2.341776541739133133e-01 -1.689286520978821593e-01
-2.336069970194407652e-01 -1.692112379001235178e-01
-2.330378973629147477e-01 -1.694935258000456191e-01
-2.324703420889273620e-01 -1.697755194001230594e-01
-2.319043181992008484e-01 -1.700572222848799608e-01
-2.313398128112543195e-01 -1.703386380212884854e-01
-2.307768131571064363e-01 -1.706197701591751770e-01
-2.302153065820104760e-01 -1.709006222316371837e-01
-2.296552805432235389e-01 -1.711811977554688058e-01
-2.290967226088089226e-01 -1.714615002315967862e-01
-2.285396204564722755e-01 -1.717415331455275918e-01
-2.279839618724296690e-01 -1.720212999678052135e-01
-2.274297347503084765e-01 -1.723008041544811242e-01
-2.268769270862258103e-01 -1.725800491446624063e-01
-2.263255269172090578e-01 -1.728590383147053378e-01
-2.257755224079582568e-01 -1.731377750450278641e-01
-2.252269018426369118e-01 -1.734162627154135772e-01
-2.246796536042095782e-01 -1.736945046905459533e-01
-2.241337661733004971e-01 -1.739725043203163568e-01
-2.235892281270762949e-01 -1.742502649401383719e-01
-2.230460281381554666e-01 -1.745277898712674636e-01
-2.225041549735420343e-01 -1.748050824211274390e-01
-2.219635974935838252e-01 -1.750821458836433475e-01
-2.214243446509573943e-01 -1.753589835395812924e-01
-2.208863854896750412e-01 -1.756355986568957916e-01
-2.203497091441187494e-01 -1.759119944910846611e-01
-2.198143048380965525e-01 -1.761881742855519184e-01
-2.192801618839236022e-01 -1.764641412719793745e-01
-2.187472696808377970e-01 -1.767398986701486929e-01
-2.182156176744483866e-01 -1.770154496561319457e-01
-2.176851954005261658e-01 -1.772907973983895991e-01
-2.171559924970984934e-01 -1.775659450688080176e-01
-2.166279986839932670e-01 -1.778408958272589269e-01
-2.161012037619008674e-01 -1.781156528218532098e-01
-2.155755976114541173e-01 -1.783902191891982847e-01
-2.150511701923276398e-01 -1.786645980546605617e-01
-2.145279115423554539e-01 -1.789387925326319517e-01
-2.140058117766686363e-01 -1.792128057268012609e-01
-2.134848610868496088e-01 -1.794866407304312739e-01
-2.129650497401071041e-01 -1.797603006266402237e-01
-2.124463680784674513e-01 -1.800337884886895889e-01
-2.119288065179848468e-01 -1.803071073802778868e-01
-2.114123555479703320e-01 -1.805802603558397390e-01
-2.108970057302361478e-01 -1.808532504608516833e-01
-2.103827476762251403e-01 -1.811260807130871398e-01
-2.098695720609932702e-01 -1.813987541152663752e-01
-2.093574696464065577e-01 -1.816712736759916735e-01
-2.088464312623346253e-01 -1.819436423945707537e-01
-2.083364478058750691e-01 -1.822158632612339291e-01
-2.078275102405938157e-01 -1.824879392573540704e-01
-2.073196095957793028e-01 -1.827598733556699828e-01
-2.068127369657105363e-01 -1.830316685205136407e-01
-2.063068835089406916e-01 -1.833033277080405032e-01
-2.058020404475932874e-01 -1.835748538664647156e-01
-2.052981990666740975e-01 -1.838462499362978342e-01
-2.047953507133953577e-01 -1.841175188505916327e-01
-2.042934867965147672e-01 -1.843886635351868475e-01
-2.037925987856879229e-01 -1.846596869089648096e-01
-2.032926782108346597e-01 -1.849305918841052665e-01
-2.027937166495412113e-01 -1.852013813554108379e-01
-2.022957057252547652e-01 -1.854720581992617690e-01
-2.017986371350938557e-01 -1.857426252997941285e-01
-2.013025026330978184e-01 -1.860130855345100975e-01
-2.008072940292922881e-01 -1.862834417742031679e-01
-2.003130031890521801e-01 -1.865536968831479903e-01
-1.998196220324755246e-01 -1.868238537192923598e-01
-1.993271425337695968e-01 -1.870939151344516715e-01
-1.988355567206461505e-01 -1.873638839745072060e-01
-1.983448566737290863e-01 -1.876337630796059974e-01
-1.978550345259717791e-01 -1.879035552843652257e-01
-1.973660824620847853e-01 -1.881732634180791897e-01
-1.968779927179755973e-01 -1.884428903049295556e-01
-1.963907575801966954e-01 -1.887124387642001300e-01
-1.959043693854058132e-01 -1.889819116104940466e-01
-1.954188205109050058e-01 -1.892513116453074518e-01
-1.949341033639225840e-01 -1.895206416471716115e-01
-1.944502104195097725e-01 -1.897899044090033127e-01
-1.939671342013870314e-01 -1.900591027204263095e-01
-1.934848672800890124e-01 -1.903282393666773098e-01
-1.930034022724496090e-01 -1.905973171288003198e-01
-1.925227318410964727e-01 -1.908663387838442638e-01
-1.920428486939555202e-01 -1.911353071050644337e-01
-1.915637455837636838e-01 -1.914042248621266873e-01
-1.910854153075909057e-01 -1.916730948213161145e-01
-1.906078507063707905e-01 -1.919419197457496173e-01
-1.901310446644408347e-01 -1.922107023955918759e-01
-1.896549901090900658e-01 -1.924794455282759220e-01
-1.891796800101168130e-01 -1.927481518987275710e-01
-1.887051073793939160e-01 -1.930168242595945161e-01
-1.882312652704424827e-01 -1.932854653614799467e-01
-1.877581467780149727e-01 -1.935540779531801925e-01
-1.872857450376848587e-01 -1.938226647819278337e-01
-1.868140532254462527e-01 -1.940912285936390591e-01
-1.863430645573204425e-01 -1.943597721331663253e-01
-1.858727722846097441e-01 -1.946282981399901080e-01
-1.854031696401157447e-01 -1.948968092922522266e-01
-1.849342499242939419e-01 -1.951653082971460118e-01
-1.844660064911751163e-01 -1.954337978772407169e-01
-1.839984327312851331e-01 -1.957022807532773356e-01
-1.835315220712204765e-01 -1.959707596443328592e-01
-1.830652679732312771e-01 -1.962392372679857833e-01
-1.825996639348091699e-01 -1.965077163404851668e-01
-1.821347034882831173e-01 -1.967761995769215788e-01
-1.816703802004203394e-01 -1.970446896914007373e-01
-1.812066876720335729e-01 -1.973131893972202566e-01
-1.807436195375950183e-01 -1.975817014070487543e-01
-1.802811694648561169e-01 -1.978502284331078998e-01
-1.798193311544732664e-01 -1.981187731873577385e-01
-1.793580983396389772e-01 -1.983873383816850688e-01
-1.788974647857201339e-01 -1.986559267280944840e-01
-1.784374242899004759e-01 -1.989245409389032437e-01
-1.779779706808304884e-01 -1.991931837269392269e-01
-1.775190978182815127e-01 -1.994618578057419656e-01
-1.770607995928060729e-01 -1.997305658897682856e-01
-1.766030699254039216e-01 -1.999993106945996968e-01
-1.761459027446335701e-01 -2.002680949115069053e-01
-1.756892919974566980e-01 -2.005369212199057949e-01
-1.752332316834898929e-01 -2.008057923269312428e-01
-1.747777158305821033e-01 -2.010747109404417143e-01
-1.743227384943969172e-01 -2.013436797690951741e-01
-1.738682937580633137e-01 -2.016127015225017138e-01
-1.734143757318314383e-01 -2.018817789113765415e-01
-1.729609785527325694e-01 -2.021509146476958563e-01
-1.725080963842433035e-01 -2.024201114448549721e-01
-1.720557234159548754e-01 -2.026893720178277458e-01
-1.716038538632455590e-01 -2.029586990833291693e-01
-1.711524819669586750e-01 -2.032280953599794882e-01
-1.707016019930838457e-01 -2.034975635684710960e-01
-1.702512082324425247e-01 -2.037671064317378433e-01
-1.698012950003777721e-01 -2.040367266751264841e-01
-1.693518566364485833e-01 -2.043064270265709803e-01
-1.689028875041271027e-01 -2.045762102167690832e-01
-1.684543819905002515e-01 -2.048460789793621062e-01
-1.680063345059759905e-01 -2.051160360511166125e-01
-1.675587394839915534e-01 -2.053860841721096842e-01
-1.671115913756616722e-01 -2.056562260796819530e-01
-1.666648846332707823e-01 -2.059264644884576667e-01
-1.662186137481070913e-01 -2.061968021372918292e-01
-1.657727732355680772e-01 -2.064672417716700292e-01
-1.653273576320233029e-01 -2.067377861403801032e-01
-1.648823614945168214e-01 -2.070084379956591836e-01
-1.644377794004717730e-01 -2.072792000933432466e-01
-1.639936059473979524e-01 -2.075500751930184906e-01
-1.635498357526035673e-01 -2.078210660581737423e-01
-1.631064634529083013e-01 -2.080921754563555548e-01
-1.626634837043608450e-01 -2.083634061593243603e-01
-1.622208911819585930e-01 -2.086347609432129546e-01
-1.617786805793698102e-01 -2.089062425886874796e-01
-1.613368466086598230e-01 -2.091778538811088495e-01
-1.608953840000184043e-01 -2.094495976106981738e-01
-1.604542875014914605e-01 -2.097214765727025698e-01
-1.600135518787142996e-01 -2.099934935675641934e-01
-1.595731719146475103e-01 -2.102656514010911026e-01
-1.591331424093160862e-01 -2.105379528846303416e-01
-1.586934581795509946e-01 -2.108104008352431336e-01
-1.582541140583696715e-01 -2.110829980753985147e-01
-1.578151048799641132e-01 -2.113557474133791747e-01
-1.573764254984220123e-01 -2.116286516685617625e-01
-1.569380707901958660e-01 -2.119017136753749420e-01
-1.565000356468264076e-01 -2.121749362741328360e-01
-1.560623149746777627e-01 -2.124483223111833241e-01
-1.556249036946738551e-01 -2.127218746390571735e-01
-1.551877967420385862e-01 -2.129955961166185852e-01
-1.547509890660359322e-01 -2.132694896092177939e-01
-1.543144756297136488e-01 -2.135435579888442514e-01
-1.538782514096478926e-01 -2.138178041342824187e-01
-1.534423113956894513e-01 -2.140922309312684180e-01
-1.530066505907130003e-01 -2.143668412726483508e-01
-1.525712640103665529e-01 -2.146416380585388917e-01
-1.521361466828241027e-01 -2.149166241964886037e-01
-1.517012936485388763e-01 -2.151918026016417795e-01
-1.512666999599983353e-01 -2.154671761969038923e-01
-1.508323606814817031e-01 -2.157427479131080461e-01
-1.503982708888176867e-01 -2.160185206891847287e-01
-1.499644256691450017e-01 -2.162944974723317593e-01
-1.495308201206734522e-01 -2.165706812181871499e-01
nan nan
nan nan
nan nan
nan nan
nan nan
nan nan
nan nan
nan nan
nan nan
nan nan
nan nan
nan nan
nan nan
nan nan
nan nan
nan nan
nan nan
nan nan
nan nan
nan nan
nan nan
nan nan
nan nan
nan nan
nan nan
nan nan
-1.370387607011343267e-01 -2.246835645852996166e-01
-1.366101052546486172e-01 -2.249673704015511810e-01
-1.361815414101393562e-01 -2.252514793430658302e-01
-1.357530644739234071e-01 -2.255358946859206126e-01
-1.353246697555256506e-01 -2.258206197197394072e-01
-1.348963525674244934e-01 -2.261056577478407770e-01
-1.344681082247980719e-01 -2.263910120873876830e-01
-1.340399320452718701e-01 -2.266766860695396957e-01
-1.336118193486673378e-01 -2.269626830396068162e-01
-1.331837654567512574e-01 -2.272490063572061569e-01
-1.327557656929857499e-01 -2.275356593964204532e-01
-1.323278153822802505e-01 -2.278226455459587130e-01
-1.318999098507429857e-01 -2.281099682093196412e-01
-1.314720444254343923e-01 -2.283976308049564807e-01
-1.310442144341204262e-01 -2.286856367664448497e-01
-1.306164152050270644e-01 -2.289739895426528837e-01
-1.301886420665952226e-01 -2.292626925979134034e-01
-1.297608903472367292e-01 -2.295517494121983026e-01
-1.293331553750902141e-01 -2.298411634812960180e-01
-1.289054324777779981e-01 -2.301309383169905243e-01
-1.284777169821631482e-01 -2.304210774472436329e-01
-1.280500042197628974e-01 -2.307115844265692217e-01
-1.276222895241403976e-01 -2.310024628321713236e-01
-1.271945682154198010e-01 -2.312937162365567290e-01
-1.267668356120827677e-01 -2.315853482292186682e-01
-1.263390870309963609e-01 -2.318773624173274539e-01
-1.259113177871479805e-01 -2.321697624258955983e-01
-1.254835231933810746e-01 -2.324625518979456795e-01
-1.250556985601315452e-01 -2.327557344946822593e-01
-1.246278391951654019e-01 -2.330493138956662713e-01
-1.241999404033169996e-01 -2.333432937989935729e-01
-1.237719974862283578e-01 -2.336376779214760779e-01
-1.233440057420894242e-01 -2.339324699988264977e-01
-1.229159604653784765e-01 -2.342276737858464686e-01
-1.224878569466031075e-01 -2.345232930566185647e-01
-1.220596904720428477e-01 -2.348193316047004764e-01
-1.216314563234906221e-01 -2.351157932433242947e-01
-1.212031497779963995e-01 -2.354126818055977122e-01
-1.207747661076099127e-01 -2.357100011447096910e-01
-1.203463005791241686e-01 -2.360077551341394630e-01
-1.199177484538192923e-01 -2.363059476678688597e-01
-1.194891049892280038e-01 -2.366045826646004935e-01
-1.190603654491570601e-01 -2.369036640885248957e-01
-1.186315250761853790e-01 -2.372031958956642428e-01
-1.182025791032020601e-01 -2.375031820570755736e-01
-1.177735227567543869e-01 -2.378036265662015480e-01
-1.173443512567608482e-01 -2.381045334390607671e-01
-1.169150598162248533e-01 -2.384059067144427002e-01
-1.164856436409495571e-01 -2.387077504541071649e-01
-1.160560979292532269e-01 -2.390100687429889126e-01
-1.156264178716857743e-01 -2.393128656894061290e-01
-1.151965986507459960e-01 -2.396161454252740963e-01
-1.147666354405989103e-01 -2.399199121063238238e-01
-1.143365234067939690e-01 -2.402241699123246477e-01
-1.139062577059834630e-01 -2.405289230473128259e-01
-1.134758334856414835e-01 -2.408341757398235750e-01
-1.130452458837834656e-01 -2.411399322431289627e-01
-1.126144900286852185e-01 -2.414461968354801868e-01
-1.121835610386022059e-01 -2.417529738203549883e-01
-1.117524540214897416e-01 -2.420602675267095327e-01
-1.113211640747216319e-01 -2.423680823092357051e-01
-1.108896862848509079e-01 -2.426764225487118842e-01
-1.104580157423380171e-01 -2.429852926852904549e-01
-1.100261475193320820e-01 -2.432946971711212603e-01
-1.095940766626964380e-01 -2.436046404553690037e-01
-1.091617982079400029e-01 -2.439151270154714113e-01
-1.087293071788906634e-01 -2.442261613573598888e-01
-1.082965985873701187e-01 -2.445377480156864791e-01
-1.078636674328693756e-01 -2.448498915540571197e-01
-1.074305087022253136e-01 -2.451625965652726447e-01
-1.069971173692976091e-01 -2.454758676715743937e-01
-1.065634883946467576e-01 -2.457897095248983144e-01
-1.061296167252119421e-01 -2.461041268071346433e-01
-1.056954972939899706e-01 -2.464191242303946650e-01
-1.052611250197139497e-01 -2.467347065372837156e-01
-1.048264948065325969e-01 -2.470508785011817088e-01
-1.043916015436891220e-01 -2.473676449265296007e-01
-1.039564401052007758e-01 -2.476850106491230163e-01
-1.035210053495373289e-01 -2.480029805364128148e-01
-1.030852921193001204e-01 -2.483215594878120935e-01
-1.026492952409002318e-01 -2.486407524350101317e-01
-1.022130095242365089e-01 -2.489605643422935777e-01
-1.017764297714649213e-01 -2.492810002291434568e-01
-1.013395507837698273e-01 -2.496020651886677044e-01
-1.009023673138226135e-01 -2.499237642721258978e-01
-1.004648740950376123e-01 -2.502461025608228584e-01
-1.000270658435787052e-01 -2.505690851721983359e-01
-9.958893725796869045e-02 -2.508927172600832756e-01
-9.915048301869984482e-02 -2.512170040149657169e-01
-9.871169778784592841e-02 -2.515419506642662673e-01
-9.827257620867446697e-02 -2.518675624726224305e-01
-9.783311290526053305e-02 -2.521938447421834262e-01
-9.739330248210074925e-02 -2.525208028129131699e-01
-9.695313952372795752e-02 -2.528484420629044660e-01
-9.651261859432623547e-02 -2.531767679087013057e-01
-9.607173423734617634e-02 -2.535057858056316560e-01
-9.563048097511996082e-02 -2.538355012481497419e-01
-9.518885330847659532e-02 -2.541659197701879869e-01
-9.474684571635684505e-02 -2.544970469455183903e-01
-9.430445265542768130e-02 -2.548288883881242306e-01
-9.386166855969631240e-02 -2.551614497525812597e-01
-9.341848784012343754e-02 -2.554947367344483911e-01
-9.297490488486752358e-02 -2.558287550724075987e-01
-9.253091406764646365e-02 -2.561635105729518913e-01
-9.208650972902800158e-02 -2.564990090605764883e-01
-9.164168618107551567e-02 -2.568352563915756726e-01
-9.119643771119925746e-02 -2.571722584661146338e-01
-9.075075858173779764e-02 -2.575100212286343115e-01
-9.030464302953787603e-02 -2.578485506682678952e-01
-8.985808526553415443e-02 -2.581878528192677047e-01
-8.941107947432731795e-02 -2.585279337614435069e-01
-8.896361981376095518e-02 -2.588687996206114339e-01
-8.851570041449718929e-02 -2.592104565690545592e-01
-8.806731537959061606e-02 -2.595529108259937989e-01
-8.761845878406002153e-02 -2.598961686580708030e-01
-8.716912467445876722e-02 -2.602402363798408946e-01
-8.671930706844253878e-02 -2.605851203542781103e-01
-8.626899995445697078e-02 -2.609308269936593816e-01
-8.581819729807173280e-02 -2.612773627807190024e-01
-8.536689302937595925e-02 -2.616247342325980774e-01
-8.491508104319742123e-02 -2.619729479029158647e-01
-8.446275520373278112e-02 -2.623220103976210971e-01
-8.400990934405450083e-02 -2.626719283754666567e-01
-8.355653726561675099e-02 -2.630227085484984073e-01
-8.310263273776012649e-02 -2.633743576825585131e-01
-8.264818949721509933e-02 -2.637268825978030251e-01
-8.219320124760319535e-02 -2.640802901692346216e-01
-8.173766165893690816e-02 -2.644345873272488934e-01
-8.128156436711717059e-02 -2.647897810581959499e-01
-8.082490297342849461e-02 -2.651458784049563477e-01
-8.036767104403144679e-02 -2.655028864675311184e-01
-7.990986210945280610e-02 -2.658608124036475062e-01
-7.945146966407187761e-02 -2.662196634293779174e-01
-7.899248717233589567e-02 -2.665794468424921293e-01
-7.853290805907041372e-02 -2.669401699927568261e-01
-7.807272570360768160e-02 -2.673018402640103264e-01
-7.761193344761002644e-02 -2.676644651026826582e-01
-7.715052459448443201e-02 -2.680280520183610515e-01
-7.668849240879442586e-02 -2.683926085843728604e-01
-7.622583011567118927e-02 -2.687581424383881923e-01
-7.576253090022207204e-02 -2.691246612830400786e-01
-7.529858790693699788e-02 -2.694921728865656285e-01
-7.483399423909219139e-02 -2.698606850834645021e-01
-7.436874295815128211e-02 -2.702302057751771458e-01
-7.390282708316256444e-02 -2.706007429307822343e-01
-7.343623959015370406e-02 -2.709723045877127645e-01
-7.296897341152196181e-02 -2.713448988524917449e-01
-7.250102143542068445e-02 -2.717185339014864254e-01
-7.203237651154564825e-02 -2.720932180058731054e-01
-7.156303144597266075e-02 -2.724689595161056133e-01
-7.109297898598607168e-02 -2.728457668072228337e-01
-7.062221183264826008e-02 -2.732236483288330575e-01
-7.015072264031732563e-02 -2.736026126066342101e-01
-6.967850401593404797e-02 -2.739826682431028004e-01
-6.920554851830695853e-02 -2.743638239182074057e-01
-6.873184865739476179e-02 -2.747460883901480799e-01
-6.825739689358553686e-02 -2.751294704961210202e-01
-6.778218563697306631e-02 -2.755139791531088234e-01
-6.730620724662926546e-02 -2.758996233586962221e-01
-6.682945402987250372e-02 -2.762864121919111349e-01
-6.635191824153151285e-02 -2.766743548140918052e-01
-6.587359208320464621e-02 -2.770634604697788106e-01
-6.539446770251339247e-02 -2.774537384876331614e-01
-6.491453719791452637e-02 -2.778451983051934415e-01
-6.443379261965336002e-02 -2.782378494782912770e-01
-6.395222594400995497e-02 -2.786317015746123116e-01
-6.346982909010281948e-02 -2.790267642485801947e-01
-6.298659392012730118e-02 -2.794230472468520188e-01
-6.250251223847919091e-02 -2.798205604091317245e-01
-6.201757579087647382e-02 -2.802193136690167008e-01
-6.153177626347743068e-02 -2.806193170548804128e-01
-6.104510528199526276e-02 -2.810205806907888904e-01
-6.055755441080829665e-02 -2.814231147974519121e-01
-6.006911515206583146e-02 -2.818269296932086609e-01
-5.957977894478813652e-02 -2.822320357950487968e-01
-5.908953716396126571e-02 -2.826384436196674455e-01
-5.859838111962525214e-02 -2.830461637845548273e-01
-5.810630205595566228e-02 -2.834552070091213571e-01
-5.761329115435457476e-02 -2.838655841356486631e-01
-5.711933954080929826e-02 -2.842773061727528749e-01
-5.662443825212141318e-02 -2.846903841347271924e-01
-5.612857825378398530e-02 -2.851048291332919926e-01
-5.563175044174541173e-02 -2.855206523923907724e-01
-5.513394564133111686e-02 -2.859378652491824657e-01
-5.463515460616094610e-02 -2.863564791550795574e-01
-5.413536801706253510e-02 -2.867765056768341037e-01
-5.363457648097860048e-02 -2.871979564976686605e-01
-5.313277052986886684e-02 -2.876208434184551743e-01
-5.262994061960493686e-02 -2.880451783589392800e-01
-5.212607712885801436e-02 -2.884709733590123948e-01
-5.162117035797830072e-02 -2.888982405800293862e-01
-5.111521052786602987e-02 -2.893269923061733140e-01
-5.060818777883242803e-02 -2.897572409458672449e-01
-5.010009217237910289e-02 -2.901889990501911321e-01
-4.959091370658397918e-02 -2.906222794123494713e-01
-4.908064227012389619e-02 -2.910570948103546329e-01
-4.856926766129130574e-02 -2.914934581211797160e-01
-4.805677959335866167e-02 -2.919313823603448821e-01
-4.754316769321505903e-02 -2.923708806830740414e-01
-4.702842149999858501e-02 -2.928119663855167643e-01
-4.651253046372276490e-02 -2.932546529060348073e-01
-4.599548394389631895e-02 -2.936989538265540323e-01
-4.547727120813525176e-02 -2.941448828739814947e-01
-4.495788143076657334e-02 -2.945924539216869809e-01
-4.443730369142193798e-02 -2.950416809910506588e-01
-4.391552697362131885e-02 -2.954925782530753442e-01
-4.339254016334490038e-02 -2.959451600300633811e-01
-4.286833204759259858e-02 -2.963994407973601919e-01
-4.234289131336053946e-02 -2.968554351881784736e-01
-4.181620655288345589e-02 -2.973131580433959753e-01
-4.128826624762695074e-02 -2.977726243124025340e-01
-4.075905877104832320e-02 -2.982338490826226818e-01
-4.022857239073030639e-02 -2.986968476070217537e-01
-3.969679526678751569e-02 -2.991616353060107536e-01
-3.916371545025720824e-02 -2.996282277694236607e-01
-3.862932088147414539e-02 -3.000966407585676232e-01
-3.809359938842716425e-02 -3.005668902083458716e-01
-3.755653868509781917e-02 -3.010389922294531839e-01
-3.701812636977908078e-02 -3.015129631106435171e-01
-3.647834992337329468e-02 -3.019888193210710226e-01
-3.593719671134856797e-02 -3.024665775436773396e-01
-3.539465397691587273e-02 -3.029462546368506537e-01
-3.485070883564538036e-02 -3.034278676046791023e-01
-3.430534827931470271e-02 -3.039114336458840215e-01
-3.375855917400228529e-02 -3.043969701561289876e-01
-3.321032825815293382e-02 -3.048844947303502861e-01
-3.266064214062269766e-02 -3.053740251651814175e-01
-3.210948729870208990e-02 -3.058655794614713597e-01
-3.155685007611541693e-02 -3.063591758268976450e-01
-3.100271668099604735e-02 -3.068548326786732505e-01
-3.044707318383525069e-02 -3.073525686463470796e-01
-2.988990551730475939e-02 -3.078524025942794284e-01
-2.933119947524793700e-02 -3.083543536382078454e-01
-2.877094070004796930e-02 -3.088584410391735369e-01
-2.820911468806945252e-02 -3.093646842819610110e-01
-2.764570678798913828e-02 -3.098731030842597489e-01
-2.708070219845618021e-02 -3.103837173994287713e-01
-2.651408596572639442e-02 -3.108965474193853828e-01
-2.594584298126846947e-02 -3.114116135776159866e-01
-2.537595797934081090e-02 -3.119289365523097990e-01
-2.480441553453618594e-02 -3.124485372696153007e-01
-2.423120005929368243e-02 -3.129704369070183678e-01
-2.365629580196339579e-02 -3.134946569046379028e-01
-2.307968684913710988e-02 -3.140212190364357614e-01
-2.250135711018180773e-02 -3.145501452444248169e-01
-2.192129032035367020e-02 -3.150814577119490090e-01
-2.133947004053400598e-02 -3.156151788998504126e-01
-2.075587965437505206e-02 -3.161513315497345711e-01
-2.017050236541223854e-02 -3.166899386874000299e-01
-1.958332119414083958e-02 -3.172310236264297423e-01
-1.899431897505457142e-02 -3.177746099719451212e-01
-1.840347835364413570e-02 -3.183207216245219628e-01
-1.781078178335234602e-02 -3.188693827842689621e-01
-1.721621152249046965e-02 -3.194206179551729030e-01
-1.661974963592590185e-02 -3.199744520424109839e-01
-1.602137798359933724e-02 -3.205309102091511431e-01
-1.542107821600104470e-02 -3.210900178433726548e-01
-1.481883177655702981e-02 -3.216518006663574569e-01
-1.421461989811675236e-02 -3.222162847365172555e-01
-1.360842359939912725e-02 -3.227834964534396778e-01
-1.300022368139251358e-02 -3.233534625621539704e-01
-1.239000072370599267e-02 -3.239262101576166342e-01
-1.177773508086853681e-02 -3.245017666894151609e-01
-1.116340687857333980e-02 -3.250801599666907626e-01
-1.054699600986306121e-02 -3.256614181632793148e-01
-9.928482133136521531e-03 -3.262455698849212049e-01
-9.307844667580139619e-03 -3.268326441740063149e-01
-8.685062781967733958e-03 -3.274226702667079603e-01
-8.060115397136602758e-03 -3.280156777912053290e-01
-7.432981181981455042e-03 -3.286116967824128654e-01
-6.803638549063316387e-03 -3.292107576868994467e-01
-6.172065650157911032e-03 -3.298128913680993257e-01
-5.538240371738158314e-03 -3.304181291118162278e-01
-4.902140330387032112e-03 -3.310265026320193815e-01
-4.263742868136351054e-03 -3.316380440769313709e-01
-3.623025047727733861e-03 -3.322527860354069773e-01
-2.979963648083361685e-03 -3.328707615763290550e-01
-2.334535160266259894e-03 -3.334920044252540627e-01
-1.686715778042494887e-03 -3.341165484837954058e-01
-1.036481396304756060e-03 -3.347444280735668021e-01
-3.838076064371769036e-04 -3.353756780139424687e-01
2.713303091836439303e-04 -3.360103336277842634e-01
9.289573827684815188e-04 -3.366484307475761661e-01
1.589098966780555294e-03 -3.372900057219646031e-01
2.251780739692801469e-03 -3.379350954227045567e-01
2.917028711842763449e-03 -3.385837372520116295e-01
3.584869231391085188e-03 -3.392359691503166186e-01
4.255328990401398108e-03 -3.398918296054144750e-01
4.928435032271542317e-03 -3.405513577465765773e-01
5.604214756337921703e-03 -3.412145931986088621e-01
6.282695923710924189e-03 -3.418815760951166571e-01
6.963906664707465027e-03 -3.425523471619653648e-01
7.647875485620317555e-03 -3.432269477264093815e-01
8.334631275620563162e-03 -3.439054197266711577e-01
9.024203313800816667e-03 -3.445878057219681212e-01
9.716621276364210968e-03 -3.452741489029875210e-01
1.041191524475811384e-02 -3.459644931291009917e-01
1.111011571392400699e-02 -3.466588829550562578e-01
1.181125359519373183e-02 -3.473573634904950080e-01
1.251536022716234590e-02 -3.480599805266202940e-01
1.322246738405359959e-02 -3.487667805570451862e-01
1.393260728396310960e-02 -3.494778107889823793e-01
1.464581259727697031e-02 -3.501931191550126110e-01
1.536211645527369059e-02 -3.509127543254317305e-01
1.608155245902893882e-02 -3.516367657235984767e-01
1.680415469292571504e-02 -3.523652036336434867e-01
1.752995772495246143e-02 -3.530981190161336936e-01
1.825899661742028113e-02 -3.538355635671640020e-01
1.899130694002841915e-02 -3.545775898079149280e-01
1.972692477976078704e-02 -3.553242510977707158e-01
2.046588675100379992e-02 -3.560756016481886888e-01
2.120823000589605947e-02 -3.568316965373201644e-01
2.195399224492175852e-02 -3.575925917253789943e-01
2.270321173126668701e-02 -3.583583441261529723e-01
2.345592730273572679e-02 -3.591290116278939570e-01
2.421217836653620156e-02 -3.599046528554515345e-01
2.497200492340999681e-02 -3.606853273963240292e-01
2.573544758041071065e-02 -3.614710958294787835e-01
2.650254756313412396e-02 -3.622620197416488996e-01
2.727334672824427084e-02 -3.630581617446187459e-01
2.804788757631053453e-02 -3.638595854934956741e-01
2.882621326561778455e-02 -3.646663557141657797e-01
2.960836764054336490e-02 -3.654785384061608466e-01
3.039439521308122394e-02 -3.662962004516564507e-01
3.118434118584410830e-02 -3.671194097666271028e-01
3.197825147664273143e-02 -3.679482354492534246e-01
3.277617273334784698e-02 -3.687827477988900871e-01
3.357815234913435337e-02 -3.696230183363620192e-01
3.438423847812666773e-02 -3.704691198255862794e-01
3.519448005146371544e-02 -3.713211262965152026e-01
3.600892680500334536e-02 -3.721791131851516776e-01
3.682762929347387776e-02 -3.730431573191019812e-01
3.765063886634712614e-02 -3.739133365242349738e-01
3.847800772068171032e-02 -3.747897300259607767e-01
3.930978892090591925e-02 -3.756724184887728635e-01
4.014603641750028040e-02 -3.765614840406467101e-01
4.098680506620901859e-02 -3.774570102991978704e-01
4.183215064780389236e-02 -3.783590823995963692e-01
4.268212989122147083e-02 -3.792677870490643310e-01
4.353680053495017493e-02 -3.801832129092920787e-01
4.439622125313733708e-02 -3.811054497781669048e-01
4.526045171196721451e-02 -3.820345889526006178e-01
4.612955261661992601e-02 -3.829707234769578195e-01
4.700358573427185910e-02 -3.839139481712367519e-01
4.788261391779465720e-02 -3.848643596616850848e-01
4.876670113018709979e-02 -3.858220564138455932e-01
4.965591246977438949e-02 -3.867871387680227868e-01
5.055031420750288884e-02 -3.877597090637953103e-01
5.144997380667541698e-02 -3.887398716201373450e-01
5.235495991831061457e-02 -3.897277325353354915e-01
5.326534244018985703e-02 -3.907233999710599259e-01
5.418119254698650078e-02 -3.917269842023583526e-01
5.510258272045442246e-02 -3.927385976632818410e-01
5.602958678369537177e-02 -3.937583550168077262e-01
5.696227994645879783e-02 -3.947863732948759252e-01
5.790073879272916030e-02 -3.958227716318870604e-01
5.884504134304863882e-02 -3.968676715231615471e-01
5.979526709645415633e-02 -3.979211969265944449e-01
6.075149706637716918e-02 -3.989834743160781128e-01
6.171381381786362336e-02 -4.000546327387379253e-01
6.268230152988633896e-02 -4.011348040277382676e-01
6.365704598885937870e-02 -4.022241225636326578e-01
6.463813463060623377e-02 -4.033227253552842950e-01
6.562565661203256795e-02 -4.044307522972332980e-01
6.661970285403039094e-02 -4.055483462324617761e-01
6.762036608598900878e-02 -4.066756530196157793e-01
6.862774090791838588e-02 -4.078128216993933131e-01
6.964192383768304240e-02 -4.089600045610392587e-01
7.066301328458304831e-02 -4.101173567760013072e-01
7.169110966868261214e-02 -4.112850368923526290e-01
7.272631547694766163e-02 -4.124632069362905162e-01
7.376873531680372409e-02 -4.136520324915479163e-01
7.481847597704700814e-02 -4.148516828134811152e-01
7.587564653856056218e-02 -4.160623312079190228e-01
7.694035828862631765e-02 -4.172841543191443958e-01
7.801272485549316793e-02 -4.185173326449138087e-01
7.909286230522843963e-02 -4.197620508173990350e-01
8.018088920638055672e-02 -4.210184976963796122e-01
8.127692669744311649e-02 -4.222868664702292274e-01
8.238109861683023949e-02 -4.235673550711130941e-01
8.349353148388169443e-02 -4.248601658055404795e-01
8.461435451668383734e-02 -4.261655051920189563e-01
8.574369982609043872e-02 -4.274835846860975952e-01
8.688170249501046827e-02 -4.288146207946024746e-01
8.802850066091455483e-02 -4.301588351977794211e-01
8.918423563975212687e-02 -4.315164550635607887e-01
9.034905206562118818e-02 -4.328877134178593100e-01
9.152309768149481661e-02 -4.342728478365625033e-01
9.270652366527830368e-02 -4.356721017273690322e-01
9.389948475582188259e-02 -4.370857246063791224e-01
9.510213935370123717e-02 -4.385139722415405394e-01
9.631464962909783156e-02 -4.399571068192883461e-01
9.753718169134877047e-02 -4.414153973797851349e-01
9.876990556927110754e-02 -4.428891193784234570e-01
1.000129953796022042e-01 -4.443785551058074268e-01
1.012666295021549256e-01 -4.458839941132596851e-01
1.025309907183374475e-01 -4.474057334542447806e-01
1.038062663840620958e-01 -4.489440780602462211e-01
1.050926484433557656e-01 -4.504993404124507661e-01
1.063903336709902114e-01 -4.520718412023179145e-01
1.076995238497819585e-01 -4.536619096810801666e-01
1.090204259519445273e-01 -4.552698840065425023e-01
1.103532523181844915e-01 -4.568961115611324120e-01
1.116982206812931477e-01 -4.585409486137198565e-01
1.130555544929807282e-01 -4.602047612311814806e-01
1.144254831243500942e-01 -4.618879256324877614e-01
1.158082421137093670e-01 -4.635908287128454597e-01
1.172040733123216466e-01 -4.653138681348583661e-01
1.186132249691026347e-01 -4.670574521728539930e-01
1.200359521439731958e-01 -4.688220008464344390e-01
1.214725169409646005e-01 -4.706079462989005702e-01
1.229231888637879327e-01 -4.724157336260149109e-01
1.243882448419336151e-01 -4.742458204068895622e-01
1.258679694815720562e-01 -4.760986771050947364e-01
1.273626555529898119e-01 -4.779747883362961969e-01
1.288726042774011316e-01 -4.798746533272562620e-01
1.303981258018235001e-01 -4.817987870458678712e-01
1.319395390624684139e-01 -4.837477190345123579e-01
1.334971723267875110e-01 -4.857219947633436008e-01
1.350713637054832272e-01 -4.877221768108897515e-01
1.366624615475567905e-01 -4.897488455692900478e-01
1.382708250361246727e-01 -4.918026006289433205e-01
1.398968237964682837e-01 -4.938840586110758157e-01
1.415408388719855692e-01 -4.959938558866016090e-01
1.432032632975714648e-01 -4.981326497717128432e-01
1.448845025866480341e-01 -5.003011193694836267e-01
1.465849752352391122e-01 -5.024999664296392332e-01
1.483051129090084130e-01 -5.047299150883968188e-01
1.500453612852575835e-01 -5.069917138286620384e-01
1.518061807297755306e-01 -5.092861367984716781e-01
1.535880467401377347e-01 -5.116139842912550417e-01
1.553914505358644504e-01 -5.139760836871828387e-01
1.572168999737778849e-01 -5.163732914186044409e-01
1.590649203894919372e-01 -5.188064946078467798e-01
1.609360549094092652e-01 -5.212766109170442475e-01
1.628308655129732108e-01 -5.237845908123800465e-01
1.647499340652463784e-01 -5.263314196353729990e-01
1.666938632490218841e-01 -5.289181192652995245e-01
1.686632769332098991e-01 -5.315457479316910705e-01
1.706588217223909687e-01 -5.342154037257332844e-01
1.726811682228324707e-01 -5.369282270829088821e-01
1.747310118290152925e-01 -5.396854016788765751e-01
1.768090735622199483e-01 -5.424881554424912933e-01
1.789161020161838256e-01 -5.453377648959812918e-01
1.810528750334856607e-01 -5.482355585017886224e-01
1.832201999931119540e-01 -5.511829156925710516e-01
1.854189158068431376e-01 -5.541812710377773676e-01
1.876498950935588106e-01 -5.572321187688842326e-01
1.899140460996821267e-01 -5.603370163723564445e-01
1.922123129044228940e-01 -5.634975830069213210e-01
1.945456786868090537e-01 -5.667155068899515369e-01
1.969151680183974240e-01 -5.699925495733209058e-01
1.993218488453210036e-01 -5.733305491531313081e-01
2.017668344944238967e-01 -5.767314234159303110e-01
2.042512866798842641e-01 -5.801971756969942495e-01
2.067764178963081845e-01 -5.837298987758946511e-01
2.093434947005792246e-01 -5.873317811076216310e-01
2.119538406780610007e-01 -5.910051119296839683e-01
2.146088397450810481e-01 -5.947522870986128307e-01
2.173099401950639442e-01 -5.985758167457500001e-01
2.200586578975675112e-01 -6.024783303187776218e-01
2.228565814993403171e-01 -6.064625868709360157e-01
2.257053758274235045e-01 -6.105314800975161216e-01
2.286067871204001956e-01 -6.146880480870120511e-01
2.315626499669074523e-01 -6.189354872664424301e-01
2.345748885223279123e-01 -6.232771506255883054e-01
2.376455269332880815e-01 -6.277165703005764819e-01
2.407766960138386092e-01 -6.322574694951549334e-01
2.439706388243657320e-01 -6.369037710917103690e-01
2.472297175702513894e-01 -6.416596093572587423e-01
2.505564239329022835e-01 -6.465293500682917083e-01
2.539533875990884204e-01 -6.515176052841775700e-01
2.574233863325433025e-01 -6.566292515095859539e-01
2.609693575229643514e-01 -6.618694509425643302e-01
2.645944087025513536e-01 -6.672436693521027751e-01
2.683018325757695055e-01 -6.727577046199916255e-01
2.720951181367413096e-01 -6.784177045139337947e-01
2.759779784351342746e-01 -6.842302250861150847e-01
2.799543483059686033e-01 -6.902022130041304271e-01
2.840284154023235974e-01 -6.963410700579195645e-01
2.882046409001305931e-01 -7.026546902758666890e-01
2.924877818271671148e-01 -7.091514996765444501e-01
2.968829169462250950e-01 -7.158405031999223178e-01
3.013954746823540032e-01 -7.227313349123858366e-01
3.060312599239174425e-01 -7.298343037896303231e-01
3.107964896360023155e-01 -7.371604588079438969e-01
