-7.999980956796340914e-01 1.745539732857792625e-03
-7.003092161969426410e-01 3.593948873585402822e-03
-6.287411941527804027e-01 5.081518315858489683e-03
-5.740731116763545527e-01 6.333344903337157113e-03
-5.305059623607008001e-01 7.417924072492255473e-03
-4.946989854414732268e-01 8.376943660648845935e-03
-4.645728588292977190e-01 9.237748833757062142e-03
-4.387560184097147875e-01 1.001930709031568882e-02
-4.163018375821142536e-01 1.073535628395185827e-02
-3.965328095570772038e-01 1.139619568203508945e-02
-3.789493367041466554e-01 1.200976587956410595e-02
-3.631737112813332446e-01 1.258233299904273385e-02
-3.489142775505016947e-01 1.311893978354263315e-02
-3.359416845919630523e-01 1.362371240318666597e-02
-3.240727014681101803e-01 1.410007575083589010e-02
-3.131589018326801366e-01 1.455090835558648342e-02
-3.030785713490586342e-01 1.497865615588922852e-02
-2.937308075931969187e-01 1.538541776591260436e-02
-2.850311333988858054e-01 1.577300897173691818e-02
-2.769081997197108125e-01 1.614301302547479708e-02
-2.693012630760430737e-01 1.649681996789371941e-02
-2.621582300089485562e-01 1.683565766265212801e-02
-2.554341317886345553e-01 1.716061707831327554e-02
-2.490899103878338183e-01 1.747267236906854468e-02
-2.430914496822907112e-01 1.777269736302217878e-02
-2.374087971188880430e-01 1.806147936448574201e-02
-2.320155286052396348e-01 1.833973047613866522e-02
-2.268882289722899126e-01 1.860809713653618566e-02
-2.220060631558637698e-01 1.886716815237166750e-02
-2.173504182976579435e-01 1.911748136151230834e-02
-2.129046111335605451e-01 1.935952988247308451e-02
-2.086536322745960459e-01 1.959376663631766727e-02
-2.045839380247584383e-01 1.982060893492719814e-02
-2.006832678523308156e-01 2.004044193586185935e-02
-1.969404932307672051e-01 2.025362208224666671e-02
-1.933454866515519621e-01 2.046047999330155923e-02
-1.898890064663290023e-01 2.066132275079293756e-02
-1.865626002436325259e-01 2.085643620927265726e-02
-1.833585202149033422e-01 2.104608697691375332e-02
-1.802696479862070378e-01 2.123052398495332838e-02
-1.772894294663013848e-01 2.140997995237346740e-02
-1.744118241710148620e-01 2.158467347269904177e-02
-1.716312453871612353e-01 2.175480904179103933e-02
-1.689425244804338422e-01 2.192057915215969363e-02
-1.663408661658665466e-01 2.208216455411051923e-02
-1.638218190440756117e-01 2.223973579212150040e-02
-1.613812403105315818e-01 2.239345340929210434e-02
-1.590152721435534600e-01 2.254346917811522397e-02
-1.567203140920468141e-01 2.268992633246759774e-02
-1.544930037504679832e-01 2.283296053175251986e-02
-1.523301948291655439e-01 2.297270008856833190e-02
-1.502289413371828419e-01 2.310926674518737345e-02
-1.481864799324807414e-01 2.324277588113706980e-02
-1.462002167706137057e-01 2.337333712472624767e-02
-1.442677126623820583e-01 2.350105445489249212e-02
-1.423866742561415710e-01 2.362602703730304690e-02
-1.405549424980104822e-01 2.374834944413961937e-02
-1.387704780270496707e-01 2.386811114047586099e-02
-1.370313590336099951e-01 2.398539788957255309e-02
-1.353357692804935397e-01 2.410029137057239160e-02
-1.336819904853489838e-01 2.421286937065183706e-02
-1.320683984354513452e-01 2.432320652828406232e-02
-1.304934531620246807e-01 2.443137389603965148e-02
-1.289556952642392229e-01 2.453743949628647142e-02
-1.274537410295235873e-01 2.464146857925183370e-02
-1.259862753863584262e-01 2.474352336824603774e-02
-1.245520497200426624e-01 2.484366364765890761e-02
-1.231498767690174106e-01 2.494194672162221987e-02
-1.217786262066056779e-01 2.503842742168756186e-02
-1.204372225382843442e-01 2.513315851818977154e-02
-1.191246405535145575e-01 2.522619057679494417e-02
-1.178399027823349987e-01 2.531757216349394060e-02
-1.165820770120126193e-01 2.540735001729310313e-02
-1.153502724880400704e-01 2.549556888772008117e-02
-1.141436390467690243e-01 2.558227196043273352e-02
-1.129613650137501757e-01 2.566750098771790334e-02
-1.118026738048442797e-01 2.575129608256965588e-02
-1.106668207107305152e-01 2.583369549364626649e-02
-1.095530941500917899e-01 2.591473637855621487e-02
-1.084608131039454942e-01 2.599445468651283633e-02
-1.073893238716511489e-01 2.607288482957552389e-02
-1.063379996104011488e-01 2.615005997876884009e-02
-1.053062397066068523e-01 2.622601231075297190e-02
-1.042934679942552345e-01 2.630077295298856657e-02
-1.032991301777281129e-01 2.637437169332145295e-02
-1.023226942878698170e-01 2.644683742596006665e-02
-1.013636494536450938e-01 2.651819816629963703e-02
-1.004215043747706537e-01 2.658848096429981822e-02
-9.949578592979101133e-02 2.665771182612861057e-02
-9.858603932866220887e-02 2.672591602894288168e-02
-9.769182697961634188e-02 2.679311808674101139e-02
-9.681272708185993670e-02 2.685934161941340784e-02
-9.594833324226691162e-02 2.692460948308781493e-02
-9.509825405278277133e-02 2.698894388271953423e-02
-9.426211224459600524e-02 2.705236635585034702e-02
-9.343954356179119680e-02 2.711489765946840588e-02
-9.263019674597249009e-02 2.717655796186286069e-02
-9.183373292134522359e-02 2.723736685698240761e-02
-9.104982475877755610e-02 2.729734330132570566e-02
-9.027815582638341885e-02 2.735650559183486208e-02
-8.951842077417597465e-02 2.741487158723784207e-02
-8.877032469587782526e-02 2.747245867886300916e-02
-8.803358279127802832e-02 2.752928384363551376e-02
-8.730791925822153909e-02 2.758536344765906770e-02
-8.659306651751332018e-02 2.764071313502061006e-02
-8.588876633717132392e-02 2.769534831438725392e-02
-8.519476890129260016e-02 2.774928399853444222e-02
-8.451083253511001980e-02 2.780253484204030581e-02
-8.383672292573569884e-02 2.785511500649213643e-02
-8.317221259664420163e-02 2.790703809596388474e-02
-8.251708157609556615e-02 2.795831748706975595e-02
-8.187111675454589177e-02 2.800896622407935896e-02
-8.123411166825714180e-02 2.805899704898143221e-02
-8.060586589479695752e-02 2.810842229232175110e-02
-7.998618466504708868e-02 2.815725382864390364e-02
-7.937487933847803268e-02 2.820550333131348689e-02
-7.877176691053033863e-02 2.825318218999650632e-02
-7.817666983717687368e-02 2.830030153349612221e-02
-7.758941558764527457e-02 2.834687215010882680e-02
-7.700983636557366674e-02 2.839290446144245375e-02
-7.643776940233677764e-02 2.843840870380481139e-02
-7.587305659719346951e-02 2.848339487059017502e-02
-7.531554437486034925e-02 2.852787273008133839e-02
-7.476508334779159715e-02 2.857185176603858207e-02
-7.422152811115477478e-02 2.861534116289048482e-02
-7.368473742566604423e-02 2.865834993787496135e-02
-7.315457394900654053e-02 2.870088690006287677e-02
-7.263090411986701522e-02 2.874296066458048929e-02
-7.211359789422418232e-02 2.878457960574115279e-02
-7.160252859018639837e-02 2.882575184873006208e-02
-7.109757300831219540e-02 2.886648537018076180e-02
-7.059861122397094457e-02 2.890678796718229582e-02
-7.010552649196852282e-02 2.894666726859820502e-02
-6.961820498133371171e-02 2.898613067392965745e-02
-6.913653569552782874e-02 2.902518536474166244e-02
-6.866041064052409715e-02 2.906383841955547526e-02
-6.818972461380441719e-02 2.910209677067168710e-02
-6.772437513298797118e-02 2.913996721688548105e-02
-6.726426237086065296e-02 2.917745643769228264e-02
-6.680928908746193440e-02 2.921457100504863333e-02
-6.635935998575365202e-02 2.925131713982237133e-02
-6.591438207964915585e-02 2.928770090463226478e-02
-6.547426490093362361e-02 2.932372833246673152e-02
-6.503892020822230058e-02 2.935940533509925898e-02
-6.460826193119112437e-02 2.939473771255182374e-02
-6.418220611921555963e-02 2.942973116356784047e-02
-6.376067086447560761e-02 2.946439128336263841e-02
-6.334357583632156674e-02 2.949872337886421877e-02
-6.293084270084896292e-02 2.953273268950161456e-02
-6.252239506426977844e-02 2.956642439198213165e-02
-6.211815833170944434e-02 2.959980356371551616e-02
-6.171805966389841414e-02 2.963287519034178003e-02
-6.132202793707623029e-02 2.966564417402465029e-02
-6.092999365095398689e-02 2.969811531570538954e-02
-6.054188860131480554e-02 2.973029317991152803e-02
-6.015764626567390166e-02 2.976218230528300882e-02
-5.977720166095792237e-02 2.979378716054979434e-02
-5.940049126858031742e-02 2.982511213136158912e-02
-5.902745299987337962e-02 2.985616152601006101e-02
-5.865802616384960949e-02 2.988693958170368301e-02
-5.829215136588769552e-02 2.991745043480482924e-02
-5.792977033237185075e-02 2.994769805065081517e-02
-5.757082617151038084e-02 2.997768637667780692e-02
-5.721526323372730372e-02 3.000741929150500809e-02
-5.686302707204713563e-02 3.003690060382425281e-02
-5.651406441437653583e-02 3.006613405684241055e-02
-5.616832313750878131e-02 3.009512333313439300e-02
-5.582575216112962979e-02 3.012387201585225299e-02
-5.548630138876668727e-02 3.015238357313394790e-02
-5.514992184878936277e-02 3.018066145073317053e-02
-5.481656559006122670e-02 3.020870903278178102e-02
-5.448618565732551294e-02 3.023652964450905187e-02
-5.415873606891665609e-02 3.026412655579546404e-02
-5.383417179540758712e-02 3.029150298483859055e-02
-5.351244865093334607e-02 3.031866205194810870e-02
-5.319352331707834919e-02 3.034560680652200262e-02
-5.287735338996434747e-02 3.037234026799395456e-02
-5.256389731516877134e-02 3.039886540311183272e-02
-5.225311436860551745e-02 3.042518512854215651e-02
-5.194496463839592265e-02 3.045130231369416740e-02
-5.163940900250952454e-02 3.047721978070775870e-02
-5.133640899678221237e-02 3.050294023886236661e-02
-5.103592693275960102e-02 3.052846636534849861e-02
-5.073792589142474274e-02 3.055380081419932503e-02
-5.044236967137113309e-02 3.057894619754597532e-02
-5.014922277453962712e-02 3.060390508863249093e-02
-4.985845039281283642e-02 3.062868002509466087e-02
-4.957001839545912419e-02 3.065327351252019120e-02
-4.928389331741774015e-02 3.067768802830777783e-02
-4.900004234841680989e-02 3.070192602584250266e-02
-4.871843314915664386e-02 3.072598982941757151e-02
-4.843903383245534017e-02 3.074988162940330005e-02
-4.816181327766307085e-02 3.077360368993504319e-02
-4.788674094120268232e-02 3.079715824043893768e-02
-4.761378684373433062e-02 3.082054747685247786e-02
-4.734292155933797486e-02 3.084377356390971200e-02
-4.707411620529418361e-02 3.086683863761752883e-02
-4.680734243245721071e-02 3.088974480793537508e-02
-4.654257241621491403e-02 3.091249416167046044e-02
-4.627977880769568869e-02 3.093508873864075914e-02
-4.601893457038614549e-02 3.095753042957090362e-02
-4.576001325532842029e-02 3.097982116676071054e-02
-4.550298890167170374e-02 3.100196286663891437e-02
-4.524783600678604356e-02 3.102395741752203909e-02
-4.499452951764042891e-02 3.104580668133509469e-02
-4.474304482261429877e-02 3.106751249547056934e-02
-4.449335774373809616e-02 3.108907667479469603e-02
-4.424544452935844085e-02 3.111050101380952865e-02
-4.399928184310560042e-02 3.113178728606651527e-02
-4.375484662786646717e-02 3.115293715435324406e-02
-4.351211623709089898e-02 3.117395226883431722e-02
-4.327106845312741340e-02 3.119483428729788455e-02
-4.303168143331119466e-02 3.121558484354964441e-02
-4.279393370295530435e-02 3.123620554865222387e-02
-4.255780414865537042e-02 3.125669799225983675e-02
-4.232327201190425048e-02 3.127706374405454098e-02
-4.209031688301400481e-02 3.129730435529032295e-02
-4.185891869534105053e-02 3.131742136045140984e-02
-4.162905767078991376e-02 3.133741624212851851e-02
-4.140071429899909450e-02 3.135729041994589350e-02
-4.117386944301950485e-02 3.137704533534110829e-02
-4.094850427627982209e-02 3.139668240998343129e-02
-4.072460027590946163e-02 3.141620304596052377e-02
-4.050213921726126404e-02 3.143560862675714995e-02
-4.028110316866280460e-02 3.145490051830569789e-02
-4.006147448639375136e-02 3.147408007011315983e-02
-3.984323580988673175e-02 3.149314861646911046e-02
-3.962637004578168504e-02 3.151210746869927137e-02
-3.941086030888543701e-02 3.153095787252720161e-02
-3.919669001096476313e-02 3.154970108275397672e-02
-3.898384282942514434e-02 3.156833834329269423e-02
-3.877230269436618415e-02 3.158687088131036796e-02
-3.856205378410598045e-02 3.160529990797641964e-02
-3.835308052087754022e-02 3.162362661926398227e-02
-3.814536756669457268e-02 3.164185219680731853e-02
-3.793889981938518285e-02 3.165997780881910778e-02
-3.773366240791947018e-02 3.167800461033851156e-02
-3.752964064711731412e-02 3.169593370907544672e-02
-3.732682007439602073e-02 3.171376619962337773e-02
-3.712518645967847336e-02 3.173150317588135233e-02
-3.692472578449995657e-02 3.174914571733775809e-02
-3.672542423831976627e-02 3.176669488963775739e-02
-3.652726821496252857e-02 3.178415174518887942e-02
-3.633024430918756209e-02 3.180151732380753077e-02
-3.613433931338536076e-02 3.181879265340881863e-02
-3.593954021439903224e-02 3.183597875074239275e-02
-3.574583416611371023e-02 3.185307660047326933e-02
-3.555320847653892918e-02 3.187008714642022150e-02
-3.536165067184780103e-02 3.188701135180412732e-02
-3.517114845843947318e-02 3.190385016907726357e-02
-3.498168971911385511e-02 3.192060453970481382e-02
-3.479326251033230955e-02 3.193727539485562844e-02
-3.460585505958643088e-02 3.195386365614001634e-02
-3.441945576287393921e-02 3.197037023639674735e-02
-3.423405318227987909e-02 3.198679604053145109e-02
-3.404963604366186003e-02 3.200314196640858394e-02
-3.386619323443759710e-02 3.201940890579908078e-02
-3.368371380147339167e-02 3.203559774538587701e-02
-3.350218694907180356e-02 3.205170936782937574e-02
-3.332160196012076692e-02 3.206774457885366858e-02
-3.314194821399243929e-02 3.208370412533395610e-02
-3.296321531346924072e-02 3.209958882016927112e-02
-3.278539300295307130e-02 3.211539946710115917e-02
-3.260847116591836931e-02 3.213113686084331094e-02
-3.243243982278891380e-02 3.214680178757470946e-02
-3.225728912888975453e-02 3.216239502546520967e-02
-3.208300937247323542e-02 3.217791734523517411e-02
-3.190959097281781398e-02 3.219336951075059405e-02
-3.173702447839917007e-02 3.220875227965516729e-02
-3.156530056513177918e-02 3.222406640404089362e-02
-3.139441003468044361e-02 3.223931263115858981e-02
-3.122434381275217274e-02 3.225449170407879151e-02
-3.105509288772769633e-02 3.226960430032839444e-02
-3.088664835370082476e-02 3.228465107742724965e-02
-3.071900146051030969e-02 3.229963272737420427e-02
-3.055214357065746955e-02 3.231454993454113689e-02
-3.038606615760820057e-02 3.232940337603048414e-02
-3.022076080414902444e-02 3.234419372205561694e-02
-3.005621920079625670e-02 3.235892163634496860e-02
-2.989243314425795231e-02 3.237358777657118464e-02
-2.972939453594725806e-02 3.238819279480618929e-02
-2.956709538054681091e-02 3.240273733800327904e-02
-2.940552778462315886e-02 3.241722204850733952e-02
-2.924468395529042364e-02 3.243164756459408077e-02
-2.908455619811759971e-02 3.244601452014161252e-02
-2.892513686748305474e-02 3.246032349088313201e-02
-2.876641841696501653e-02 3.247457505162733987e-02
-2.860839341536697278e-02 3.248876979648437913e-02
-2.845105452207649308e-02 3.250290831331567598e-02
-2.829439448572647689e-02 3.251699118399750676e-02
-2.813840614289486036e-02 3.253101898470055209e-02
-2.798308241684220599e-02 3.254499228618609741e-02
-2.782841631628664089e-02 3.255891165411963634e-02
-2.767440093421550534e-02 3.257277764940275100e-02
-2.752102944673315288e-02 3.258659082852379679e-02
-2.736829511194438166e-02 3.260035174392834217e-02
-2.721619126887267828e-02 3.261406094440996023e-02
-2.706471133482925631e-02 3.262771897361278761e-02
-2.691384877062680259e-02 3.264132632944798801e-02
-2.676359712387158321e-02 3.265488351727393462e-02
-2.661395002844795313e-02 3.266839105121543962e-02
-2.646490119163376342e-02 3.268184944021867294e-02
-2.631644439303502600e-02 3.269525918824658234e-02
-2.616857348354869467e-02 3.270862079448559612e-02
-2.602128238435265362e-02 3.272193475356421216e-02
-2.587456508592279186e-02 3.273520155578394514e-02
-2.572841564707661899e-02 3.274842168736320780e-02
-2.558282819404307171e-02 3.276159563069466069e-02
-2.543779691955798047e-02 3.277472386461650206e-02
-2.529331608198477285e-02 3.278780686469823930e-02
-2.514938000239014260e-02 3.280084510084192717e-02
-2.500598304216141571e-02 3.281383900923363212e-02
-2.486311963537093939e-02 3.282678903551755623e-02
-2.472078428247070914e-02 3.283969562818040561e-02
-2.457897154382911870e-02 3.285255923144812795e-02
-2.443767603888050144e-02 3.286538028543987966e-02
-2.429689244529525602e-02 3.287815922633045146e-02
-2.415661549817024398e-02 3.289089648652167991e-02
-2.401683998923899790e-02 3.290359249482299742e-02
-2.387756076610157707e-02 3.291624767664181467e-02
-2.373877273147350503e-02 3.292886245418391589e-02
-2.360047084245385160e-02 3.294143724666429712e-02
-2.346265010981157806e-02 3.295397247052884310e-02
-2.332530559478842441e-02 3.296646853615128880e-02
-2.318843239417931953e-02 3.297892582771124598e-02
-2.305202566527976560e-02 3.299134473934760281e-02
-2.291608061804101953e-02 3.300372566544044345e-02
-2.278059251159198981e-02 3.301606899682640178e-02
-2.264555665355130754e-02 3.302837512091697653e-02
-2.251096839935468746e-02 3.304064442182319539e-02
-2.237682315159728041e-02 3.305287728048667689e-02
-2.224311635939069456e-02 3.306507407481758948e-02
-2.210984351773472023e-02 3.307723517983964662e-02
-2.197700016690306082e-02 3.308936096784243636e-02
-2.184458189184325730e-02 3.310145180854149466e-02
-2.171258432159013999e-02 3.311350806924619888e-02
-2.158100312450714903e-02 3.312553010861097463e-02
-2.144983399544869024e-02 3.313751825764407744e-02
-2.131907268452258933e-02 3.314947286464439008e-02
-2.118871498512749779e-02 3.316139427814933371e-02
-2.105875673140064283e-02 3.317328284401268451e-02
-2.092919379768223842e-02 3.318513890554650875e-02
-2.080002209799186250e-02 3.319696280367032126e-02
-2.067123758551662333e-02 3.320875487706792528e-02
-2.054283625211088607e-02 3.322051546235213482e-02
-2.041481412780721261e-02 3.323224489423739353e-02
-2.028716728033839664e-02 3.324394350572087986e-02
-2.015989181467018471e-02 3.325561162827198047e-02
-2.003298387254465185e-02 3.326724959203058996e-02
-1.990643963203363523e-02 3.327885772601432007e-02
-1.978025530710244076e-02 3.329043635833490306e-02
-1.965442714718301787e-02 3.330198581642395544e-02
-1.952895143675682094e-02 3.331350642726838701e-02
-1.940382449494673645e-02 3.332499851765552412e-02
-1.927904266153462193e-02 3.333646239094060354e-02
-1.915460227531372989e-02 3.334789828949995261e-02
-1.903049974039333625e-02 3.335930650980582085e-02
-1.890673149544709261e-02 3.337068735095799488e-02
-1.878329401046142932e-02 3.338204110992002566e-02
-1.866018378632119945e-02 3.339336808161876002e-02
-1.853739735440343428e-02 3.340466855904897225e-02
-1.841493127617909939e-02 3.341594283338295002e-02
-1.829278214282256329e-02 3.342719119408553430e-02
-1.817094657482873007e-02 3.343841392903448145e-02
-1.804942122163755158e-02 3.344961132464647352e-02
-1.792820276126584275e-02 3.346078366600887394e-02
-1.780728789994611913e-02 3.347193123701732581e-02
-1.768667337177228308e-02 3.348305432051940783e-02
-1.756635593835218292e-02 3.349415319846450745e-02
-1.744633238846648657e-02 3.350522815205989741e-02
-1.732659953773404288e-02 3.351627946193343199e-02
-1.720715422828321406e-02 3.352730740830259931e-02
-1.708799331806173244e-02 3.353831225080208117e-02
-1.696911367407370752e-02 3.354929421517573174e-02
-1.685051220728489910e-02 3.356025356236313345e-02
-1.673218585395587141e-02 3.357119055316620804e-02
-1.661413157450268227e-02 3.358210544674480880e-02
-1.649634635317260081e-02 3.359299850069247251e-02
-1.637882719772533122e-02 3.360386997111589752e-02
-1.626157113911966268e-02 3.361472011271793986e-02
-1.614457523120541027e-02 3.362554917888441186e-02
-1.602783655042053571e-02 3.363635742177475962e-02
-1.591135219549325366e-02 3.364714509241673729e-02
-1.579511928714912028e-02 3.365791244080505035e-02
-1.567913496782276372e-02 3.366865971600427332e-02
-1.556339640137441825e-02 3.367938716625597934e-02
-1.544790077281082454e-02 3.369009503909021347e-02
-1.533264528801052753e-02 3.370078358144143471e-02
-1.521762717345346086e-02 3.371145303976903068e-02
-1.510284367595451580e-02 3.372210366018241895e-02
-1.498829205396714354e-02 3.373273566958915476e-02
-1.487396957785629137e-02 3.374334927627596625e-02
-1.475987354864949884e-02 3.375394471277085029e-02
-1.464600128637955252e-02 3.376452221067893084e-02
-1.453235012965166904e-02 3.377508200035943958e-02
-1.441891743538348432e-02 3.378562431098239977e-02
-1.430570057854890602e-02 3.379614937058782881e-02
-1.419269695192565579e-02 3.380665740614745979e-02
-1.407990396584637809e-02 3.381714864362899559e-02
-1.396731904795335023e-02 3.382762330806309697e-02
-1.385493964295654752e-02 3.383808162361307686e-02
-1.374276321239504238e-02 3.384852381364736318e-02
-1.363078723440161975e-02 3.385895010081491074e-02
-1.351900920347059130e-02 3.386936070712340957e-02
-1.340742663022856038e-02 3.387975585402063644e-02
-1.329603704120817589e-02 3.389013576247876247e-02
-1.318483797862466354e-02 3.390050065308181093e-02
-1.307382700015518456e-02 3.391085074611629308e-02
-1.296300167207103428e-02 3.392118624426430917e-02
-1.285235957288289460e-02 3.393150734211785452e-02
-1.274189830216679482e-02 3.394181425000272756e-02
-1.263161547382632768e-02 3.395210717725497679e-02
-1.252150871586997158e-02 3.396238633224210601e-02
-1.241157567019746284e-02 3.397265192240263298e-02
-1.230181399238886378e-02 3.398290415428716071e-02
-1.219222135149612522e-02 3.399314323360115575e-02
-1.208279542983723906e-02 3.400336936524938486e-02
-1.197353392279272219e-02 3.401358275338212805e-02
-1.186443453860449616e-02 3.402378360144311942e-02
-1.175549499817703583e-02 3.403397211221936836e-02
-1.164671303488076966e-02 3.404414848789281967e-02
-1.153808639435759294e-02 3.405431293009398425e-02
-1.142961283432846788e-02 3.406446563995745025e-02
-1.132129012440303943e-02 3.407460681817949671e-02
-1.121311604589114025e-02 3.408473666507762928e-02
-1.110508839160179173e-02 3.409485538060795518e-02
-1.099720496162500186e-02 3.410496315191828554e-02
-1.088946356704735031e-02 3.411506016498819932e-02
-1.078186203254498376e-02 3.412514661343050981e-02
-1.067439819344581653e-02 3.413522269014655081e-02
-1.056706989554877241e-02 3.414528858735757511e-02
-1.045987499494486356e-02 3.415534449663738814e-02
-1.035281135784006309e-02 3.416539060894621671e-02
-1.024587686037984301e-02 3.417542711466573652e-02
-1.013906938847546242e-02 3.418545420363539034e-02
-1.003238683763177028e-02 3.419547206519004540e-02
-9.925827112776629962e-03 3.420548088819889282e-02
-9.819388128091790721e-03 3.421548086110576953e-02
-9.713067806845280400e-03 3.422547217197086794e-02
-9.606864081225125265e-03 3.423545500851379181e-02
-9.500774892174435049e-03 3.424542955815811779e-02
-9.394798189227752602e-03 3.425539600807744195e-02
-9.288931930348675106e-03 3.426535454524284874e-02
-9.183174050569590727e-03 3.427530524002471435e-02
-9.077522592876976007e-03 3.428524853424643609e-02
-8.971975494121665548e-03 3.429518444591292403e-02
-8.866530743953297475e-03 3.430511315893522428e-02
-8.761186339470882628e-03 3.431503485642949103e-02
-8.655940285081684810e-03 3.432494972078133783e-02
-8.550790592359927555e-03 3.433485793370848888e-02
-8.445735279905277129e-03 3.434475967632171639e-02
-8.340772373201224901e-03 3.435465512918418896e-02
-8.235899904473261562e-03 3.436454447236907822e-02
-8.131115912546912558e-03 3.437442788551550027e-02
-8.026418442705617398e-03 3.438430554788281246e-02
-7.921805546548579477e-03 3.439417763840318942e-02
-7.817275281848400786e-03 3.440404433573260312e-02
-7.712825712408681936e-03 3.441390581830002654e-02
-7.608454907921545843e-03 3.442376226435510389e-02
-7.504160943825046066e-03 3.443361385201403058e-02
-7.399941901160595956e-03 3.444346075930388579e-02
-7.295795866352666574e-03 3.445330316383860003e-02
-7.191720929471646755e-03 3.446314123519216704e-02
-7.087715186358978237e-03 3.447297514536713792e-02
-6.983776738437467990e-03 3.448280506878333845e-02
-6.879903691981739851e-03 3.449263117955333330e-02
-6.776094157978022024e-03 3.450245365149749027e-02
-6.672346251984311027e-03 3.451227265815744877e-02
-6.568658093990873033e-03 3.452208837280790199e-02
-6.465027808281225731e-03 3.453190096846674856e-02
-6.361453523293437648e-03 3.454171061790362041e-02
-6.257933371481912317e-03 3.455151749364672453e-02
-6.154465489179536744e-03 3.456132176798811656e-02
-6.051048016460372839e-03 3.457112361298729508e-02
-5.947679097002719212e-03 3.458092320047326945e-02
-5.844356878233387259e-03 3.459072070370620283e-02
-5.741079511007967338e-03 3.460051629642066362e-02
-5.637845149132296625e-03 3.461031015078172568e-02
-5.534651949480165305e-03 3.462010243883428817e-02
-5.431498071858042835e-03 3.462989333250286739e-02
-5.328381678870195391e-03 3.463968300358962610e-02
-5.225300935784219641e-03 3.464947162377073064e-02
-5.122254010397109085e-03 3.465925936459125778e-02
-5.019239072901721978e-03 3.466904639745842232e-02
-4.916254295753774012e-03 3.467883289363339616e-02
-4.813297853539291564e-03 3.468861902422142734e-02
-4.710367922842637403e-03 3.469840496016057818e-02
-4.607462682114992630e-03 3.470819087220877036e-02
nan nan
nan nan
nan nan
nan nan
nan nan
nan nan
nan nan
nan nan
nan nan
nan nan
nan nan
nan nan
nan nan
nan nan
nan nan
nan nan
nan nan
nan nan
nan nan
nan nan
nan nan
nan nan
-2.037551432420132546e-03 3.495333475004928220e-02
-1.934651905194018171e-03 3.496318055831836025e-02
-1.831728128751125995e-03 3.497303101100626699e-02
-1.728778282109753135e-03 3.498288628481608514e-02
-1.625800542420968763e-03 3.499274655662702044e-02
-1.522793084841969971e-03 3.500261200353186469e-02
-1.419754082408562898e-03 3.501248280287309195e-02
-1.316681705906902478e-03 3.502235913227754599e-02
-1.213574123744397574e-03 3.503224116968967766e-02
-1.110429501819934148e-03 3.504212909340342214e-02
-1.007246003393252312e-03 3.505202308209250106e-02
-9.040217889536296099e-04 3.506192331483945490e-02
-8.007550160877740164e-04 3.507182997116304463e-02
-6.974438393470676085e-04 3.508174323104409909e-02
-5.940864100891350306e-04 3.509166327347996300e-02
-4.906808763943225219e-04 3.510159027858211073e-02
-3.872253829326626233e-04 3.511152442857606859e-02
-2.837180707913377134e-04 3.512146590614241559e-02
-1.801570773399098296e-04 3.513141489444067400e-02
-7.654053609471878365e-05 3.514137157713177056e-02
2.713342341741769719e-05 3.515133613839884624e-02
1.308666757962835070e-04 3.516130876296676838e-02
2.346610999059874493e-04 3.517128963611983877e-02
3.385185790134750787e-04 3.518127894371826658e-02
4.424410009276997721e-04 3.519127687221285800e-02
5.464302581394811292e-04 3.520128360865828338e-02
6.504882479620791025e-04 3.521129934072477624e-02
7.546168727324108075e-04 3.522132425951141760e-02
8.588180399952480152e-04 3.523135855959320245e-02
9.630936623955518644e-04 3.524140242833941755e-02
1.067445657942390222e-03 3.525145605373139479e-02
1.171875950163950514e-03 3.526151962472234141e-02
1.276386468255979578e-03 3.527159333122072138e-02
1.380979147230441875e-03 3.528167736407218646e-02
1.485655928064469897e-03 3.529177191503971023e-02
1.590418757849476009e-03 3.530187717678218151e-02
1.695269589940563530e-03 3.531199334283128405e-02
1.800210384106110421e-03 3.532212060756668298e-02
1.905243106677555935e-03 3.533225916618967094e-02
2.010369730699406061e-03 3.534240921469496838e-02
2.115592236079342613e-03 3.535257094984103204e-02
2.220912609738564993e-03 3.536274456911858710e-02
2.326332845762237121e-03 3.537293027071743839e-02
2.431854945550121928e-03 3.538312825349176211e-02
2.537480917967248166e-03 3.539333871692353084e-02
2.643212792359105230e-03 3.540356203339088681e-02
2.749052573976642350e-03 3.541379813903103302e-02
2.855002303851217772e-03 3.542404735514487202e-02
2.961064022541010522e-03 3.543430988420006450e-02
3.067239778919518111e-03 3.544458593005904434e-02
3.173531630344008161e-03 3.545487569796305222e-02
3.279941642824896805e-03 3.546517939451785534e-02
3.386471891196147100e-03 3.547549722768122971e-02
3.493124459286625887e-03 3.548582940675203135e-02
3.599901440092645021e-03 3.549617614236098145e-02
3.706804935951614564e-03 3.550653764646306831e-02
3.813837058716949314e-03 3.551691413233151046e-02
3.920999929934198755e-03 3.552730581455344067e-02
4.028295681018564771e-03 3.553771290902701246e-02
4.135726453433790674e-03 3.554813563296018580e-02
4.243294398872499151e-03 3.555857420487098380e-02
4.351001679438085828e-03 3.556902884458928299e-02
4.458850467828083010e-03 3.557949977326006763e-02
4.566842948641402188e-03 3.558998722209318760e-02
4.674981317496061488e-03 3.560049142323030991e-02
4.783267779581323008e-03 3.561101259761239451e-02
4.891704551446536195e-03 3.562155096799947407e-02
5.000293861201870506e-03 3.563210675899174118e-02
5.109037948714626257e-03 3.564268019700658763e-02
5.217939065807113662e-03 3.565327151025816238e-02
5.326999476456034145e-03 3.566388092873910842e-02
5.436221456993616322e-03 3.567450868420474902e-02
5.545607296310452877e-03 3.568515501015950830e-02
5.655159296060160642e-03 3.569582014184558699e-02
5.764879770865987026e-03 3.570650431623387244e-02
5.874771048529296887e-03 3.571720777201709690e-02
5.984835470240206998e-03 3.572793074960507742e-02
6.095075390790292633e-03 3.573867349112214153e-02
6.205493178787536285e-03 3.574943624040662765e-02
6.316091216873495097e-03 3.576021924301250182e-02
6.426871901946048030e-03 3.577102274623056299e-02
6.537837648613882557e-03 3.578184701678428087e-02
6.648990885033884309e-03 3.579269231576691357e-02
6.760334051130347140e-03 3.580355888860959485e-02
6.871869602066885997e-03 3.581444698337454824e-02
6.983600008480268101e-03 3.582535685070775688e-02
7.095527756716359623e-03 3.583628874379541501e-02
7.207655349068269393e-03 3.584724291832381421e-02
7.319985304016746012e-03 3.585821963244289340e-02
7.432520156473050414e-03 3.586921914673327216e-02
7.545262458024312550e-03 3.588024172417675350e-02
7.658214777181551747e-03 3.589128763013021278e-02
7.771379699630372867e-03 3.590235713230296305e-02
7.884759828484555130e-03 3.591345050073733308e-02
7.998357784542574345e-03 3.592456800779256221e-02
8.112176206547179122e-03 3.593570992813204662e-02
8.226217751448144239e-03 3.594687653871352778e-02
8.340485094668229765e-03 3.595806811878260456e-02
8.454980930467205849e-03 3.596928495027180983e-02
8.569707978631380119e-03 3.598052734471476194e-02
8.684668974164243618e-03 3.599179559761216118e-02
8.799866667128184231e-03 3.600308998780946124e-02
8.915303827620029223e-03 3.601441079765300285e-02
9.030983246056242461e-03 3.602575831291746078e-02
9.146907733461330861e-03 3.603713282273873081e-02
9.263080121759432323e-03 3.604853461955195848e-02
9.379503264069461582e-03 3.605996399903483446e-02
9.496180035003801839e-03 3.607142126005601773e-02
9.613113330970722570e-03 3.608290670462854788e-02
9.730306070480771591e-03 3.609442063786838517e-02
9.847761194457089334e-03 3.610596336795773159e-02
9.965481666550033910e-03 3.611753520611329232e-02
1.008347047345606318e-02 3.612913646655925570e-02
1.020173062524116873e-02 3.614076746650501243e-02
1.032026515566885835e-02 3.615242852612744057e-02
1.043907712253298696e-02 3.616411996855777022e-02
1.055816960849203026e-02 3.617584212157429202e-02
1.067754573271922740e-02 3.618759535582764114e-02
1.079720862968826418e-02 3.619938001040110681e-02
1.091716145329824084e-02 3.621119640715710075e-02
1.103740738355731346e-02 3.622304487256700761e-02
1.115794962693732358e-02 3.623492573760719870e-02
1.127879141673323975e-02 3.624683933766263688e-02
1.139993601342750677e-02 3.625878601243805177e-02
1.152138670505970137e-02 3.627076610587647715e-02
1.164314680760154125e-02 3.628277996608519906e-02
1.176521966533756146e-02 3.629482794526885797e-02
1.188760865125156746e-02 3.630691039966973260e-02
1.201031716741916486e-02 3.631902768951497662e-02
1.213334864540650815e-02 3.633118017897078722e-02
1.225670654667548702e-02 3.634336823610331835e-02
1.238039436299558094e-02 3.635559223284631075e-02
1.250441561686248607e-02 3.636785254497518910e-02
1.262877386192385112e-02 3.638014955208766082e-02
1.275347268527156179e-02 3.639248364289629500e-02
1.287851572790830491e-02 3.640485527158258960e-02
1.300390664139458585e-02 3.641726483226211120e-02
1.312964910200739577e-02 3.642971269994655509e-02
1.325574682007815350e-02 3.644219925600099275e-02
1.338220354043975595e-02 3.645472488798019023e-02
1.350902304288073563e-02 3.646728998947645212e-02
1.363620914260696426e-02 3.647989495997849135e-02
1.376376569071114699e-02 3.649254020474151927e-02
1.389169657465037615e-02 3.650522613466811173e-02
1.402000571873211754e-02 3.651795316619988602e-02
1.414869708460880435e-02 3.653072172121974576e-02
1.427777467178144820e-02 3.654353222696443693e-02
1.440724251811251362e-02 3.655638511594748452e-02
1.453710470034833523e-02 3.656928082589198242e-02
1.466736533465134301e-02 3.658221979967345855e-02
1.479802857714244968e-02 3.659520248527228792e-02
1.492909862445380292e-02 3.660822933573563975e-02
1.506057971568260795e-02 3.662130081252946284e-02
1.519247614091395575e-02 3.663441740454467105e-02
1.532479222147306239e-02 3.664757957853307518e-02
1.545753231894069629e-02 3.666078780018296873e-02
1.559070083864477936e-02 3.667404254115508300e-02
1.572430223026804672e-02 3.668734427902846373e-02
1.585834098846758064e-02 3.670069349725690183e-02
1.599282165350672871e-02 3.671409068513532825e-02
1.612774881189959347e-02 3.672753633777631199e-02
1.626312709706840762e-02 3.674103095609609904e-02
1.639896119001413299e-02 3.675457504681031717e-02
1.653525582000050023e-02 3.676816912243863894e-02
1.667201576525193657e-02 3.678181370131872879e-02
1.680924585565339233e-02 3.679550931198016794e-02
1.694695097861645058e-02 3.680925650417040534e-02
1.708513606141688970e-02 3.682305580863691474e-02
1.722380608204108696e-02 3.683690775970682035e-02
1.736296607170090961e-02 3.685081289913491598e-02
1.750262111557637432e-02 3.686477177602089095e-02
1.764277635357435620e-02 3.687878494674064894e-02
1.778343698110390614e-02 3.689285297489153931e-02
1.792460824986850942e-02 3.690697643125103594e-02
1.806629546867576791e-02 3.692115589374867640e-02
1.820850400426483537e-02 3.693539194745090043e-02
1.835123928215200151e-02 3.694968518455841316e-02
1.849450678749493121e-02 3.696403620441576082e-02
1.863831207009641541e-02 3.697844562170842647e-02
1.878266074934530072e-02 3.699291407415131877e-02
1.892755849059823969e-02 3.700744217397443359e-02
1.907301102185581659e-02 3.702203053969712471e-02
1.921902413618062702e-02 3.703667979903656204e-02
1.936560369261476275e-02 3.705139058879333008e-02
1.951275561711928244e-02 3.706616355475605973e-02
1.966048590353638992e-02 3.708099935162451066e-02
1.980880061457453503e-02 3.709589864295102790e-02
1.995770588281738089e-02 3.711086210109946354e-02
2.010720791175682476e-02 3.712589040722156369e-02
2.025731297685073873e-02 3.714098425125007819e-02
2.040802742660591251e-02 3.715614433190822519e-02
2.055935769259385759e-02 3.717137137283927500e-02
2.071131029020648051e-02 3.718666612140863331e-02
2.086389178619885848e-02 3.720202928829784150e-02
2.101710882517547965e-02 3.721746159393291703e-02
2.117096813189065299e-02 3.723296377045223066e-02
2.132547651238461683e-02 3.724853656152720544e-02
2.148064085515003288e-02 3.726418072220979288e-02
2.163646813232969826e-02 3.727989701880578266e-02
2.179296540094618692e-02 3.729568622877370981e-02
2.195013980416413851e-02 3.731154914064842981e-02
2.210799857258588866e-02 3.732748655398896581e-02
2.226654902558116919e-02 3.734349927934987184e-02
2.242579857265155491e-02 3.735958813827541108e-02
2.258575473279671522e-02 3.737575399304766954e-02
2.274642512260194663e-02 3.739199772379564468e-02
2.290781741757458301e-02 3.740832016277996497e-02
2.306993939073262098e-02 3.742472215655671952e-02
2.323279891459763616e-02 3.744120456669575159e-02
2.339640396260898175e-02 3.745776826950374117e-02
2.356076261058080018e-02 3.747441415578513235e-02
2.372588303820291969e-02 3.749114313064023235e-02
2.389177353058668032e-02 3.750795611329923313e-02
2.405844247985643863e-02 3.752485403699183653e-02
2.422589838678808338e-02 3.754183784885097019e-02
2.439414986249527004e-02 3.755890850985020568e-02
2.456320563016434547e-02 3.757606699477360895e-02
2.473307455939919783e-02 3.759331434170745667e-02
2.490376562739301039e-02 3.761065158907808681e-02
2.507528788527388017e-02 3.762807972279919033e-02
2.524765050676556002e-02 3.764559974813094789e-02
2.542086278998945820e-02 3.766321268935399202e-02
2.559493415925718010e-02 3.768091958939093211e-02
2.576987416692379587e-02 3.769872150948027495e-02
2.594569249530357530e-02 3.771661952890156821e-02
2.612239895864911648e-02 3.773461474475038602e-02
2.630000350519564115e-02 3.775270827176201160e-02
2.647851621927150428e-02 3.777090124218255435e-02
2.665794732347628870e-02 3.778919480568611322e-02
2.683830718120634035e-02 3.780759012972891714e-02
2.701960636275668390e-02 3.782608848883819985e-02
2.720185554429266350e-02 3.784469111799508567e-02
2.738506549369322182e-02 3.786339919148910133e-02
2.756924713419477146e-02 3.788221390942460992e-02
2.775441154656868581e-02 3.790113649705504489e-02
2.794056997138485293e-02 3.792016820419474160e-02
2.812773381136337084e-02 3.793931030470664573e-02
2.831591463381623319e-02 3.795856409606404580e-02
2.850512417318098665e-02 3.797793089898458124e-02
2.869537433364814302e-02 3.799741205713470099e-02
2.888667719188431349e-02 3.801700893690256738e-02
2.907904499985292102e-02 3.803672292723772608e-02
2.927249018852899273e-02 3.805655544058874490e-02
2.946702539944853066e-02 3.807650794970236785e-02
2.966266343321482049e-02 3.809658191635448277e-02
2.985941726052655440e-02 3.811677880239587590e-02
3.005730004513914103e-02 3.813710009547639085e-02
3.025632514712501414e-02 3.815754730892327584e-02
3.045650612624809656e-02 3.817812198168840654e-02
3.065785674545471254e-02 3.819882567836203197e-02
3.086039097448260715e-02 3.821965998925085789e-02
3.106412299359009865e-02 3.824062653051824023e-02
3.126906721147925533e-02 3.826172696160302922e-02
3.147523825791496976e-02 3.828296297114845009e-02
3.168265095410827820e-02 3.830433623645868729e-02
3.189132035073426880e-02 3.832584846560165709e-02
3.210126173256716564e-02 3.834750139804873198e-02
3.231249062254849119e-02 3.836929680452390995e-02
3.252502278600868935e-02 3.839123648694338364e-02
3.273887423504493605e-02 3.841332227844246328e-02
3.295406123305719831e-02 3.843555604348661975e-02
3.317060030635204937e-02 3.845793968607126578e-02
3.338850827112430086e-02 3.848047517524882249e-02
3.360780216038425361e-02 3.850316445500864826e-02
3.382849927387209660e-02 3.852600949730847213e-02
3.405061719225146305e-02 3.854901231269589751e-02
3.427417378205044329e-02 3.857217495002947250e-02
3.449918720080670520e-02 3.859549949632169047e-02
3.472567590242005980e-02 3.861898807669963962e-02
3.495365864271613582e-02 3.864264285447953362e-02
3.518315448603819701e-02 3.866646603224570961e-02
3.541418285928360499e-02 3.869045990459969719e-02
3.564676346415978497e-02 3.871462675492989836e-02
3.588091629552942613e-02 3.873896887021982538e-02
3.611666168828344542e-02 3.876348858584157536e-02
3.635402032332509664e-02 3.878818828501912758e-02
3.659301323383063603e-02 3.881307039846135232e-02
3.683366181179068694e-02 3.883813740415868743e-02
3.707598781483735506e-02 3.886339182733852815e-02
3.732001337336084135e-02 3.888883624057314775e-02
3.756576103747372858e-02 3.891447330500833607e-02
3.781325376283390521e-02 3.894030574701557584e-02
3.806251480026058565e-02 3.896633623699616300e-02
3.831356781232812814e-02 3.899256750329201798e-02
3.856643688408875614e-02 3.901900233484737607e-02
3.882114653068392818e-02 3.904564358047243194e-02
3.907772170534302286e-02 3.907249414834020745e-02
3.933618780777566742e-02 3.909955700570918319e-02
3.959657069296353138e-02 3.912683517886379053e-02
3.985889669819314696e-02 3.915433177078494337e-02
4.012319272985022389e-02 3.918205003636202749e-02
4.038948602923305570e-02 3.920999314313439177e-02
4.065780431368454934e-02 3.923816430244285447e-02
4.092817581999855236e-02 3.926656680206168371e-02
4.120062931384464028e-02 3.929520400506482380e-02
4.147519409972772603e-02 3.932407934901444718e-02
4.175190003149126250e-02 3.935319634546143031e-02
4.203077752337168460e-02 3.938255857974651275e-02
4.231185756283306620e-02 3.941216971222838428e-02
4.259517187610144251e-02 3.944203362062067425e-02
4.288075265868673130e-02 3.947215413660692951e-02
4.316863259298313327e-02 3.950253505414855204e-02
4.345884500890512953e-02 3.953318026742070473e-02
4.375142389536243459e-02 3.956409376876940387e-02
4.404640391249324549e-02 3.959527964713694531e-02
4.434382040466695180e-02 3.962674208693972577e-02
4.464370941426783201e-02 3.965848536738306868e-02
4.494610769627088026e-02 3.969051386219715066e-02
4.525105276559032719e-02 3.972283206784202325e-02
4.555858290492741797e-02 3.975544459592306179e-02
4.586873706432277598e-02 3.978835607159657284e-02
4.618155497835768619e-02 3.982157122293053519e-02
4.649707718810743712e-02 3.985509488514350079e-02
4.681534505947769487e-02 3.988893200125914751e-02
4.713640080247101516e-02 3.992308762316330861e-02
4.746028753079923473e-02 3.995756694622010219e-02
4.778704922338623123e-02 3.999237526016059113e-02
4.811673070601136387e-02 4.002751791807681453e-02
4.844937774929072849e-02 4.006300040234006543e-02
4.878503709033764346e-02 4.009882832503781219e-02
4.912375645532107704e-02 4.013500742869800797e-02
4.946558458415036691e-02 4.017154358827237232e-02
4.981057132552273864e-02 4.020844286939438683e-02
5.015876751597888455e-02 4.024571141076255937e-02
5.051022503494079219e-02 4.028335545061451778e-02
5.086499690146069341e-02 4.032138138485754503e-02
5.122313730066518911e-02 4.035979576721784867e-02
5.158470161181359648e-02 4.039860531011874728e-02
5.194974644698886757e-02 4.043781689326059192e-02
5.231832977856204492e-02 4.047743764001270755e-02
5.269051071202705827e-02 4.051747471774077430e-02
5.306634964493067014e-02 4.055793543987366162e-02
5.344590836073254136e-02 4.059882731428404029e-02
5.382925006164860499e-02 4.064015804322172049e-02
5.421643940367775610e-02 4.068193552422999515e-02
5.460754256768479697e-02 4.072416787724369297e-02
5.500262739083219832e-02 4.076686351472479097e-02
5.540176302767680500e-02 4.081003086202017460e-02
5.580502024610567435e-02 4.085367855201275933e-02
5.621247151435876388e-02 4.089781545994831957e-02
5.662419104196977915e-02 4.094245070287217542e-02
5.704025482371662126e-02 4.098759364042489639e-02
5.746074077136289343e-02 4.103325393745435590e-02
5.788572877016883583e-02 4.107944157003092650e-02
5.831530030862517450e-02 4.112616652931621458e-02
5.874953890075912399e-02 4.117343909102276489e-02
5.918853016121781996e-02 4.122126983216092139e-02
5.963236185768285014e-02 4.126966963046497378e-02
6.008112396742328054e-02 4.131864966564435804e-02
6.053490894577338161e-02 4.136822156434045994e-02
6.099381154726117582e-02 4.141839723470772117e-02
6.145792850067417074e-02 4.146918860747180607e-02
6.192735909572492231e-02 4.152060799690421300e-02
6.240220525196336215e-02 4.157266810211347058e-02
6.288257158526094903e-02 4.162538200537871380e-02
6.336856548029916325e-02 4.167876317315732243e-02
6.386029728960407326e-02 4.173282553837527609e-02
6.435788019022033180e-02 4.178758335583001443e-02
6.486143026422203084e-02 4.184305120605502637e-02
6.537106674758529079e-02 4.189924410549566297e-02
6.588691212598239699e-02 4.195617751342547302e-02
6.640909233281709623e-02 4.201386740163661621e-02
6.693773665009064566e-02 4.207233013292966534e-02
6.747297785918629498e-02 4.213158249861233967e-02
6.801495249097558315e-02 4.219164181438202904e-02
6.856380094237163325e-02 4.225252592828245002e-02
6.911966773232197658e-02 4.231425331171931314e-02
6.968270134725329523e-02 4.237684289513568570e-02
7.025305443959807550e-02 4.244031412131583220e-02
7.083088414819221912e-02 4.250468706757400822e-02
7.141635224149817107e-02 4.256998245520075830e-02
7.200962546007561027e-02 4.263622177407085795e-02
7.261087526283863114e-02 4.270342704906993081e-02
7.322027809592092373e-02 4.277162091852225456e-02
7.383801581682962467e-02 4.284082679696053081e-02
7.446427587103680856e-02 4.291106888586929818e-02
7.509925176011229830e-02 4.298237234785243222e-02
7.574314262319782609e-02 4.305476296654965618e-02
7.639615360957634216e-02 4.312826726374516251e-02
7.705849645163298511e-02 4.320291272084827994e-02
7.773038968302571627e-02 4.327872779028212047e-02
7.841205924985739095e-02 4.335574211996491567e-02
7.910373791670703703e-02 4.343398610283696198e-02
7.980566577047036592e-02 4.351349103957338066e-02
8.051809096007889188e-02 4.359428941827272336e-02
8.124126997361132141e-02 4.367641492942320181e-02
8.197546852229639636e-02 4.375990279952044620e-02
8.272096052853100678e-02 4.384478910069517649e-02
8.347802886597506522e-02 4.393111100644247341e-02
8.424696641044471246e-02 4.401890719397785062e-02
8.502807638148586478e-02 4.410821785603137590e-02
8.582167296353682140e-02 4.419908485016283556e-02
8.662808116645205614e-02 4.429155144650067516e-02
8.744763745902747742e-02 4.438566247222813094e-02
8.828069057793196117e-02 4.448146453159722985e-02
8.912760213425066635e-02 4.457900610808527425e-02
8.998874666485633111e-02 4.467833737890754275e-02
9.086451271705234256e-02 4.477951053906362167e-02
9.175530367607760696e-02 4.488257997719772435e-02
9.266153820136688313e-02 4.498760224493496968e-02
9.358365062758823572e-02 4.509463600135451417e-02
9.452209232180756870e-02 4.520374240764165469e-02
9.547733278973256910e-02 4.531498537484945216e-02
9.644985958539363524e-02 4.542843122594801553e-02
9.744017966315093870e-02 4.554414903592378383e-02
9.844882086114072062e-02 4.566221100560396290e-02
9.947633311026851666e-02 4.578269267932961323e-02
1.005232880706821014e-01 4.590567242079716254e-02
1.015902816075684445e-01 4.603123218547713891e-02
1.026779355302991220e-01 4.615945791129752451e-02
1.037868982563436571e-01 4.629043939526772400e-02
1.049178453194570121e-01 4.642427008976310332e-02
1.060714824930136524e-01 4.656104803866333020e-02
1.072485482872214541e-01 4.670087647764603611e-02
1.084498128647343046e-01 4.684386283792033034e-02
1.096760811556069387e-01 4.699011957513042625e-02
1.109281961559557828e-01 4.713976501415718945e-02
1.122070410163888837e-01 4.729292361831210351e-02
1.135135399741960399e-01 4.744972573538817212e-02
1.148486620531165153e-01 4.761030847546171563e-02
1.162134235345523153e-01 4.777481601081763618e-02
1.176088904938616536e-01 4.794339985550857136e-02
1.190361832393840302e-01 4.811621986609525975e-02
1.204964784550191792e-01 4.829344423524364188e-02
1.219910135402582085e-01 4.847525031949993790e-02
1.235210916140024873e-01 4.866182564478260808e-02
1.250880837705726500e-01 4.885336774194064952e-02
1.266934359516547481e-01 4.905008572927824911e-02
1.283386737867748539e-01 4.925220098169901667e-02
1.300254063080678590e-01 4.945994728001205931e-02
1.317553355160973882e-01 4.967357309788617697e-02
1.335302603355305873e-01 4.989334160653063205e-02
1.353520841316900591e-01 5.011953192619029301e-02
1.372228264010843801e-01 5.035244176627243912e-02
1.391446251401220746e-01 5.059238645029581760e-02
1.411197510894350859e-01 5.083970218143293168e-02
1.431506191071129364e-01 5.109474800839979014e-02
1.452397969854428150e-01 5.135790667150327143e-02
1.473900200448405584e-01 5.162958730872126839e-02
1.496042041636123365e-01 5.191022734158991236e-02
1.518854631486742379e-01 5.220029560822916914e-02
1.542371244142966280e-01 5.250029459126152875e-02
1.566627505593177483e-01 5.281076434026533289e-02
1.591661585259432354e-01 5.313228517860531241e-02
1.617514467578986537e-01 5.346548269599337572e-02
1.644230186192947030e-01 5.381103100399191319e-02
1.671856170875623271e-01 5.416965920730787420e-02
1.700443539763143719e-01 5.454215546553290578e-02
1.730047539075891261e-01 5.492937519326219348e-02
1.760727897562159583e-01 5.533224575149038593e-02
1.792549414120506446e-01 5.575177773291415534e-02
1.825582459558587334e-01 5.618907249726892011e-02
1.859903618346262222e-01 5.664533303554459415e-02
1.895596430887813988e-01 5.712187666282941140e-02
1.932752227557913705e-01 5.762014905895022215e-02
1.971471082073021908e-01 5.814174027124840299e-02
2.011862946624801141e-01 5.868840424107903131e-02
2.054048943593586862e-01 5.926208072980284486e-02
2.098162856382358443e-01 5.986492051904010459e-02
2.144352928317329599e-01 6.049931652693796985e-02
2.192783915599735289e-01 6.116793866151279402e-02
2.243639606928069796e-01 6.187377772647530139e-02
2.297125708659343568e-01 6.262019460554808792e-02
2.353473371851285134e-01 6.341098138388355510e-02
2.412943418297749110e-01 6.425043453296018503e-02
2.475831460238794302e-01 6.514344376867867159e-02
2.542474158331987089e-01 6.609560100719359677e-02
2.613256890698131829e-01 6.711333396274950236e-02
2.688623297371848242e-01 6.820407311772842818e-02
2.769087239589728688e-01 6.937646152761639540e-02
2.855247825426634467e-01 7.064061836614687895e-02
2.947808671258647095e-01 7.200847816576780303e-02
3.047602746708797383e-01 7.349422911737264752e-02
3.155624846494041735e-01 7.511488703923803467e-02
3.273074787801500407e-01 7.689106138374338095e-02
3.401415508415869260e-01 7.884798697950616553e-02
3.542452748186128431e-01 8.101694229141387371e-02
3.698446455147871847e-01 8.343723658563302614e-02
3.872270122084483512e-01 8.615905841746628047e-02
4.067644555763705316e-01 8.924766399443459508e-02
4.289490645467767260e-01 9.278970971924760391e-02
4.544480746499214852e-01 9.690317131729266065e-02
4.841936379081673847e-01 1.017535276597593130e-01
5.195361690752161588e-01 1.075814608587020993e-01
5.625226607610310792e-01 1.147532349775573363e-01
6.164415065686793538e-01 1.238595173269173705e-01
6.870000809691023669e-01 1.359294063380582507e-01
7.852405899641730080e-01 1.529614849323760462e-01
