-7.999923771757854185e-01 3.492343144062074085e-03
-7.486832171946928849e-01 5.338668653668440095e-03
-7.055853386199628652e-01 6.982562341487431531e-03
-6.687016324511110277e-01 8.466873771310516952e-03
-6.366563656995586351e-01 9.821945741505286320e-03
-6.084667009156780049e-01 1.107004973841684524e-02
-5.834091231671785227e-01 1.222801932169962150e-02
-5.609375637178014573e-01 1.330889357022114854e-02
-5.406310340113730240e-01 1.432298365280813314e-02
-5.221589994867056328e-01 1.527858945558553151e-02
-5.052578012059760759e-01 1.618249540274750015e-02
-4.897141874041818776e-01 1.704032235825072780e-02
-4.753535415610690151e-01 1.785678262060005905e-02
-4.620313056113456995e-01 1.863586839832139311e-02
-4.496266298968522590e-01 1.938099389947516710e-02
-4.380375852660481906e-01 2.009510367191962715e-02
-4.271775069455143736e-01 2.078075651381837419e-02
-4.169721786253101081e-01 2.144019188483911598e-02
-4.073576073500703720e-01 2.207538157858314476e-02
-3.982782818468315611e-01 2.268807198462339386e-02
-3.896857748036520741e-01 2.327981797437107120e-02
-3.815376183878620986e-01 2.385201065441358570e-02
-3.737963903153641576e-01 2.440590018924520058e-02
-3.664289634105610260e-01 2.494261457051463737e-02
-3.594058997752239137e-01 2.546317616372932927e-02
-3.527009244227293783e-01 2.596851404013427247e-02
-3.462905059735733038e-01 2.645947574115649695e-02
-3.401534975601055444e-01 2.693683684257489400e-02
-3.342708333415151389e-01 2.740130910842706810e-02
-3.286252705448509115e-01 2.785354745842573074e-02
-3.232011710578365782e-01 2.829415610889525132e-02
-3.179843138162007921e-01 2.872369386363040483e-02
-3.129617316549135886e-01 2.914267856261620535e-02
-3.081215754632125603e-01 2.955159143549737633e-02
-3.034529905591570875e-01 2.995088040154737091e-02
-2.989460108517144610e-01 3.034096311769102217e-02
-2.945914664563599739e-01 3.072222966816150549e-02
-2.903809069728504055e-01 3.109504539354363342e-02
-2.863065251261989741e-01 3.145975248299401339e-02
-2.823610997610414008e-01 3.181667247505322316e-02
-2.785379362411993798e-01 3.216610751020971409e-02
-2.748308205143644156e-01 3.250834220644346906e-02
-2.712339742002546350e-01 3.284364489386852604e-02
-2.677420159495584873e-01 3.317226887769619131e-02
-2.643499272960599389e-01 3.349445362649258739e-02
-2.610530198717414541e-01 3.381042556778811325e-02
-2.578469131917415225e-01 3.412039973536668686e-02
-2.547275025872954846e-01 3.442457971575785258e-02
-2.516909395403521543e-01 3.472315876931285350e-02
-2.487336135458876052e-01 3.501632083878101348e-02
-2.458521287959133383e-01 3.530424051209725411e-02
-2.430432936082316253e-01 3.558708446092462285e-02
-2.403040995525206891e-01 3.586501116649261356e-02
-2.376317118446905352e-01 3.613817200902868371e-02
-2.350234547897649129e-01 3.640671143076029681e-02
-2.324768004437498259e-01 3.667076736290306171e-02
-2.299893595982479277e-01 3.693047183612258033e-02
-2.275588698949119193e-01 3.718595097167246705e-02
-2.251831896059322546e-01 3.743732571505519607e-02
-2.228602875175131892e-01 3.768471180745808224e-02
-2.205882368680203987e-01 3.792822028441398402e-02
-2.183652076345795057e-01 3.816795758475591965e-02
-2.161894605856619078e-01 3.840402584382207607e-02
-2.140593434984675580e-01 3.863652347788434915e-02
-2.119732836251739805e-01 3.886554501819435709e-02
-2.099297807005019445e-01 3.909118091877398365e-02
-2.079274071029206250e-01 3.931351859868343485e-02
-2.059648017064014680e-01 3.953264227785716761e-02
-2.040406636377328775e-01 3.974863269066983978e-02
-2.021537521129702919e-01 3.996156789543755389e-02
-2.003028822094957417e-01 4.017152326756097402e-02
-1.984869195112825835e-01 4.037857119211497176e-02
-1.967047796113914615e-01 4.058278166755187322e-02
-1.949554252093596285e-01 4.078422239905041963e-02
-1.932378619241514051e-01 4.098295857061521469e-02
-1.915511372181248617e-01 4.117905321472688229e-02
-1.898943384704092074e-01 4.137256737923462879e-02
-1.882665897677661404e-01 4.156355997886974213e-02
-1.866670504717612700e-01 4.175208798942685318e-02
-1.850949139464861670e-01 4.193820665446822832e-02
-1.835494051178448438e-01 4.212196940278786772e-02
-1.820297788517757087e-01 4.230342791463378993e-02
-1.805353191243961875e-01 4.248263234691496831e-02
-1.790653370068563954e-01 4.265963126246279796e-02
-1.776191690615529784e-01 4.283447162411455067e-02
-1.761961772067004439e-01 4.300719911993441946e-02
-1.747957473620751212e-01 4.317785818583321639e-02
-1.734172880273481543e-01 4.334649198837195461e-02
-1.720602272923191234e-01 4.351314198677295325e-02
-1.707240145808369136e-01 4.367784865398208899e-02
-1.694081191769839789e-01 4.384065139652527227e-02
-1.681120292607058975e-01 4.400158858239600068e-02
-1.668352496986306444e-01 4.416069722307674333e-02
-1.655773025601655901e-01 4.431801334646292417e-02
-1.643377265612603888e-01 4.447357208936928569e-02
-1.631160762205658976e-01 4.462740770209878277e-02
-1.619119204004540735e-01 4.477955336847753293e-02
-1.607248418949405455e-01 4.493004129309428885e-02
-1.595544375733248810e-01 4.507890293872100079e-02
-1.584003175331568092e-01 4.522616898400038526e-02
-1.572621043104982519e-01 4.537186928303465344e-02
-1.561394319198289304e-01 4.551603276165466089e-02
-1.550319462730721243e-01 4.565868770307097285e-02
-1.539393044547593958e-01 4.579986170122895411e-02
-1.528611742322791289e-01 4.593958167222719768e-02
-1.517972331246124906e-01 4.607787372332988740e-02
-1.507471686425649327e-01 4.621476336470156654e-02
-1.497106778307267516e-01 4.635027550973340460e-02
-1.486874668816956513e-01 4.648443449007359785e-02
-1.476772504212190140e-01 4.661726396017452229e-02
-1.466797514661985491e-01 4.674878700365277945e-02
-1.456947012282011067e-01 4.687902618954643136e-02
-1.447218387558986685e-01 4.700800357303963617e-02
-1.437609103709134029e-01 4.713574062227286060e-02
-1.428116694481257609e-01 4.726225824914592755e-02
-1.418738765631124554e-01 4.738757695903765554e-02
-1.409472990857064401e-01 4.751171681687479942e-02
-1.400317109891956180e-01 4.763469747939745591e-02
-1.391268926464632738e-01 4.775653821974438357e-02
-1.382326296371184371e-01 4.787725760604073788e-02
-1.373487133757965439e-01 4.799687379453995012e-02
-1.364749412164679987e-01 4.811540464996877375e-02
-1.356111159888295226e-01 4.823286766612774890e-02
-1.347570458475592370e-01 4.834927999039036889e-02
-1.339125440469620953e-01 4.846465841866247348e-02
-1.330774281122721059e-01 4.857901916614749960e-02
-1.322515205262368987e-01 4.869237818068510720e-02
-1.314346484702746676e-01 4.880475111818338013e-02
-1.306266435935407311e-01 4.891615332388939141e-02
-1.298273418951602920e-01 4.902659985228479539e-02
-1.290365834584695781e-01 4.913610542864203096e-02
-1.282542119296768146e-01 4.924468430764037535e-02
-1.274800750959775297e-01 4.935235054791551473e-02
-1.267140245470664006e-01 4.945911794006400963e-02
-1.259559155444218426e-01 4.956500001018002838e-02
-1.252056069266338778e-01 4.967001003540651854e-02
-1.244629608180117530e-01 4.977416097921287530e-02
-1.237278424375726910e-01 4.987746546173892070e-02
-1.230001203966137741e-01 4.997993592517217809e-02
-1.222796664337631872e-01 5.008158457467093427e-02
-1.215663553310497164e-01 5.018242338908756456e-02
-1.208600648351050022e-01 5.028246413238856433e-02
-1.201606753600507893e-01 5.038171827219269788e-02
-1.194680700344443597e-01 5.048019703807274383e-02
-1.187821347549149059e-01 5.057791148378505686e-02
-1.181027580269403549e-01 5.067487245938965407e-02
-1.174298308986557737e-01 5.077109062064370099e-02
-1.167632468844467947e-01 5.086657643280979163e-02
-1.161029017121991275e-01 5.096134009571889889e-02
-1.154486934590019664e-01 5.105539163577685335e-02
-1.148005224899398685e-01 5.114874091307235193e-02
-1.141582913625278084e-01 5.124139761200437876e-02
-1.135219047727334396e-01 5.133337124896503179e-02
-1.128912694577742931e-01 5.142467115940288491e-02
-1.122662939716339847e-01 5.151530642468001714e-02
-1.116468889396468461e-01 5.160528601599004977e-02
-1.110329669197294006e-01 5.169461876038857623e-02
-1.104244423384079937e-01 5.178331333924762053e-02
-1.098212314504616177e-01 5.187137829670794564e-02
-1.092232523014598361e-01 5.195882204882440458e-02
-1.086304246931754369e-01 5.204565289346049090e-02
-1.080426699596230833e-01 5.213187892823503006e-02
-1.074599106570117285e-01 5.221750792218401993e-02
-1.068820712218017110e-01 5.230254765490203323e-02
-1.063090776484048594e-01 5.238700578620098663e-02
-1.057408574365946569e-01 5.247088985311183090e-02
-1.051773395595107657e-01 5.255420727620893628e-02
-1.046184544337244726e-01 5.263696536642399615e-02
-1.040641338913501773e-01 5.271917133238950698e-02
-1.035143109629410724e-01 5.280083219079948625e-02
-1.029689198217487028e-01 5.288195475521113853e-02
-1.024278961063257443e-01 5.296254581939249806e-02
-1.018911767106773919e-01 5.304261207035920050e-02
-1.013586997562372777e-01 5.312216009240577214e-02
-1.008304045667415966e-01 5.320119637217591430e-02
-1.003062316446165503e-01 5.327972730410541341e-02
-9.978612264783010000e-02 5.335775919571097980e-02
-9.927002016822526753e-02 5.343529816562661572e-02
-9.875786783456437512e-02 5.351235021293527377e-02
-9.824961043141301753e-02 5.358892129742214711e-02
-9.774519377288097555e-02 5.366501728788641151e-02
-9.724456468126684017e-02 5.374064396580414960e-02
-9.674767096681798073e-02 5.381580702923895176e-02
-9.625446140859790500e-02 5.389051209702165612e-02
-9.576488572981627090e-02 5.396476470948088910e-02
-9.527889442016510002e-02 5.403857024194942682e-02
-9.479643888466582347e-02 5.411193400083469385e-02
-9.431747144741720046e-02 5.418486123966829299e-02
-9.384194528473546737e-02 5.425735713450045156e-02
-9.336981440795448506e-02 5.432942678679730103e-02
-9.290103364705831757e-02 5.440107522652280064e-02
-9.243555863513908122e-02 5.447230741542082033e-02
-9.197334578035738784e-02 5.454312824261643017e-02
-9.151435213877849584e-02 5.461354246051014494e-02
-9.105853555334901539e-02 5.468355477770704687e-02
-9.060585461371491178e-02 5.475316984687610827e-02
-9.015626862049516688e-02 5.482239225448828912e-02
-8.970973757136675719e-02 5.489122652316327095e-02
-8.926622214778044684e-02 5.495967711415752216e-02
-8.882568370230216337e-02 5.502774843000626109e-02
-8.838808422675266396e-02 5.509544480497469837e-02
-8.795338626932130976e-02 5.516277046284113333e-02
-8.752155304659581248e-02 5.522972959582542890e-02
-8.709254839219575384e-02 5.529632634242848122e-02
-8.666633673681575778e-02 5.536256478421260063e-02
-8.624288309685236575e-02 5.542844894769775183e-02
-8.582215306351247130e-02 5.549398280636563818e-02
-8.540411279239892850e-02 5.555917028278067188e-02
-8.498872895556695839e-02 5.562401522596462783e-02
-8.457596869059628986e-02 5.568852138573052168e-02
-8.416579972661354658e-02 5.575269250307078595e-02
-8.375819031303004258e-02 5.581653227213266566e-02
-8.335310920703921378e-02 5.588004433994877423e-02
-8.295052566496342872e-02 5.594323230852166901e-02
-8.255040943401613374e-02 5.600609973703926658e-02
-8.215273074447594637e-02 5.606865014422872384e-02
-8.175746030226781202e-02 5.613088701085709037e-02
-8.136456928194781002e-02 5.619281378238635827e-02
-8.097402931862178466e-02 5.625443387077284918e-02
-8.058581230779535143e-02 5.631575052190124220e-02
-8.019989056242800285e-02 5.637676692922122951e-02
-7.981623692043046669e-02 5.643748631625399720e-02
-7.943482463300081953e-02 5.649791186594977505e-02
-7.905562735756350989e-02 5.655804672216212248e-02
-7.867861915100501924e-02 5.661789399120901317e-02
-7.830377446320284374e-02 5.667745674352635959e-02
-7.793106813084529905e-02 5.673673801541972289e-02
-7.756047537153903937e-02 5.679574081091970372e-02
-7.719197177820147360e-02 5.685446810374664151e-02
-7.682553329465736935e-02 5.691292282525735324e-02
-7.646113607636119414e-02 5.697110776622057310e-02
-7.609875670019596028e-02 5.702902573663676949e-02
-7.573837210971262612e-02 5.708667953160577457e-02
-7.537995958279844477e-02 5.714407191283548543e-02
-7.502349672619608445e-02 5.720120560982902558e-02
-7.466896147023856234e-02 5.725808332113835331e-02
-7.431633206379725798e-02 5.731470771568820260e-02
-7.396558706944113271e-02 5.737108143417470746e-02
-7.361670535880532329e-02 5.742720709054241479e-02
-7.326966610816593173e-02 5.748308727354408537e-02
-7.292444874805584232e-02 5.753872451196321430e-02
-7.258103292012817176e-02 5.759412124427251700e-02
-7.223939862105717424e-02 5.764927993641574128e-02
-7.189952612768957252e-02 5.770420302796325229e-02
-7.156139598948255132e-02 5.775889293059272012e-02
-7.122498902414976796e-02 5.781335202900763498e-02
-7.089028631346407094e-02 5.786758268190370785e-02
-7.055726919921490037e-02 5.792158722298611923e-02
-7.022591927931884359e-02 5.797536796204062759e-02
-6.989621840408184739e-02 5.802892718606135480e-02
-6.956814867185256990e-02 5.808226715980487759e-02
-6.924169236212404654e-02 5.813539007374272927e-02
-6.891683199051699960e-02 5.818829809306409750e-02
-6.859355033525865730e-02 5.824099338406049653e-02
-6.827183040225841271e-02 5.829347808887650612e-02
-6.795165542150669036e-02 5.834575432619879681e-02
-6.763300884359073339e-02 5.839782419197829533e-02
-6.731587433632595097e-02 5.844968976018807133e-02
-6.700023578150160475e-02 5.850135308361864572e-02
-6.668607727173979371e-02 5.855281619471341958e-02
-6.637338310746611347e-02 5.860408110644592383e-02
-6.606213778663613811e-02 5.865514980671111822e-02
-6.575232595726261675e-02 5.870602421923382108e-02
-6.544393248908476901e-02 5.875670627005889074e-02
-6.513694245156700924e-02 5.880719787164218754e-02
-6.483134110269318795e-02 5.885750091612188678e-02
-6.452711388607750009e-02 5.890761727587834340e-02
-6.422424642816317031e-02 5.895754880411977622e-02
-6.392272453550808253e-02 5.900729733549523598e-02
-6.362253419215625760e-02 5.905686468673646689e-02
-6.332366155709447109e-02 5.910625265733052830e-02
-6.302609296179259579e-02 5.915546303022453656e-02
-6.272981489107266884e-02 5.920449755675133430e-02
-6.243481397035162417e-02 5.925335794703506104e-02
-6.214107701155691804e-02 5.930204591601088288e-02
-6.184859098690408119e-02 5.935056316170066182e-02
-6.155734302569860344e-02 5.939891136490866447e-02
-6.126732041199122597e-02 5.944709218967333952e-02
-6.097851058229925014e-02 5.949510728373848950e-02
-6.069090112339425858e-02 5.954295827904534932e-02
-6.040447977015431236e-02 5.959064679224657796e-02
-6.011923440348051345e-02 5.963817442524347451e-02
-5.983515304763631359e-02 5.968554276510850548e-02
-5.955222383253419571e-02 5.973275334879062093e-02
-5.927043503197247654e-02 5.977980770319399340e-02
-5.898977507323417691e-02 5.982670735750880708e-02
-5.871023251783484553e-02 5.987345382647447228e-02
-5.843179605966120072e-02 5.992004861085989398e-02
-5.815445452316607422e-02 5.996649319796686084e-02
-5.787819686161866511e-02 6.001278906215706810e-02
-5.760301215540945818e-02 6.005893766540431472e-02
-5.732888961040899511e-02 6.010494045787258960e-02
-5.705581855637988781e-02 6.015079887852121249e-02
-5.678378844544107462e-02 6.019651435573807052e-02
-5.651278885058369506e-02 6.024208830800193565e-02
-5.624280946423777794e-02 6.028752214457487602e-02
-5.597384009688878559e-02 6.033281726622563568e-02
-5.570587065208405103e-02 6.037797504034165402e-02
-5.543889105870345585e-02 6.042299672858721105e-02
-5.517289142373169031e-02 6.046788365377493008e-02
-5.490786197162068200e-02 6.051263713711838715e-02
-5.464379303308147806e-02 6.055725848809274947e-02
-5.438067504364050425e-02 6.060174900479215615e-02
-5.411849854223458461e-02 6.064610997430306544e-02
-5.385725416984485370e-02 6.069034267309438013e-02
-5.359693266816871471e-02 6.073444836742495495e-02
-5.333752487832951056e-02 6.077842831376944338e-02
-5.307902173962305431e-02 6.082228375926279629e-02
-5.282141428830074148e-02 6.086601594216464739e-02
-5.256469365638857111e-02 6.090962609234381459e-02
-5.230885107054138172e-02 6.095311543178390939e-02
-5.205387785086477981e-02 6.099648517503192258e-02
-5.179976536406200732e-02 6.103973647580389350e-02
-5.154650505866759103e-02 6.108287046902702994e-02
-5.129408850296555966e-02 6.112588831748735213e-02
-5.104250735133714773e-02 6.116879117425498558e-02
-5.079175334310929296e-02 6.121158018295873998e-02
-5.054181830143174292e-02 6.125425647807221374e-02
-5.029269413218197260e-02 6.129682118521209699e-02
-5.004437282289781602e-02 6.133927542144886058e-02
-4.979684644173720809e-02 6.138162029563069139e-02
-4.955010713646477299e-02 6.142385690872107645e-02
-4.930414713346466249e-02 6.146598635415035511e-02
-4.905895873677940805e-02 6.150800971818209950e-02
-4.881453432717417634e-02 6.154992808029454560e-02
-4.857086636122616430e-02 6.159174251357760199e-02
-4.832794736367349714e-02 6.163345407651858732e-02
-4.808576989098010263e-02 6.167506376755896302e-02
-4.784432659769472657e-02 6.171657261066460648e-02
-4.760361021548576571e-02 6.175798163054161544e-02
-4.736361354524365463e-02 6.179929184400965309e-02
-4.712432945616829016e-02 6.184050426021461822e-02
-4.688575088487663411e-02 6.188161988084926735e-02
-4.664787083453055677e-02 6.192263970038282966e-02
-4.641068237398434521e-02 6.196356470629935803e-02
-4.617417863695157804e-02 6.200439587934546831e-02
-4.593835282119133195e-02 6.204513419378796663e-02
-4.570319818771300530e-02 6.208578061768136452e-02
-4.546870805999976561e-02 6.212633611314598292e-02
-4.523487582325014938e-02 6.216680163665683906e-02
-4.500169492363750162e-02 6.220717813934358714e-02
-4.476915885046391791e-02 6.224746654349402886e-02
-4.453726114033763894e-02 6.228766774900988679e-02
-4.430599540592429497e-02 6.232778267464438721e-02
-4.407535531664672629e-02 6.236781223268390850e-02
-4.384533459784372561e-02 6.240775732897772127e-02
-4.361592703003753374e-02 6.244761886310300908e-02
-4.338712644821593467e-02 6.248739772853566937e-02
-4.315892674112917909e-02 6.252709481282743564e-02
-4.293132185060100775e-02 6.256671099778943201e-02
-4.270430577085396195e-02 6.260624715968253484e-02
-4.247787254784844008e-02 6.264570416941463160e-02
-4.225201627863547915e-02 6.268508289274532519e-02
-4.202673111072292161e-02 6.272438419049797265e-02
-4.180201124145469654e-02 6.276360891877966197e-02
-4.157785091574005970e-02 6.280275792669721968e-02
-4.135424440898483045e-02 6.284183203148428765e-02
-4.113118605295101177e-02 6.288083205833626399e-02
-4.090867023029987753e-02 6.291975883351759447e-02
-4.068669136963193322e-02 6.295861317796401513e-02
-4.046524394488359988e-02 6.299739590741348927e-02
-4.024432247473501423e-02 6.303610783254143257e-02
-4.002392152202869507e-02 6.307474975910055959e-02
-3.980403569319885398e-02 6.311332248806555967e-02
-3.958465963771155838e-02 6.315182681578257462e-02
-3.936578804751492133e-02 6.319026353412404706e-02
-3.914741565649966504e-02 6.322863343064885622e-02
-3.892953723996966237e-02 6.326693728876792155e-02
-3.871214761412229005e-02 6.330517588791570449e-02
-3.849524163553844081e-02 6.334335000372752489e-02
-3.827881419471747260e-02 6.338146039834720302e-02
-3.806286021309522594e-02 6.341950781615693367e-02
-3.784737465977330156e-02 6.345749301238236273e-02
-3.763235254189968571e-02 6.349541673831329835e-02
-3.741778890388353096e-02 6.353327974094245822e-02
-3.720367882690017031e-02 6.357108276307134320e-02
-3.699001742840424267e-02 6.360882654341906695e-02
-3.677679986165101333e-02 6.364651181673483538e-02
-3.656402131522553528e-02 6.368413931391379845e-02
-3.635167701257963763e-02 6.372170976211671833e-02
-3.613976221157653990e-02 6.375922388489342618e-02
-3.592827220404307131e-02 6.379668240231017862e-02
-3.571720231532908574e-02 6.383408603108121915e-02
-3.550654790387428733e-02 6.387143548470466947e-02
-3.529630436017074102e-02 6.390873147249574726e-02
-3.508646709391345653e-02 6.394597467704098148e-02
-3.487703155180055942e-02 6.398316578697531287e-02
-3.466799321635913311e-02 6.402030549601450682e-02
-3.445934760079552572e-02 6.405739449454252166e-02
-3.425109024859032680e-02 6.409443346972616695e-02
-3.404321673309979729e-02 6.413142310563346715e-02
-3.383572265716348199e-02 6.416836408335596653e-02
-3.362860365271807400e-02 6.420525708113522523e-02
-3.342185538041714948e-02 6.424210277449328432e-02
-3.321547352925684204e-02 6.427890183636773835e-02
-3.300945381620720015e-02 6.431565493725087401e-02
-3.280379198584913031e-02 6.435236274533363832e-02
-3.259848381001683587e-02 6.438902592665403379e-02
-3.239352508744545306e-02 6.442564514525037089e-02
-3.218891164342391892e-02 6.446222106331928048e-02
-3.198463932945284222e-02 6.449875434137877783e-02
-3.178070402290722463e-02 6.453524563843625328e-02
-3.157710162670391424e-02 6.457169561216173637e-02
-3.137382806897364568e-02 6.460810491906635034e-02
-3.117087930112679567e-02 6.464447421134579541e-02
-3.096825126918375387e-02 6.468080407773771356e-02
-3.076593995628669129e-02 6.471709513156739813e-02
-3.056394137905476746e-02 6.475334800480091191e-02
-3.036225157698503249e-02 6.478956332698296294e-02
-3.016086661212522349e-02 6.482574172532155898e-02
-2.995978256875133500e-02 6.486188382477539593e-02
-2.975899555304891558e-02 6.489799024814371653e-02
-2.955850169279875331e-02 6.493406161615911110e-02
-2.935829713706637756e-02 6.497009854758284408e-02
-2.915837805589557505e-02 6.500610165930328921e-02
-2.895874064000565282e-02 6.504207156643718180e-02
-2.875938110049240312e-02 6.507800888243386872e-02
-2.856029566853265575e-02 6.511391421918272249e-02
-2.836148059509234834e-02 6.514978818712371944e-02
-2.816293215063794472e-02 6.518563139536108497e-02
-2.796464662485120475e-02 6.522144445178053307e-02
-2.776662032634707664e-02 6.525722796316953123e-02
-2.756884958239470482e-02 6.529298253534128460e-02
-2.737133073864137303e-02 6.532870877326196757e-02
-2.717406015780317319e-02 6.536440727868923772e-02
-2.697703420349349679e-02 6.540007861166004244e-02
-2.678024926471533895e-02 6.543572334950446823e-02
-2.658370175285903331e-02 6.547134208095871377e-02
-2.638738809594995752e-02 6.550693539315524672e-02
-2.619130473837776724e-02 6.554250387169084646e-02
-2.599544814062845419e-02 6.557804810069639556e-02
-2.579981477901918327e-02 6.561356866290854462e-02
-2.560440114543575604e-02 6.564906613974343108e-02
-2.540920374707267976e-02 6.568454111137211893e-02
-2.521421910617581419e-02 6.571999415679830037e-02
-2.501944375978740892e-02 6.575542585393798212e-02
-2.482487425949357965e-02 6.579083677970123945e-02
-2.463050717117400840e-02 6.582622751007626005e-02
-2.443633907475393358e-02 6.586159862021545575e-02
-2.424236656395827375e-02 6.589695068452394722e-02
-2.404858624606780182e-02 6.593228427675035253e-02
-2.385499474167726564e-02 6.596759997007980991e-02
-2.366158868445555549e-02 6.600289833722952637e-02
-2.346836472090758560e-02 6.603817995054668544e-02
-2.327531950946374467e-02 6.607344538019493951e-02
-2.308244971117317731e-02 6.610869516818951297e-02
-2.288975200403583696e-02 6.614392986933846641e-02
-2.269722308072002689e-02 6.617915004595563422e-02
-2.250485964535026140e-02 6.621435625953928095e-02
-2.231265841327465665e-02 6.624954907083098476e-02
-2.212061611083405641e-02 6.628472903987595033e-02
-2.192872947513289233e-02 6.631989672608480657e-02
-2.173699525381158834e-02 6.635505268829654246e-02
-2.154541020482064057e-02 6.639019748484319139e-02
-2.135397109619610947e-02 6.642533167361562574e-02
-2.116267470583665239e-02 6.646045581213125275e-02
-2.097151782128186398e-02 6.649557045760291774e-02
-2.078049723949204272e-02 6.653067616700947262e-02
-2.058960976662912307e-02 6.656577349716798209e-02
-2.039885221783896765e-02 6.660086300480749788e-02
-2.020822141703465177e-02 6.663594524664442909e-02
-2.001771419668095867e-02 6.667102077945973038e-02
-1.982732739757985321e-02 6.670609016017758908e-02
-1.963705786865696176e-02 6.674115394594598571e-02
-1.944690246624895466e-02 6.677621269250230696e-02
-1.925685804796644501e-02 6.681126693361015556e-02
-1.906692148230057851e-02 6.684631721439170116e-02
-1.887708964675256090e-02 6.688136408611326800e-02
-1.868735942576676967e-02 6.691640809992448202e-02
-1.849772771052108494e-02 6.695144980690700964e-02
-1.830819139871820225e-02 6.698648975812400430e-02
-1.811874739437786125e-02 6.702152850467064937e-02
-1.792939260762991399e-02 6.705656659772535333e-02
-1.774012395450822593e-02 6.709160458860191634e-02
-1.755093835674549282e-02 6.712664302880269607e-02
-1.736183274156858497e-02 6.716168247007253678e-02
-1.717280404149477621e-02 6.719672346445379474e-02
-1.698384919412850025e-02 6.723176656434227960e-02
-1.679496514195878351e-02 6.726681232254416720e-02
-1.660614883215722620e-02 6.730186129233389769e-02
-1.641739721637646213e-02 6.733691402751318389e-02
-1.622870725054912158e-02 6.737197108247086619e-02
-1.604007589468722794e-02 6.740703301224405808e-02
-1.585150011268191689e-02 6.744210037258011048e-02
nan nan
nan nan
nan nan
nan nan
nan nan
nan nan
nan nan
nan nan
nan nan
nan nan
nan nan
nan nan
nan nan
nan nan
nan nan
nan nan
nan nan
nan nan
nan nan
nan nan
nan nan
nan nan
nan nan
nan nan
nan nan
nan nan
nan nan
nan nan
nan nan
nan nan
-9.639930661033246917e-03 6.860596690768115680e-02
-9.451451262163252515e-03 6.864154866594940341e-02
-9.262922025273675336e-03 6.867715560588465162e-02
-9.074339919009377989e-03 6.871278830860493014e-02
-8.885701908656373424e-03 6.874844735729468415e-02
-8.697004955932698816e-03 6.878413333721951350e-02
-8.508246018779275568e-03 6.881984683574186856e-02
-8.319422051150847375e-03 6.885558844233793940e-02
-8.130530002806765633e-03 6.889135874861565534e-02
-7.941566819101696789e-03 6.892715834833385014e-02
-7.752529440776164023e-03 6.896298783742257910e-02
-7.563414803746897237e-03 6.899884781400444922e-02
-7.374219838896895092e-03 6.903473887841725387e-02
-7.184941471865215548e-03 6.907066163323764829e-02
-6.995576622836380438e-03 6.910661668330594920e-02
-6.806122206329404470e-03 6.914260463575216953e-02
-6.616575130986348911e-03 6.917862610002299684e-02
-6.426932299360403437e-03 6.921468168791020115e-02
-6.237190607703386840e-03 6.925077201357986156e-02
-6.047346945752683084e-03 6.928689769360296680e-02
-5.857398197071188133e-03 6.932305935353963444e-02
-5.667341239191463730e-03 6.935925763347740303e-02
-5.477172940503410165e-03 6.939549315348170211e-02
-5.286890161977871906e-03 6.943176653498611683e-02
-5.096489757094130497e-03 6.946807840257381017e-02
-4.905968571611693009e-03 6.950442938397979886e-02
-4.715323443341815079e-03 6.954082011009521391e-02
-4.524551201918664868e-03 6.957725121497349008e-02
-4.333648668570073276e-03 6.961372333583838723e-02
-4.142612655887807117e-03 6.965023711309420440e-02
-3.951439967597291519e-03 6.968679319033767305e-02
-3.760127398326726465e-03 6.972339221437200141e-02
-3.568671733375512051e-03 6.976003483522273674e-02
-3.377069748481939093e-03 6.979672170615558446e-02
-3.185318209590059634e-03 6.983345348369617012e-02
-2.993413872615684028e-03 6.987023082765170257e-02
-2.801353483211429119e-03 6.990705440113452462e-02
-2.609133776530773736e-03 6.994392487058760655e-02
-2.416751476990963189e-03 6.998084290581189915e-02
-2.224203298034912839e-03 7.001780917999551879e-02
-2.031485942149526339e-03 7.005482437863357059e-02
-1.838596100652146841e-03 7.009188920528307276e-02
-1.645530452228401077e-03 7.012900433821014912e-02
-1.452285663656867733e-03 7.016617045796286201e-02
-1.258858389616862063e-03 7.020338824939129085e-02
-1.065245272431055400e-03 7.024065840164264718e-02
-8.714429418072595088e-04 7.027798160815895701e-02
-6.774480145793000977e-04 7.031535856667790740e-02
-4.832570944468811002e-04 7.035278997923648248e-02
-2.888667717143564078e-04 7.039027655217756918e-02
-9.427362302831811497e-05 7.042781899615940810e-02
1.005257888860857464e-04 7.046541802616786143e-02
2.955349154901775561e-04 7.050307436153166463e-02
4.907572226983015085e-04 7.054078872594037042e-02
6.861961911457544177e-04 7.057856184746526262e-02
8.818553164584958751e-04 7.061639445858293451e-02
1.077738109524491649e-03 7.065428729620175374e-02
1.273848096766869208e-03 7.069224110169096409e-02
1.470188820418962461e-03 7.073025662091267374e-02
1.666763838801326933e-03 7.076833460425654976e-02
1.863576726973817333e-03 7.080647582084924341e-02
2.060631077402996607e-03 7.084468106512974150e-02
2.257930498496061276e-03 7.088295109297122754e-02
2.455478615732744393e-03 7.092128666343526511e-02
2.653279072030903952e-03 7.095968854144737992e-02
2.851335528049929718e-03 7.099815749777828311e-02
3.049651662495665543e-03 7.103669430902942450e-02
3.248231172426953219e-03 7.107529975762280627e-02
3.447077773563932308e-03 7.111397463179525147e-02
3.646195200598190047e-03 7.115271972559666924e-02
3.845587207504984686e-03 7.119153583889278880e-02
4.045257567857430368e-03 7.123042377737205666e-02
4.245210075143057704e-03 7.126938435255658622e-02
4.445448543082667660e-03 7.130841838181745107e-02
4.645976805951656553e-03 7.134752668839387801e-02
4.846798718903950511e-03 7.138671010141674211e-02
5.047918158298640885e-03 7.142596945593597535e-02
5.249339022029455085e-03 7.146530559295199980e-02
5.451065229857179895e-03 7.150471935945124091e-02
5.653100723745148326e-03 7.154421160844534611e-02
5.855449470114230948e-03 7.158378322244189629e-02
6.058115461087520796e-03 7.162343512030786008e-02
6.261102706737525433e-03 7.166316815980539046e-02
6.464415240399559899e-03 7.170298320310178330e-02
6.668057119332006753e-03 7.174288112041223020e-02
6.872032425086708161e-03 7.178286278995221759e-02
7.076345263881564547e-03 7.182292909789643465e-02
7.280999766975839414e-03 7.186308093834431476e-02
7.486000091048081867e-03 7.190331921329178033e-02
7.691350418576951321e-03 7.194364483260973220e-02
7.897054958225095331e-03 7.198405871402874245e-02
8.103117945226251395e-03 7.202456178313007551e-02
8.309543641775732348e-03 7.206515497334309295e-02
8.516336337424502620e-03 7.210583922594880624e-02
8.723500349476963345e-03 7.214661549008974384e-02
8.931040023392651864e-03 7.218748472278573025e-02
9.138959733192019569e-03 7.222844788895593782e-02
9.347263881866444205e-03 7.226950596144693373e-02
9.555956901792644897e-03 7.231065992106648632e-02
9.765043255151694204e-03 7.235191075662354698e-02
9.974527435683789786e-03 7.239325947463426392e-02
1.018441396943245425e-02 7.243470710064940643e-02
1.039470741001823073e-02 7.247625464225621039e-02
1.060541234245403718e-02 7.251790311474669293e-02
1.081653338376237401e-02 7.255965354239440890e-02
1.102807518342834373e-02 7.260150695848469060e-02
1.124004242385786764e-02 7.264346440535156268e-02
1.145243982084129773e-02 7.268552693442098533e-02
1.166527212402257430e-02 7.272769560626074492e-02
1.187854411737413948e-02 7.276997149063650638e-02
1.209226061967778355e-02 7.281235566657423552e-02
1.230642648501159564e-02 7.285484922242879691e-02
1.252104660324319246e-02 7.289745325595850534e-02
1.273612590052945401e-02 7.294016887440590846e-02
1.295166933991769888e-02 7.298299719511856798e-02
1.316768192496196518e-02 7.302593936280848963e-02
1.338416869448450473e-02 7.306899651683100572e-02
1.360113472380959990e-02 7.311216979624457490e-02
1.381858512728100473e-02 7.315546035118634938e-02
1.403652505880162958e-02 7.319886934289145108e-02
1.425495971237999461e-02 7.324239794372128243e-02
1.447389432268375055e-02 7.328604733720088527e-02
1.469333416560052695e-02 7.332981871806484864e-02
1.491328455880632474e-02 7.337371329231208439e-02
1.513375086234174972e-02 7.341773227726916540e-02
1.535473847919621888e-02 7.346187690166207374e-02
1.557625285590050201e-02 7.350614840569624775e-02
1.579829948312773055e-02 7.355054804114498357e-02
1.602088389630319104e-02 7.359507707144580246e-02
1.624401167791165307e-02 7.363973677945975793e-02
1.646768846008886400e-02 7.368452847587247945e-02
1.669191991493749680e-02 7.372945345269922568e-02
1.691671176143331318e-02 7.377451301264989492e-02
1.714206976671499294e-02 7.381970847208023379e-02
1.736799974674244768e-02 7.386504116101162698e-02
1.759450756696433887e-02 7.391051242316276637e-02
1.782159914299554990e-02 7.395612361599315787e-02
1.804928044130471934e-02 7.400187611075868810e-02
1.827755747991206825e-02 7.404777129257818225e-02
1.850643632909804853e-02 7.409381056051195236e-02
1.873592311212294442e-02 7.413999532765111478e-02
1.896602400595782945e-02 7.418632702121825961e-02
1.919674524202717031e-02 7.423280708267890327e-02
1.942809310700378128e-02 7.427943696801829476e-02
1.966007395163362620e-02 7.432621817832930911e-02
1.989269417886449162e-02 7.437315221096411910e-02
2.012596024228891292e-02 7.442024055200316401e-02
2.035987865427320645e-02 7.446748470461894698e-02
2.059445598675644501e-02 7.451488618906447481e-02
2.082969887206201354e-02 7.456244654267857319e-02
2.106561400372210235e-02 7.461016731990782747e-02
2.130220813731581800e-02 7.465805009234498246e-02
2.153948809132107123e-02 7.470609644878352384e-02
2.177746074798083895e-02 7.475430799528831605e-02
2.201613305418415739e-02 7.480268635528199150e-02
2.225551202236221437e-02 7.485123316964678586e-02
2.249560473140008870e-02 7.489995009684184690e-02
2.273641832756441439e-02 7.494883881303539275e-02
2.297796002874210805e-02 7.499790102300522843e-02
2.322023713501086828e-02 7.504713849083220756e-02
2.346325699776055304e-02 7.509655293611029736e-02
2.370702703720493215e-02 7.514614608949760077e-02
2.395155474653988190e-02 7.519591970314366824e-02
2.419684769293603196e-02 7.524587555064890521e-02
2.444291351854910657e-02 7.529601542704791872e-02
2.468975994154847670e-02 7.534634114881591516e-02
2.493739475716471449e-02 7.539685455389837088e-02
2.518582583875638575e-02 7.544755750176318498e-02
2.543506113889706238e-02 7.549845187347549447e-02
2.568510869048279063e-02 7.554953957179422197e-02
2.593597660786081324e-02 7.560082252129074476e-02
2.618767308797996171e-02 7.565230266848851914e-02
2.644020641156334672e-02 7.570398198202400730e-02
2.669358496087464658e-02 7.575586249985553911e-02
2.694781720126026778e-02 7.580794627205335312e-02
2.720291166352591800e-02 7.586023530885256660e-02
2.745887696828120186e-02 7.591273164738822354e-02
2.771572182720020636e-02 7.596543735170360745e-02
2.797345504427255214e-02 7.601835451269385591e-02
2.823208551707971983e-02 7.607148524808174384e-02
2.849162223809745265e-02 7.612483170242546893e-02
2.875207429602519293e-02 7.617839604715799517e-02
2.901345087714298984e-02 7.623218048065732999e-02
2.927576126669699172e-02 7.628618722834731858e-02
2.953901485031419985e-02 7.634041854282876127e-02
2.980322111544706984e-02 7.639487670403982689e-02
3.006838965284899107e-02 7.644956401944567881e-02
3.033453016335107763e-02 7.650448283754750223e-02
3.060165249167015253e-02 7.655963562832668323e-02
3.086976654441242127e-02 7.661502477238467390e-02
3.113888232701811712e-02 7.667065265289679798e-02
3.140900995804958573e-02 7.672652168786113502e-02
3.168015967074275935e-02 7.678263432992479820e-02
3.195234181459390144e-02 7.683899306625746606e-02
3.222556685698291928e-02 7.689560041847143257e-02
3.249984538483405294e-02 7.695245894258710695e-02
3.277518810631534912e-02 7.700957122904397711e-02
3.305160585257777006e-02 7.706693990275581552e-02
3.332910957953524878e-02 7.712456762320971104e-02
3.360771036968646791e-02 7.718245708460810817e-02
3.388741943397980544e-02 7.724061101605322888e-02
3.416824811372223131e-02 7.729903218177315571e-02
3.445020789246625720e-02 7.735772340369295730e-02
3.473331039152652289e-02 7.741668754646599537e-02
3.501756734884636096e-02 7.747592746627016136e-02
3.530299064137502191e-02 7.753544605736213680e-02
3.558959228751996245e-02 7.759524625311277346e-02
3.587738444928339349e-02 7.765533102626068218e-02
3.616637943445032144e-02 7.771570338921053589e-02
3.645658969882929756e-02 7.777636639437547628e-02
3.674802784854671461e-02 7.783732313456273588e-02
3.704070664239622612e-02 7.789857674340135152e-02
3.733463899470967212e-02 7.796013039678367784e-02
3.762983799193587997e-02 7.802198734260937241e-02
3.792631686650044937e-02 7.808415084126474337e-02
3.822408900522385189e-02 7.814662417918445680e-02
3.852316796169746177e-02 7.820941068982957545e-02
3.882356745883136506e-02 7.827251375392088595e-02
3.912530139146887243e-02 7.833593679973299695e-02
3.942838382906900530e-02 7.839968330344736225e-02
3.973282901845870407e-02 7.846375678956368782e-02
4.003865138665609058e-02 7.852816083136814063e-02
4.034586554376639461e-02 7.859289905145741550e-02
4.065448629099136651e-02 7.865797513206759795e-02
4.096452863537886069e-02 7.872339283786972119e-02
4.127600774708646558e-02 7.878915592804287826e-02
4.158893898948168300e-02 7.885526820990083896e-02
4.190333792668806540e-02 7.892173354783957318e-02
4.221922032672660585e-02 7.898855586361620829e-02
4.253660216474618866e-02 7.905573913670758956e-02
4.285549962634509907e-02 7.912328740474688926e-02
4.317592911098545178e-02 7.919120476403680720e-02
4.349790723550259197e-02 7.925949537013775303e-02
4.382145083771132182e-02 7.932816343852924779e-02
4.414657699982012240e-02 7.939721328078996887e-02
4.447330303330095103e-02 7.946664927041748039e-02
4.480164644537567437e-02 7.953647577724298756e-02
4.513162498253388971e-02 7.960669724016772308e-02
4.546325663478512080e-02 7.967731816822037905e-02
4.579655963955153036e-02 7.974834314085872677e-02
4.613155248568126532e-02 7.981977680837949729e-02
4.646825391758499513e-02 7.989162389243349705e-02
4.680668293949850206e-02 7.996388918664443235e-02
4.714685881987373123e-02 8.003657755732890289e-02
4.748880109787782799e-02 8.010969394765034279e-02
4.783252963367110033e-02 8.018324345490847327e-02
4.817806451690856417e-02 8.025723116865099427e-02
4.852542609596530859e-02 8.033166221457295475e-02
4.887463501231260887e-02 8.040654180517603500e-02
4.922571220520738366e-02 8.048187523991659487e-02
4.957867891654457737e-02 8.055766790550572543e-02
4.993355669587572210e-02 8.063392527635791784e-02
5.029036740559745394e-02 8.071065291518585150e-02
5.064913322631337672e-02 8.078785647373805390e-02
5.100987666237293688e-02 8.086554169367647649e-02
5.137262056531523291e-02 8.094371443551820478e-02
5.173738817255853217e-02 8.102238073027839826e-02
5.210420296969235643e-02 8.110154655453738481e-02
5.247308878474692823e-02 8.118121797242489057e-02
5.284406980657756214e-02 8.126140115569074895e-02
5.321717059080323386e-02 8.134210238390353342e-02
5.359241606597104496e-02 8.142332804485437336e-02
5.396983153995136423e-02 8.150508463516153990e-02
5.434944270656844045e-02 8.158737876107156894e-02
5.473127565247122572e-02 8.167021713945318839e-02
5.511535686424892666e-02 8.175360659897928928e-02
5.550171330694517874e-02 8.183755418640260848e-02
5.589037235372391887e-02 8.192206705073053208e-02
5.628136168060755840e-02 8.200715228043634064e-02
5.667470940505725530e-02 8.209281709949382833e-02
5.707044409415783920e-02 8.217906886862579030e-02
5.746859477211809647e-02 8.226591508536887365e-02
5.786919092809161835e-02 8.235336338442833526e-02
5.827226252432434611e-02 8.244142153831707232e-02
5.867784000463543981e-02 8.253009745827286081e-02
5.908595430323825004e-02 8.261939919544793176e-02
5.949663685629704574e-02 8.270933494568623312e-02
5.990991965458936780e-02 8.279991311076823068e-02
6.032583515875573899e-02 8.289114216853002426e-02
6.074441633748045577e-02 8.298303071522550312e-02
6.116569670399221031e-02 8.307558750397435465e-02
6.158971032653975941e-02 8.316882144655510234e-02
6.201649183927034764e-02 8.326274161548023744e-02
6.244607645351771263e-02 8.335735724634593669e-02
6.287849997523957402e-02 8.345267774805821548e-02
6.331379884487702003e-02 8.354871274208673648e-02
6.375201006149881777e-02 8.364547194833198140e-02
6.419317124478102210e-02 8.374296525448574058e-02
6.463732066124933118e-02 8.384120273646648858e-02
6.508449723703538248e-02 8.394019466053967427e-02
6.553474057116080720e-02 8.403995148580768737e-02
6.598809094935767505e-02 8.414048386705988425e-02
6.644458937365631257e-02 8.424180267727235383e-02
6.690427759544655129e-02 8.434391903347268626e-02
6.736719801957134768e-02 8.444684415980027725e-02
6.783339379965634686e-02 8.455058949330074292e-02
6.830290886265490136e-02 8.465516669817765849e-02
6.877578792452412881e-02 8.476058766835969926e-02
6.925207650659805092e-02 8.486686453055347634e-02
6.973182095266931835e-02 8.497400964776961885e-02
7.021506848240564869e-02 8.508203566646430072e-02
7.070186719366730599e-02 8.519095550022232066e-02
7.119226595853672679e-02 8.530078218631555187e-02
7.168631455761728666e-02 8.541152903064912205e-02
7.218406370329451260e-02 8.552320961601202198e-02
7.268556505908413401e-02 8.563583780510751475e-02
7.319087125991470544e-02 8.574942774423510716e-02
7.370003593336063585e-02 8.586399386760776298e-02
7.421311379862334523e-02 8.597955099124302003e-02
7.473016058476716905e-02 8.609611419511530028e-02
7.525123295976400561e-02 8.621369872122058853e-02
7.577638870020945994e-02 8.633232014887416705e-02
7.630568671481628706e-02 8.645199439816117493e-02
7.683918706839518165e-02 8.657273773341116196e-02
7.737695100711210194e-02 8.669456676756827351e-02
7.791904098607067841e-02 8.681749846857889086e-02
7.846552083344231210e-02 8.694155031642732123e-02
7.901645551612573870e-02 8.706674001543447672e-02
7.957191118765048754e-02 8.719308552487439745e-02
8.013195535810271886e-02 8.732060522113244128e-02
8.069665692278028823e-02 8.744931790095636370e-02
8.126608619256385502e-02 8.757924278594186873e-02
8.184031492603141555e-02 8.771039952822082264e-02
8.241941637739504112e-02 8.784280823229471957e-02
8.300346554975056301e-02 8.797648969321761325e-02
8.359253870443988932e-02 8.811146484222352748e-02
8.418671360360252542e-02 8.824775497860398721e-02
8.478606968923980969e-02 8.838538192727735110e-02
8.539068811903803569e-02 8.852436804208713150e-02
8.600065180460036984e-02 8.866473621083935386e-02
8.661604545212633899e-02 8.880650986203432462e-02
8.723695562148509053e-02 8.894971298946711957e-02
8.786347084327286727e-02 8.909437023413169232e-02
8.849568143360075911e-02 8.924050665789785841e-02
8.913367967687045590e-02 8.938814789296224694e-02
8.977755991169997229e-02 8.953732018909837942e-02
9.042741858402141009e-02 8.968805042603636424e-02
9.108335433277017779e-02 8.984036615679730220e-02
9.174546804951448642e-02 8.999429562322709686e-02
9.241386278526646236e-02 9.014986762110165086e-02
9.308864395895775912e-02 9.030711166148443214e-02
9.376991943004207852e-02 9.046605799483815880e-02
9.445779956359741381e-02 9.062673762623200957e-02
9.515239736865481468e-02 9.078918239897379450e-02
9.585382847073035950e-02 9.095342491718447220e-02
9.656221108917023566e-02 9.111949847445467709e-02
9.727766628461761989e-02 9.128743723734489279e-02
9.800031803659990659e-02 9.145727626326770332e-02
9.873029332564781102e-02 9.162905152087709448e-02
9.946772235888387548e-02 9.180280004105777214e-02
1.002127383525086707e-01 9.197855965503640152e-02
1.009654776991172481e-01 9.215636909117690123e-02
1.017260802158943683e-01 9.233626814080612977e-02
1.024946892384944047e-01 9.251829767799182869e-02
1.032714517441702812e-01 9.270249970356880809e-02
1.040565186412363702e-01 9.288891753479450175e-02
1.048500443295645596e-01 9.307759534012728653e-02
1.056521871353724995e-01 9.326857845976008199e-02
1.064631095450377929e-01 9.346191353766997167e-02
1.072829783220791700e-01 9.365764854570762799e-02
1.081119647156438129e-01 9.385583288466095575e-02
1.089502446928991147e-01 9.405651750086707619e-02
1.097979984124593661e-01 9.425975434556232990e-02
1.106554109138786490e-01 9.446559688858154058e-02
1.115226723258948005e-01 9.467410020464273046e-02
1.123999780158179834e-01 9.488532100508388634e-02
1.132875289929448359e-01 9.509931787971707962e-02
1.141855318548973264e-01 9.531615114688615775e-02
1.150941983080653042e-01 9.553588235274255991e-02
1.160137461631988859e-01 9.575857500271194034e-02
1.169443995343399101e-01 9.598429461238038030e-02
1.178863890283619043e-01 9.621310874649383060e-02
1.188399521115547364e-01 9.644508719773102479e-02
1.198053330263929850e-01 9.668030179376421729e-02
1.207827830074749281e-01 9.691882644807922609e-02
1.217725607809117538e-01 9.716073743244291183e-02
1.227749328978960525e-01 9.740611350567585092e-02
1.237901739382290117e-01 9.765503593234653446e-02
1.248185665879723849e-01 9.790758839882959808e-02
1.258604022712574988e-01 9.816385736108457216e-02
1.269159815153352577e-01 9.842393217030857844e-02
1.279856143776639255e-01 9.868790523845746843e-02
1.290696202986272023e-01 9.895587175390196943e-02
1.301683289222053119e-01 9.922793014067675388e-02
1.312820805566383420e-01 9.950418222514188782e-02
1.324112268332062192e-01 9.978473354187691879e-02
1.335561304190429066e-01 1.000696929157070952e-01
1.347171658745477951e-01 1.003591729059803150e-01
1.358947203749236166e-01 1.006532901301481486e-01
1.370891944844330190e-01 1.009521656098602699e-01
1.383010021084583596e-01 1.012559244976485029e-01
1.395305709092065083e-01 1.015646961447880109e-01
1.407783436005683453e-01 1.018786147972518957e-01
1.420447787363726677e-01 1.021978198969490381e-01
1.433303512623835818e-01 1.025224561968697129e-01
1.446355521702202551e-01 1.028526732266134003e-01
1.459608904415619635e-01 1.031886263885905958e-01
1.473068939571975100e-01 1.035304772811596191e-01
1.486741108418531132e-01 1.038783943069018917e-01
1.500631080996155942e-01 1.042325513691185201e-01
1.514744742423223545e-01 1.045931293624957764e-01
1.529088206085676693e-01 1.049603167038247326e-01
1.543667826342820515e-01 1.053343098011986778e-01
1.558490200967157513e-01 1.057153127998836234e-01
1.573562186072901270e-01 1.061035381684530682e-01
1.588890914644390806e-01 1.064992074942747446e-01
1.604483805087048298e-01 1.069025515740148202e-01
1.620348576584773326e-01 1.073138109390413125e-01
1.636493271552637296e-01 1.077332368159762410e-01
1.652926268244976349e-01 1.081610913946188246e-01
1.669656294814707287e-01 1.085976481656637654e-01
1.686692458690258190e-01 1.090431932209244698e-01
1.704044265139111336e-01 1.094980257952607589e-01
1.721721628636445345e-01 1.099624583115599435e-01
1.739734911070312529e-01 1.104368181090214507e-01
1.758094949136758400e-01 1.109214484069775269e-01
1.776813061162967333e-01 1.114167079222531109e-01
1.795901095909341050e-01 1.119229730943044343e-01
1.815371471956121474e-01 1.124406396222600579e-01
1.835237182158593605e-01 1.129701217695410903e-01
1.855511850802255558e-01 1.135118548909116593e-01
1.876209790320366999e-01 1.140662978113664711e-01
1.897346003564630845e-01 1.146339317962053184e-01
1.918936248290341318e-01 1.152152632616800509e-01
1.940997106782675341e-01 1.158108266571481748e-01
1.963546023232798921e-01 1.164211852897161087e-01
1.986601360239086400e-01 1.170469332040717514e-01
2.010182471103303392e-01 1.176886978734162509e-01
2.034309758142404390e-01 1.183471419292088239e-01
2.059004766887932714e-01 1.190229668502934129e-01
2.084290246718267792e-01 1.197169145306642840e-01
2.110190261619534491e-01 1.204297715906661875e-01
2.136730276434065101e-01 1.211623720717984604e-01
2.163937264096366386e-01 1.219156011434473774e-01
2.191839841919784593e-01 1.226904002210784383e-01
2.220468365081082751e-01 1.234877694282477262e-01
2.249855120207418513e-01 1.243087754091796587e-01
2.280034429125901430e-01 1.251545538149314019e-01
2.311042866072487156e-01 1.260263177791970668e-01
2.342919430416825488e-01 1.269253635445671546e-01
2.375705734034745109e-01 1.278530765369778888e-01
2.409446300032829225e-01 1.288109430248772502e-01
2.444188775793137425e-01 1.298005566262196708e-01
2.479984241463200068e-01 1.308236294359886309e-01
2.516887532572707475e-01 1.318820032811458265e-01
2.554957604804617421e-01 1.329776625326174744e-01
2.594257957117788171e-01 1.341127492138983468e-01
2.634857066730439956e-01 1.352895778827634676e-01
2.676828949229735355e-01 1.365106560408988756e-01
2.720253699012586401e-01 1.377787024405596472e-01
2.765218206842829374e-01 1.390966732447243004e-01
2.811816885271587463e-01 1.404677871658079891e-01
2.860152539550674944e-01 1.418955564045167594e-01
2.910337365252187447e-01 1.433838221252263512e-01
2.962494112609788122e-01 1.449367961361633095e-01
3.016757368580114118e-01 1.465591060113944355e-01
3.073275093765671651e-01 1.482558500088578812e-01
3.132210390430725799e-01 1.500326600600837279e-01
3.193743560650734170e-01 1.518957751160835423e-01
3.258074536142220312e-01 1.538521280418148895e-01
3.325425736766276508e-01 1.559094478864936906e-01
3.396045452517444940e-01 1.580763809719648860e-01
3.470211794728183530e-01 1.603626317276830027e-01
3.548237647316218601e-01 1.627791417562918230e-01
3.630476374040056409e-01 1.653382937392487428e-01
3.717328881795984863e-01 1.680541656236476111e-01
3.809252222593810244e-01 1.709428402192634533e-01
3.906770176068091738e-01 1.740227864255489698e-01
4.010486401237587928e-01 1.773153336634203381e-01
4.121100824781273042e-01 1.808452630200583500e-01
4.239430569815015870e-01 1.846415646409338418e-01
4.366436445317088966e-01 1.887383952730982417e-01
4.503257331093496463e-01 1.931763236800101424e-01
4.651255201179549936e-01 1.980039630207965917e-01
4.812074831228990157e-01 2.032801373160096070e-01
4.987724430763660344e-01 2.090768108244822621e-01
5.180686300233872110e-01 2.154831121535773497e-01
5.394071618292789472e-01 2.226109683247479154e-01
5.631842026362726683e-01 2.306031786973746223e-01
5.899134996540333908e-01 2.396452827197126656e-01
6.202755831060163816e-01 2.499835238504469204e-01
6.551946835230214594e-01 2.619529593942661605e-01
6.959641973269727888e-01 2.760233633788213847e-01
7.444612743094789487e-01 2.928778090834245340e-01
