-7.997626945354067152e-01 1.948415842333968417e-02
-7.931660882255373579e-01 2.077138879647503003e-02
-7.867203937934672542e-01 2.203889951070128750e-02
-7.804198789268899095e-01 2.328735220511727808e-02
-7.742590729788005888e-01 2.451737479647865536e-02
-7.682328097888700968e-01 2.572956530913441883e-02
-7.623361697792846448e-01 2.692449261626297247e-02
-7.565644857927256162e-01 2.810269891390046113e-02
-7.509133227594912974e-01 2.926470123868618253e-02
-7.453784606184842287e-01 3.041099289522687307e-02
-7.399558869333752176e-01 3.154204510927208910e-02
-7.346417772718644157e-01 3.265830805575482138e-02
-7.294324940355882969e-01 3.376021252546414914e-02
-7.243245653397529793e-01 3.484817061893791951e-02
-7.193146637761037576e-01 3.592257620275361718e-02
-7.143996266313046295e-01 3.698380727880264812e-02
-7.095764323135603791e-01 3.803222622822207549e-02
-7.048421891761149638e-01 3.906818048372724672e-02
-7.001941334050393317e-01 4.009200359823746063e-02
-6.956296173705430741e-01 4.110401572680736498e-02
-6.911461083247081305e-01 4.210452461094413290e-02
-6.867411774473897168e-01 4.309382594298423463e-02
-6.824124982044432741e-01 4.407220421157292262e-02
-6.781578384546087523e-01 4.503993311396201071e-02
-6.739750569978201211e-01 4.599727618472364277e-02
-6.698620985574148534e-01 4.694448727682217631e-02
-6.658169872011684420e-01 4.788181087530553326e-02
-6.618378241291116293e-01 4.880948266073885378e-02
-6.579227856114279183e-01 4.972773005971661137e-02
-6.540701189309601205e-01 5.063677261828929133e-02
-6.502781389294605141e-01 5.153682237867319299e-02
-6.465452181534971920e-01 5.242808369902694082e-02
-6.428697922789600172e-01 5.331075423175535288e-02
-6.392503555455544273e-01 5.418502511488716006e-02
-6.356854546102513881e-01 5.505108097633058112e-02
-6.321736888480187222e-01 5.590910044064920092e-02
-6.287137080753942842e-01 5.675925640659305882e-02
-6.253042090635936301e-01 5.760171618811854577e-02
-6.219439338994031674e-01 5.843664179064742698e-02
-6.186316684585073666e-01 5.926419018010477963e-02
-6.153662398978865244e-01 6.008451343942853434e-02
-6.121465147312179500e-01 6.089775895548015655e-02
-6.089713977639504838e-01 6.170406967189954323e-02
-6.058398301481328074e-01 6.250358423947856290e-02
-6.027507874709447933e-01 6.329643714866978188e-02
-5.997032789200396063e-01 6.408275895611635631e-02
-5.966963456633610496e-01 6.486267641666161599e-02
-5.937290588878080255e-01 6.563631255980878487e-02
-5.908005196038987883e-01 6.640378694305149043e-02
-5.879098573763589242e-01 6.716521578043320451e-02
-5.850562293135130876e-01 6.792071208718718223e-02
-5.822388183255430283e-01 6.867038572704296795e-02
-5.794568304462492936e-01 6.941434332812694563e-02
-5.767094969480278666e-01 7.015268875228157508e-02
-5.739960725090389460e-01 7.088552310043327864e-02
-5.713158343970509145e-01 7.161294482514196647e-02
-5.686680807249574476e-01 7.233504971609634737e-02
-5.660521290525466487e-01 7.305193091099139446e-02
-5.634673176824215313e-01 7.376367924362775552e-02
-5.609130041735214123e-01 7.447038323711474561e-02
-5.583885647418189713e-01 7.517212920005740540e-02
-5.558933925835494172e-01 7.586900116910520742e-02
-5.534268975310578931e-01 7.656108101725284110e-02
-5.509885064355091178e-01 7.724844866028900137e-02
-5.485776621474924841e-01 7.793118206842022944e-02
-5.461938230112791670e-01 7.860935734052990065e-02
-5.438364614251900431e-01 7.928304863673092673e-02
-5.415050640175083085e-01 7.995232833344245726e-02
-5.391991314927867540e-01 8.061726713122945032e-02
-5.369181779530008969e-01 8.127793408150878196e-02
-5.346617304422979222e-01 8.193439664000633227e-02
-5.324293278010872044e-01 8.258672060806328263e-02
-5.302205210135136904e-01 8.323497029561263694e-02
-5.280348728266387459e-01 8.387920857243159889e-02
-5.258719572842495138e-01 8.451949690147916860e-02
-5.237313593027268510e-01 8.515589537391482500e-02
-5.216126738091896309e-01 8.578846266743762883e-02
-5.195155060918986711e-01 8.641725619665538427e-02
-5.174394713572135762e-01 8.704233213399288627e-02
-5.153841943956631866e-01 8.766374544424544724e-02
-5.133493091191932978e-01 8.828154989328916569e-02
-5.113344578993371803e-01 8.889579801703707818e-02
-5.093392921091942638e-01 8.950654129453999852e-02
-5.073634716037208614e-01 9.011383013869857239e-02
-5.054066644783546947e-01 9.071771393113595150e-02
-5.034685468708192113e-01 9.131824106224210869e-02
-5.015488026330547910e-01 9.191545894524202898e-02
-4.996471218748574361e-01 9.250941381771490835e-02
-4.977632023233427572e-01 9.310015105334835950e-02
-4.958967489263765849e-01 9.368771515737628341e-02
-4.940474734602990359e-01 9.427214975840991773e-02
-4.922150943627792707e-01 9.485349763926430311e-02
-4.903993365688220085e-01 9.543180076656003485e-02
-4.885999306409826159e-01 9.600710017983790645e-02
-4.868166130753436294e-01 9.657943610409748525e-02
-4.850491265200378432e-01 9.714884804834923726e-02
-4.832972193436098074e-01 9.771537477525456261e-02
-4.815606454979110551e-01 9.827905432601666269e-02
-4.798391643905266513e-01 9.883992404572519708e-02
-4.781325404449634497e-01 9.939802054238772167e-02
-4.764405427342887078e-01 9.995337965640103961e-02
-4.747629456157935746e-01 1.005060366377929504e-01
-4.730995282738854057e-01 1.010560260975614660e-01
-4.714500745974321561e-01 1.016033820259145543e-01
-4.698143730720665268e-01 1.021481378124064338e-01
-4.681922165859014329e-01 1.026903262458968291e-01
-4.665834019186665405e-01 1.032299794422843336e-01
-4.649877302464015538e-01 1.037671289930530011e-01
-4.634050068781187526e-01 1.043018059467896996e-01
-4.618350411151218027e-01 1.048340408155640363e-01
-4.602776461604612401e-01 1.053638635912110683e-01
-4.587326390182450697e-01 1.058913037582728950e-01
-4.571998400830968867e-01 1.064163902337033757e-01
-4.556790733655497472e-01 1.069391514511165986e-01
-4.541701664505068958e-01 1.074596153845186614e-01
-4.526729503320631176e-01 1.079778095421077833e-01
-4.511872593372727724e-01 1.084937609795939423e-01
-4.497129310541704839e-01 1.090074963137074165e-01
-4.482498060890553471e-01 1.095190416931955124e-01
-4.467977280111581351e-01 1.100284228131889891e-01
-4.453565435016895169e-01 1.105356649796865598e-01
-4.439261021690834585e-01 1.110407930923111713e-01
-4.425062564844862156e-01 1.115438316552672393e-01
-4.410968617205811571e-01 1.120448047884315540e-01
-4.396977758008730475e-01 1.125437362148470344e-01
-4.383088590710497168e-01 1.130406492263994617e-01
-4.369299746384608940e-01 1.135355667944805413e-01
-4.355609881625389646e-01 1.140285115409065686e-01
-4.342017677896986561e-01 1.145195057445292375e-01
-4.328521841052609953e-01 1.150085713516425107e-01
-4.315121100883317351e-01 1.154957299866486847e-01
-4.301814210696228158e-01 1.159810029630233968e-01
-4.288599946400838414e-01 1.164644112804598675e-01
-4.275477099895391153e-01 1.169459754650628985e-01
-4.262444486622013473e-01 1.174257157921237832e-01
-4.249500944432711980e-01 1.179036522767293038e-01
-4.236645331732994957e-01 1.183798046428829048e-01
-4.223876527083423871e-01 1.188541923314952592e-01
-4.211193428822699869e-01 1.193268345085427146e-01
-4.198594954712198124e-01 1.197977500734218742e-01
-4.186080041601645263e-01 1.202669576675199914e-01
-4.173647642096880439e-01 1.207344755956963334e-01
-4.161296725386008921e-01 1.212003218649517627e-01
-4.149026280238057862e-01 1.216645142878075986e-01
-4.136835312580920410e-01 1.221270704292434228e-01
-4.124722845176664321e-01 1.225880076131193319e-01
-4.112687917313091468e-01 1.230473429287241710e-01
-4.100729584511514370e-01 1.235050932374715527e-01
-4.088846918250725326e-01 1.239612751797622842e-01
-4.077039004749116735e-01 1.244159051528033050e-01
-4.065304942460636894e-01 1.248689992474884269e-01
-4.053643846473432011e-01 1.253205733957009349e-01
-4.042054846497642462e-01 1.257706433234327958e-01
-4.030537086387505630e-01 1.262192245495659670e-01
-4.019089723883979004e-01 1.266663323910522665e-01
-4.007711930369490805e-01 1.271119819681932883e-01
-3.996402890634833671e-01 1.275561882100354483e-01
-3.985161802512380280e-01 1.279989658552136422e-01
-3.973987874449100843e-01 1.284403293857890593e-01
-3.962880327946839976e-01 1.288802931164669818e-01
-3.951838397268866987e-01 1.293188711973256300e-01
-3.940861328646022010e-01 1.297560775997386728e-01
-3.929948380062107116e-01 1.301919261205463640e-01
-3.919098821048552783e-01 1.306264303862963438e-01
-3.908311932488334750e-01 1.310596038575672639e-01
-3.897587006429154566e-01 1.314914598333849494e-01
-3.886923344802788449e-01 1.319220114183096704e-01
-3.876320259458393980e-01 1.323512715328417355e-01
-3.865777073507108974e-01 1.327792529689245105e-01
-3.855293120251501171e-01 1.332059683636639402e-01
-3.844867743005406791e-01 1.336314302027052647e-01
-3.834500294921777130e-01 1.340556508236882549e-01
-3.824190138827700536e-01 1.344786424197609576e-01
-3.813936647066548669e-01 1.349004170431633010e-01
-3.803739201022145466e-01 1.353209865973223347e-01
-3.793597190024411980e-01 1.357403628062471002e-01
-3.783510013012444384e-01 1.361585572818231060e-01
-3.773477077750641562e-01 1.365755815046117150e-01
-3.763497800578538000e-01 1.369914468231284987e-01
-3.753571606265680982e-01 1.374061644566734186e-01
-3.743697927872075004e-01 1.378197454982037495e-01
-3.733876206614201720e-01 1.382322009172569088e-01
-3.724105891666761869e-01 1.386435415603311516e-01
-3.714386438726671735e-01 1.390537781046993770e-01
-3.704717311567833904e-01 1.394629211230320465e-01
-3.695097981915739793e-01 1.398709810863772995e-01
-3.685527928914128504e-01 1.402779683514745468e-01
-3.676006639010323540e-01 1.406838931634400158e-01
-3.666533605845491706e-01 1.410887656585152472e-01
-3.657108330149845821e-01 1.414925958668826478e-01
-3.647730319642725205e-01 1.418953937155571221e-01
-3.638399088937576131e-01 1.422971690313578619e-01
-3.629114159451792831e-01 1.426979315439678153e-01
-3.619875059256923988e-01 1.430976908865371211e-01
-3.610681320104310865e-01 1.434964564838582257e-01
-3.601532480403001335e-01 1.438942376745995788e-01
-3.592428085965300721e-01 1.442910437476585261e-01
-3.583367688683443686e-01 1.446868838959454728e-01
-3.574350846436824547e-01 1.450817672184485929e-01
-3.565377123002798077e-01 1.454757027223406163e-01
-3.556446087971046888e-01 1.458686993251328279e-01
-3.547557316661518190e-01 1.462607658568789160e-01
-3.538710390045886611e-01 1.466519110624359690e-01
-3.529904894672552529e-01 1.470421436037845919e-01
-3.521140422587620833e-01 1.474314720620987784e-01
-3.512416569593211912e-01 1.478199048697544649e-01
-3.503732936491384953e-01 1.482074503663972365e-01
-3.495089130179764303e-01 1.485941168503174259e-01
-3.486484762589600606e-01 1.489799125390590950e-01
-3.477919450611507424e-01 1.493648455710895884e-01
-3.469392816023905146e-01 1.497489240075015882e-01
-3.460904485424140531e-01 1.501321558337512241e-01
-3.452454090162274669e-01 1.505145489614356513e-01
-3.444041266277542701e-01 1.508961112301132335e-01
-3.435665654437461969e-01 1.512768504091704658e-01
-3.427326899879575839e-01 1.516567741997384977e-01
-3.419024651286312055e-01 1.520358901891032122e-01
-3.410758561135372458e-01 1.524142058695882318e-01
-3.402528287082307590e-01 1.527917287042549199e-01
-3.394333490978223011e-01 1.531684660877182802e-01
-3.386173838808518854e-01 1.535444253474460286e-01
-3.378049000634251731e-01 1.539196137451095958e-01
-3.369958650535515021e-01 1.542940384779601104e-01
-3.361902466556804803e-01 1.546677066802324696e-01
-3.353880130654371960e-01 1.550406254245805526e-01
-3.345891328645561602e-01 1.554128017235441306e-01
-3.337935750160114234e-01 1.557842425310529966e-01
-3.330013087999682542e-01 1.561549547161255325e-01
-3.322123037984304750e-01 1.565249450586660429e-01
-3.314265300231371558e-01 1.568942203128768642e-01
-3.306439578389869238e-01 1.572627871751413331e-01
-3.298645579579673193e-01 1.576306522845824232e-01
-3.290883014343362611e-01 1.579978222241533725e-01
-3.283151596599576116e-01 1.583643035217467965e-01
-3.275451043597877310e-01 1.587301026513243118e-01
-3.267781075875125230e-01 1.590952260340686431e-01
-3.260141417213347492e-01 1.594596800395607916e-01
-3.252531794599122228e-01 1.598234709869825187e-01
-3.244951937855343194e-01 1.601866051301027161e-01
-3.237401579295560161e-01 1.605490886428904973e-01
-3.229880454795982514e-01 1.609109276752919704e-01
-3.222388303232195383e-01 1.612721283286366603e-01
-3.214924866412922633e-01 1.616326966552757149e-01
-3.207489889040322506e-01 1.619926386594767176e-01
-3.200083118671434024e-01 1.623519602983330701e-01
-3.192704305680794108e-01 1.627106674826891974e-01
-3.185353203224227103e-01 1.630687660780822112e-01
-3.178029567203770611e-01 1.634262619057031407e-01
-3.170733156233782601e-01 1.637831607433771486e-01
-3.163463731423931669e-01 1.641394683170065705e-01
-3.156221055980537593e-01 1.644951902822535117e-01
-3.149004896077191029e-01 1.648503322721212305e-01
-3.141815020453221918e-01 1.652048998788634981e-01
-3.134651200340597965e-01 1.655588986526894679e-01
-3.127513209430901053e-01 1.659123341025023068e-01
-3.120400823843228477e-01 1.662652116966469584e-01
-3.113313822092979022e-01 1.666175368636709231e-01
-3.106251985061553311e-01 1.669693149930971121e-01
-3.099215095966945666e-01 1.673205514362109403e-01
-3.092202940335228578e-01 1.676712515068630449e-01
-3.085215305824537957e-01 1.680214204742054851e-01
-3.078251981706989771e-01 1.683710635364775443e-01
-3.071312759914452406e-01 1.687201858799700915e-01
-3.064397434621276006e-01 1.690687926587657597e-01
-3.057505802140365603e-01 1.694168889912570364e-01
-3.050637660897236314e-01 1.697644799608629684e-01
-3.043792811404857912e-01 1.701115706167618258e-01
-3.036971056239301525e-01 1.704581659746386701e-01
-3.030172200016165718e-01 1.708042710174508538e-01
-3.023396049367780836e-01 1.711498906962113653e-01
-3.016642412921203831e-01 1.714950299307908266e-01
-3.009911101276975254e-01 1.718396936107407236e-01
-3.003201926988656734e-01 1.721838865961358989e-01
-2.996514704543131735e-01 1.725276137184407199e-01
-2.989849250341666265e-01 1.728708797813977571e-01
-2.983205382077627754e-01 1.732136895268644450e-01
-2.976582918132625877e-01 1.735560476008199959e-01
-2.969981679820927201e-01 1.738979586852603121e-01
-2.963401490277068895e-01 1.742394274360246076e-01
-2.956842174372383836e-01 1.745804584797457648e-01
-2.950303558694275519e-01 1.749210564144071667e-01
-2.943785471526063069e-01 1.752612258099089382e-01
-2.937287742827400794e-01 1.756009712086457342e-01
-2.930810204215254511e-01 1.759402971260965454e-01
-2.924352688945463519e-01 1.762792080514266613e-01
-2.917915031894835476e-01 1.766177084481032888e-01
-2.911497069543823035e-01 1.769558027545256318e-01
-2.905098639959740603e-01 1.772934953846687645e-01
-2.898719582780538984e-01 1.776307907287441312e-01
-2.892359739199132362e-01 1.779676931538755891e-01
-2.886018951347614214e-01 1.783042069676837038e-01
-2.879697062448318690e-01 1.786403364285138462e-01
-2.873393917835854738e-01 1.789760858101472063e-01
-2.867109364289174844e-01 1.793114593623773567e-01
-2.860843250011349537e-01 1.796464613112526421e-01
-2.854595424613112775e-01 1.799810958595330634e-01
-2.848365739096858640e-01 1.803153671871551567e-01
-2.842154045841038257e-01 1.806492794517060296e-01
-2.835960198584995817e-01 1.809828367889065037e-01
-2.829784052414213158e-01 1.813160433131041360e-01
-2.823625463745981778e-01 1.816489031177765945e-01
-2.817484290315487305e-01 1.819814202760461630e-01
-2.811360391162292527e-01 1.823135988412056263e-01
-2.805253626617261187e-01 1.826454428472560343e-01
-2.799163858284295370e-01 1.829769563090932194e-01
-2.793090948394944539e-01 1.833081431815136164e-01
-2.787034760426142510e-01 1.836390074004424777e-01
-2.780995159415812212e-01 1.839695529051458556e-01
-2.774972011590211562e-01 1.842997836152363844e-01
-2.768965184350295483e-01 1.846297034310375174e-01
-2.762974546258389341e-01 1.849593162339536745e-01
-2.756999967025184906e-01 1.852886258868459979e-01
-2.751041317497046612e-01 1.856176362344147679e-01
-2.745098469643633132e-01 1.859463511035881200e-01
-2.739171296545820367e-01 1.862747743039191439e-01
-2.733259672383956396e-01 1.866029096279887833e-01
-2.727363472426396762e-01 1.869307608518183117e-01
-2.721482573018366713e-01 1.872583317352892185e-01
-2.715616851571109325e-01 1.875856260225727823e-01
-2.709766186522928888e-01 1.879126474405961866e-01
-2.703930456838680163e-01 1.882393996653217716e-01
-2.698109542692470608e-01 1.885658863699083976e-01
-2.692303325418247684e-01 1.888921112226223664e-01
-2.686511687335583209e-01 1.892180778758846549e-01
-2.680734511738553372e-01 1.895437899665714798e-01
-2.674971682884856317e-01 1.898692511163187768e-01
-2.669223085985164556e-01 1.901944649318319247e-01
-2.663488607192724400e-01 1.905194350051989116e-01
-2.657768133593180759e-01 1.908441649142099406e-01
-2.652061553194637322e-01 1.911686582226813369e-01
-2.646368754917949873e-01 1.914929184807860618e-01
-2.640689628587256088e-01 1.918169492253892494e-01
-2.635024064920729048e-01 1.921407539803907105e-01
-2.629371955521555004e-01 1.924643362570735150e-01
-2.623733192816073978e-01 1.927876995505601321e-01
-2.618107669732203102e-01 1.931108473170126683e-01
-2.612495280262561170e-01 1.934337830157993321e-01
-2.606895919295476594e-01 1.937565100982022170e-01
-2.601309482541103724e-01 1.940790320029424643e-01
-2.595735866522321800e-01 1.944013521564356139e-01
-2.590174968565808200e-01 1.947234739730504260e-01
-2.584626686793297656e-01 1.950454008553714202e-01
-2.579090920113020213e-01 1.953671361944654128e-01
-2.573567568211323486e-01 1.956886833701509953e-01
-2.568056531544468113e-01 1.960100457512736205e-01
-2.562557711330604171e-01 1.963312266959840180e-01
-2.557071009541922457e-01 1.966522295520221064e-01
-2.551596328896981181e-01 1.969730576570052627e-01
-2.546133572853208626e-01 1.972937143387219761e-01
-2.540682645521699090e-01 1.976142029093734542e-01
-2.535243451492955047e-01 1.979345266527183789e-01
-2.529815896261113917e-01 1.982546888578139432e-01
-2.524399886037586027e-01 1.985746928054815952e-01
-2.518995327721438304e-01 1.988945417668240290e-01
-2.513602128891838650e-01 1.992142390034446486e-01
-2.508220197800654638e-01 1.995337877676687799e-01
-2.502849443365176008e-01 1.998531913027680740e-01
-2.497489775160989245e-01 2.001724528431877981e-01
-2.492141103414980963e-01 2.004915756147772066e-01
-2.486803338998482271e-01 2.008105628350231875e-01
-2.481476393420548321e-01 2.011294177132869343e-01
-2.476160178821368851e-01 2.014481434510453917e-01
-2.470854607965825012e-01 2.017667432421348384e-01
-2.465559594237163032e-01 2.020852202729997715e-01
-2.460275051488071962e-01 2.024035777112022927e-01
-2.455000893998238454e-01 2.027218187024554252e-01
-2.449737036869623352e-01 2.030399464038608881e-01
-2.444483395795715719e-01 2.033579639657995819e-01
-2.439239887049121924e-01 2.036758745316346320e-01
-2.434006427475565171e-01 2.039936812379322117e-01
-2.428782934487996870e-01 2.043113872146860577e-01
-2.423569326060832085e-01 2.046289955855454812e-01
-2.418365520724301276e-01 2.049465094680474886e-01
-2.413171437558910837e-01 2.052639319738527313e-01
-2.407986996190034368e-01 2.055812662089856191e-01
-2.402812116782605534e-01 2.058985152740787916e-01
-2.397646720035931378e-01 2.062156822646219467e-01
-2.392490727178616661e-01 2.065327702712154434e-01
-2.387344059963595888e-01 2.068497823798285951e-01
-2.382206640663291353e-01 2.071667216720628479e-01
-2.377078392064859436e-01 2.074835912254197334e-01
-2.371959237465566528e-01 2.078003941135746213e-01
-2.366849100668258765e-01 2.081171334066553580e-01
-2.361747905976946671e-01 2.084338121715264558e-01
-2.356655577747948926e-01 2.087504334327015265e-01
-2.351572040598535751e-01 2.090670001908382925e-01
-2.346497220089535651e-01 2.093835154839319423e-01
-2.341431042246303329e-01 2.096999823458186307e-01
-2.336373433552427492e-01 2.100164038062388439e-01
-2.331324320944872242e-01 2.103327828910212249e-01
-2.326283631809185626e-01 2.106491226222692859e-01
-2.321251293974810614e-01 2.109654260185498675e-01
-2.316227235710465460e-01 2.112816960950856526e-01
-2.311211385719610101e-01 2.115979358639492047e-01
-2.306203673135994447e-01 2.119141483342608934e-01
-2.301204027519291317e-01 2.122303365123895391e-01
-2.296212378850803759e-01 2.125465034021562782e-01
-2.291228657529250923e-01 2.128626520050418691e-01
-2.286252794366645524e-01 2.131787853203968297e-01
-2.281284720584233205e-01 2.134949063456560159e-01
-2.276324367808521265e-01 2.138110180765559476e-01
-2.271371668067372340e-01 2.141271235073563539e-01
-2.266426553786189957e-01 2.144432256310651874e-01
-2.261488957782716025e-01 2.147593274395300234e-01
-2.256558812917283663e-01 2.150754318906841489e-01
-2.251636052429617507e-01 2.153915419407400056e-01
-2.246720610161909160e-01 2.157076605661701896e-01
-2.241812420322737975e-01 2.160237907419181036e-01
-2.236911417483048725e-01 2.163399354415611597e-01
-2.232017536572183658e-01 2.166560976374765080e-01
-2.227130712873988672e-01 2.169722803010076251e-01
-2.222250882022968332e-01 2.172884864026342899e-01
-2.217377980000505289e-01 2.176047189121441405e-01
-2.212511943131135750e-01 2.179209807988068959e-01
-2.207652708078890469e-01 2.182372750315502707e-01
-2.202800211843687905e-01 2.185536045791393600e-01
-2.197954391757786508e-01 2.188699724103577160e-01
-2.193115185482294727e-01 2.191863814941915622e-01
-2.188282531003738485e-01 2.195028348000163942e-01
-2.183456366630680545e-01 2.198193352977866333e-01
-2.178636630990404277e-01 2.201358859582278060e-01
-2.173823263025636554e-01 2.204524897530320826e-01
-2.169016201991345039e-01 2.207691496550564514e-01
-2.164215387443741145e-01 2.210858686377238369e-01
-2.159420758963598586e-01 2.214026496471639127e-01
-2.154632256511973820e-01 2.217194956388126581e-01
-2.149849820464588834e-01 2.220364095816252936e-01
-2.145073391484868253e-01 2.223533944456501099e-01
-2.140302910520595903e-01 2.226704532021811789e-01
-2.135538318800611068e-01 2.229875888239123138e-01
-2.130779557831552762e-01 2.233048042850933335e-01
-2.126026569394643129e-01 2.236221025616874081e-01
-2.121279295542514987e-01 2.239394866315305987e-01
-2.116537678596080441e-01 2.242569594744937556e-01
-2.111801661141445019e-01 2.245745240726449155e-01
-2.107071186026860388e-01 2.248921834104155859e-01
-2.102346196359715369e-01 2.252099404747674449e-01
-2.097626635503571368e-01 2.255277982553623994e-01
-2.092912447075236937e-01 2.258457597447337539e-01
-2.088203574941881746e-01 2.261638279384604044e-01
-2.083499963218189421e-01 2.264820058353431143e-01
-2.078801556263548123e-01 2.268002964375828434e-01
-2.074108298679278872e-01 2.271187027509617151e-01
-2.069420135289992135e-01 2.274372277832774347e-01
-2.064737010931417260e-01 2.277558745213912883e-01
-2.060058870780482887e-01 2.280746459677969185e-01
-2.055385660305621143e-01 2.283935451357959057e-01
-2.050717325196944330e-01 2.287125750423134596e-01
-2.046053811363365837e-01 2.290317387080426370e-01
-2.041395064929741876e-01 2.293510391575894758e-01
-2.036741032234060944e-01 2.296704794196194888e-01
-2.032091659824644125e-01 2.299900625270058230e-01
-2.027446894457384796e-01 2.303097915169785570e-01
-2.022806683093018587e-01 2.306296694312755802e-01
-2.018170972894416937e-01 2.309496993162950540e-01
-2.013539711223913675e-01 2.312698842232491780e-01
-2.008912845640651867e-01 2.315902272083199265e-01
-2.004290323897971182e-01 2.319107313328157283e-01
-1.999672093940812467e-01 2.322313996633307565e-01
-1.995058103903150359e-01 2.325522352719051611e-01
-1.990448302105458367e-01 2.328732412361872728e-01
-1.985842637052188941e-01 2.331944206395980268e-01
-1.981241057429295183e-01 2.335157765714963585e-01
-1.976643512086052323e-01 2.338373121254885001e-01
-1.972049949934115975e-01 2.341590303878665624e-01
-1.967460320132095042e-01 2.344809344598130507e-01
-1.962874572029869868e-01 2.348030274513575044e-01
-1.958292655143234196e-01 2.351253124788335314e-01
-1.953714519151387163e-01 2.354477926650282160e-01
-1.949140113894457238e-01 2.357704711393322494e-01
-1.944569389371034462e-01 2.360933510378920019e-01
-1.940002295735729354e-01 2.364164355037628729e-01
-1.935438783296753729e-01 2.367397276870637779e-01
-1.930878802513513737e-01 2.370632307451334408e-01
-1.926322303994235097e-01 2.373869478426878232e-01
-1.921769238493595822e-01 2.377108821519791082e-01
-1.917219556910382539e-01 2.380350368529564331e-01
-1.912673210285165959e-01 2.383594151334280375e-01
-1.908130149797995501e-01 2.386840201892251045e-01
-1.903590326766109175e-01 2.390088552243667952e-01
-1.899053692641659574e-01 2.393339234512279201e-01
-1.894520199009465389e-01 2.396592280907070271e-01
-1.889989797584770981e-01 2.399847723723972648e-01
nan nan
nan nan
nan nan
nan nan
nan nan
nan nan
nan nan
nan nan
nan nan
nan nan
nan nan
nan nan
nan nan
nan nan
nan nan
nan nan
nan nan
nan nan
nan nan
nan nan
nan nan
nan nan
nan nan
nan nan
nan nan
nan nan
nan nan
nan nan
nan nan
nan nan
nan nan
nan nan
-1.733006427102476432e-01 2.515555456685110713e-01
-1.728556052837907642e-01 2.518919474210072340e-01
-1.724107052514074478e-01 2.522287154640031615e-01
-1.719659380992006603e-01 2.525658534538882116e-01
-1.715212993177187006e-01 2.529033650620831630e-01
-1.710767844017257455e-01 2.532412539752035285e-01
-1.706323888499741703e-01 2.535795238952249786e-01
-1.701881081649777583e-01 2.539181785396508184e-01
-1.697439378527858811e-01 2.542572216416814634e-01
-1.692998734227589563e-01 2.545966569503866905e-01
-1.688559103873446543e-01 2.549364882308792213e-01
-1.684120442618549096e-01 2.552767192644920247e-01
-1.679682705642444873e-01 2.556173538489557306e-01
-1.675245848148897987e-01 2.559583957985803182e-01
-1.670809825363686330e-01 2.562998489444380801e-01
-1.666374592532406107e-01 2.566417171345493631e-01
-1.661940104918289973e-01 2.569840042340701403e-01
-1.657506317800024331e-01 2.573267141254823032e-01
-1.653073186469577183e-01 2.576698507087866741e-01
-1.648640666230031249e-01 2.580134179016977392e-01
-1.644208712412366935e-01 2.583574196428177761e-01
-1.639777280416720162e-01 2.587018598987459450e-01
-1.635346325554899449e-01 2.590467426398759265e-01
-1.630915803130947028e-01 2.593920718534582504e-01
-1.626485668451913280e-01 2.597378515458375614e-01
-1.622055876825535536e-01 2.600840857426408026e-01
-1.617626383557930481e-01 2.604307784889690613e-01
-1.613197143951287937e-01 2.607779338495919697e-01
-1.608768113301583813e-01 2.611255559091451017e-01
-1.604339246896293314e-01 2.614736487723306468e-01
-1.599910500012115266e-01 2.618222165641212462e-01
-1.595481827912702544e-01 2.621712634299670497e-01
-1.591053185846401097e-01 2.625207935360053257e-01
-1.586624529043993703e-01 2.628708110692739019e-01
-1.582195812716451488e-01 2.632213202379276029e-01
-1.577766992052684059e-01 2.635723252714577969e-01
-1.573338022217308507e-01 2.639238304209152175e-01
-1.568908858348409818e-01 2.642758399591358387e-01
-1.564479455555303489e-01 2.646283581809707464e-01
-1.560049768916319801e-01 2.649813894035183970e-01
-1.555619753526742699e-01 2.653349379749186943e-01
-1.551189364530220494e-01 2.656890082805320463e-01
-1.546758556867122159e-01 2.660436047005849680e-01
-1.542327285430979966e-01 2.663987316372278258e-01
-1.537895505077935820e-01 2.667543935167805413e-01
-1.533463170624191629e-01 2.671105947899437560e-01
-1.529030236843473278e-01 2.674673399320139922e-01
-1.524596658464499876e-01 2.678246334431037545e-01
-1.520162390168477429e-01 2.681824798483656846e-01
-1.515727386586587788e-01 2.685408836982211556e-01
-1.511291602297489267e-01 2.688998495685935297e-01
-1.506854991824833623e-01 2.692593820611455802e-01
-1.502417509634781934e-01 2.696194858035218522e-01
-1.497979110133530189e-01 2.699801654495952441e-01
-1.493539747664842376e-01 2.703414256797181947e-01
-1.489099376507587447e-01 2.707032712009785902e-01
-1.484657950873281285e-01 2.710657067474601667e-01
-1.480215424903633947e-01 2.714287370805076316e-01
-1.475771752668099956e-01 2.717923669889962812e-01
-1.471326888161426094e-01 2.721566012896067810e-01
-1.466880785384769015e-01 2.725214448426268032e-01
-1.462433398315660937e-01 2.728869025474282006e-01
-1.457984680663643173e-01 2.732529792976498562e-01
-1.453534586054512079e-01 2.736196800158723907e-01
-1.449083068032784305e-01 2.739870096548462919e-01
-1.444630080058851018e-01 2.743549731977394934e-01
-1.440175575506147665e-01 2.747235756583927269e-01
-1.435719507658332061e-01 2.750928220815788139e-01
-1.431261829706474142e-01 2.754627175432700636e-01
-1.426802494746257921e-01 2.758332671509104439e-01
-1.422341455775189278e-01 2.762044760436948576e-01
-1.417878665689810691e-01 2.765763493928540817e-01
-1.413414077282932058e-01 2.769488924019463671e-01
-1.408947643240857917e-01 2.773221103071547011e-01
-1.404479316140620770e-01 2.776960083775915633e-01
-1.400009048447228566e-01 2.780705919156086225e-01
-1.395536792510904678e-01 2.784458662571138721e-01
-1.391062500564335114e-01 2.788218367718944823e-01
-1.386586124719919877e-01 2.791985088639468704e-01
-1.382107616967018782e-01 2.795758879718120982e-01
-1.377626929310201420e-01 2.799539795975715117e-01
-1.373144013625358928e-01 2.803327892790445919e-01
-1.368658821451808894e-01 2.807123225480786521e-01
-1.364171304201665935e-01 2.810925849736534698e-01
-1.359681413157443619e-01 2.814735821623511880e-01
-1.355189099468765979e-01 2.818553197586550763e-01
-1.350694314149096242e-01 2.822378034452564521e-01
-1.346197008072488599e-01 2.826210389433697623e-01
-1.341697131970338852e-01 2.830050320130567121e-01
-1.337194636428151728e-01 2.833897884535584444e-01
-1.332689471882315679e-01 2.837753141036366000e-01
-1.328181588616886288e-01 2.841616148419223165e-01
-1.323670936760374395e-01 2.845486965872748852e-01
-1.319157466282544766e-01 2.849365652991479592e-01
-1.314641126991208109e-01 2.853252269779654737e-01
-1.310121868529031675e-01 2.857146876655051182e-01
-1.305599640370338765e-01 2.861049534452917986e-01
-1.301074391817909903e-01 2.864960304429986504e-01
-1.296546071999792327e-01 2.868879248268580984e-01
-1.292014629866827802e-01 2.872806428082425034e-01
-1.287480014447242860e-01 2.876741906996984621e-01
-1.282942174464217766e-01 2.880685748316512140e-01
-1.278401058220882125e-01 2.884638015269814226e-01
-1.273856613840876340e-01 2.888598771554756195e-01
-1.269308789264328718e-01 2.892568081341636566e-01
-1.264757532243855898e-01 2.896546009276686484e-01
-1.260202790340574364e-01 2.900532620485685165e-01
-1.255644510920142509e-01 2.904527980577696900e-01
-1.251082641148804631e-01 2.908532155648925199e-01
-1.246517127989457407e-01 2.912545212286690721e-01
-1.241947918197727069e-01 2.916567217573530213e-01
-1.237374958318056134e-01 2.920598239091412585e-01
-1.232798194679795845e-01 2.924638344926084876e-01
-1.228217573393314971e-01 2.928687603671532025e-01
-1.223633040346104317e-01 2.932746084434565415e-01
-1.219044541198887194e-01 2.936813856839532444e-01
-1.214452021381739327e-01 2.940890991033148771e-01
-1.209855426090198638e-01 2.944977557689458791e-01
-1.205254700281377517e-01 2.949073628014912130e-01
-1.200649788673132518e-01 2.953179273761094015e-01
-1.196040635848749090e-01 2.957294567498724436e-01
-1.191427186056454451e-01 2.961419582141771589e-01
-1.186809383225172210e-01 2.965554390996708589e-01
-1.182187171030213563e-01 2.969699067938799120e-01
-1.177560492889032778e-01 2.973853687417400971e-01
-1.172929291956987946e-01 2.978018324461401689e-01
-1.168293511123089379e-01 2.982193054684797451e-01
-1.163653093005745376e-01 2.986377954292415149e-01
-1.159007979948505213e-01 2.990573100085762714e-01
-1.154358114015788112e-01 2.994778569469035423e-01
-1.149703436988599031e-01 2.998994440455249877e-01
-1.145043890360239458e-01 3.003220791672530088e-01
-1.140379415331994467e-01 3.007457702370519570e-01
-1.135709952808805767e-01 3.011705252426954416e-01
-1.131035443404668078e-01 3.015963522380331607e-01
-1.126355827516765939e-01 3.020232593647988462e-01
-1.121671045128720401e-01 3.024512548021039415e-01
-1.116981035881808304e-01 3.028803467868836918e-01
-1.112285739104753451e-01 3.033105436237415464e-01
-1.107585093808702015e-01 3.037418536855787110e-01
-1.102879038682199886e-01 3.041742854142416297e-01
-1.098167512086158093e-01 3.046078473211875082e-01
-1.093450452048813637e-01 3.050425479881685997e-01
-1.088727796260684638e-01 3.054783960679343657e-01
-1.083999482069506332e-01 3.059154002849520104e-01
-1.079265446475152629e-01 3.063535694361453898e-01
-1.074525626124548522e-01 3.067929123916525169e-01
-1.069779957306550705e-01 3.072334380956009414e-01
-1.065028375946812378e-01 3.076751555669024474e-01
-1.060270817628662932e-01 3.081180739076325725e-01
-1.055507217650966667e-01 3.085622023225186306e-01
-1.050737510791998619e-01 3.090075500526696106e-01
-1.045961631432052036e-01 3.094541264130378222e-01
-1.041179513568987192e-01 3.099019407993787723e-01
-1.036391090812228688e-01 3.103510026890095586e-01
-1.031596296376765254e-01 3.108013216415905777e-01
-1.026795063077132891e-01 3.112529072999308810e-01
-1.021987323321389141e-01 3.117057693908180660e-01
-1.017173009105077353e-01 3.121599177258712055e-01
-1.012352052005166814e-01 3.126153622024182011e-01
-1.007524383173972471e-01 3.130721128043971735e-01
-1.002689933333055922e-01 3.135301796032813892e-01
-9.978486327670919864e-02 3.139895727590286678e-01
-9.930004113177039182e-02 3.144503025210546032e-01
-9.881451984365245689e-02 3.149123792481128836e-01
-9.832829231905480805e-02 3.153758134136408486e-01
-9.784135140041100298e-02 3.158406155262877824e-01
-9.735368988328765849e-02 3.163067961877034651e-01
-9.686530051669593744e-02 3.167743660967153319e-01
-9.637617600236049464e-02 3.172433360502368016e-01
-9.588630899398874197e-02 3.177137169442080800e-01
-9.539569209653821213e-02 3.181855197745677155e-01
-9.490431786548263193e-02 3.186587556382565745e-01
-9.441217880607664925e-02 3.191334357342535677e-01
-9.391926737261752089e-02 3.196095713646425751e-01
-9.342557596770414974e-02 3.200871739357122880e-01
-9.293109694149341571e-02 3.205662549590868604e-01
-9.243582259095234344e-02 3.210468260528893114e-01
-9.193974515910612044e-02 3.215288989429369026e-01
-9.144285684597321107e-02 3.220124855051370028e-01
-9.094514979669192367e-02 3.224975977287816709e-01
-9.044661608041658363e-02 3.229842476453249067e-01
-8.994724771037709843e-02 3.234724474021675733e-01
-8.944703664316003278e-02 3.239622092643458795e-01
-8.894597477780784300e-02 3.244535456156230069e-01
-8.844405395491682087e-02 3.249464689596237021e-01
-8.794126595573345528e-02 3.254409919210108915e-01
-8.743760250125004463e-02 3.259371272467064262e-01
-8.693305525129668698e-02 3.264348878071534066e-01
-8.642761580363091112e-02 3.269342865976227475e-01
-8.592127569302378254e-02 3.274353367395621550e-01
-8.541402639034155475e-02 3.279380514819883463e-01
-8.490585930162235229e-02 3.284424442029227897e-01
-8.439676576724616797e-02 3.289485284112516061e-01
-8.388673707982410854e-02 3.294563178221906474e-01
-8.337576445263696068e-02 3.299658262405242293e-01
-8.286383901433104493e-02 3.304770675431309979e-01
-8.235095182548063386e-02 3.309900557485871975e-01
-8.183709387747790942e-02 3.315048050184644657e-01
-8.132225609142264278e-02 3.320213296586838614e-01
-8.080642931700998677e-02 3.325396441209281240e-01
-8.028960433141560382e-02 3.330597630041109980e-01
-7.977177183817879547e-02 3.335817010559037898e-01
-7.925292246608078850e-02 3.341054731743198225e-01
-7.873304676801851087e-02 3.346310944093563444e-01
-7.821213521987381567e-02 3.351585799646941699e-01
-7.769017821937546087e-02 3.356879451994550512e-01
-7.716716608495438612e-02 3.362192056300163934e-01
-7.664308905618527623e-02 3.367523769388853783e-01
-7.611793732025484704e-02 3.372874750993561377e-01
-7.559170095240048959e-02 3.378245161221004600e-01
-7.506436993050553952e-02 3.383635161228888411e-01
-7.453593414931755645e-02 3.389044913921502311e-01
-7.400638341903872930e-02 3.394474583965180758e-01
-7.347570746391661467e-02 3.399924337804557939e-01
-7.294389592083239116e-02 3.405394343679618574e-01
-7.241093833788651846e-02 3.410884771643552527e-01
-7.187682417298152382e-02 3.416395793581405993e-01
-7.134154279239891816e-02 3.421927583229529279e-01
-7.080508346937042230e-02 3.427480316195835042e-01
-7.026743538264296207e-02 3.433054169980847559e-01
-6.972858761503465674e-02 3.438649323999561358e-01
-6.918852915198191178e-02 3.444265959604103089e-01
-6.864724888178998230e-02 3.449904260193291106e-01
-6.810473560263649584e-02 3.455564411671211422e-01
-6.756097799719758268e-02 3.461246601273784140e-01
-6.701596464235541617e-02 3.466951018141176677e-01
-6.646968401092680223e-02 3.472677853507454282e-01
-6.592212447005284248e-02 3.478427300725444038e-01
-6.537327427957732862e-02 3.484199555292497585e-01
-6.482312159041100919e-02 3.489994814877143137e-01
-6.427165444288189533e-02 3.495813279346647318e-01
-6.371886076507030094e-02 3.501655150795470184e-01
-6.316472837112656336e-02 3.507520633574619517e-01
-6.260924496034397935e-02 3.513409934365298581e-01
-6.205239812255680665e-02 3.519323262616010362e-01
-6.149417531845600277e-02 3.525260829570141530e-01
-6.093456388528672302e-02 3.531222848700920069e-01
-6.037355103860106431e-02 3.537209535944048633e-01
-5.981112387031743000e-02 3.543221109727188733e-01
-5.924726934676509404e-02 3.549257791000610118e-01
-5.868197430671292375e-02 3.555319803268999213e-01
-5.811522545937935352e-02 3.561407372624424417e-01
-5.754700938242273550e-02 3.567520727780466583e-01
-5.697731251991135920e-02 3.573660100107513005e-01
-5.640612118070893050e-02 3.579825723697070972e-01
-5.583342154529586515e-02 3.586017835972616918e-01
-5.525919964421822927e-02 3.592236676500599746e-01
-5.468344136159850738e-02 3.598482487363098836e-01
-5.410613243857986115e-02 3.604755513554038227e-01
-5.352725847097519057e-02 3.611056003014428417e-01
-5.294680490689605834e-02 3.617384206669120306e-01
-5.236475704436079071e-02 3.623740378465070133e-01
-5.178110002888017954e-02 3.630124775411111004e-01
-5.119581885101708724e-02 3.636537657619225428e-01
-5.060889834391912867e-02 3.642979288347335531e-01
-5.002032318098793839e-02 3.649449934055646882e-01
-4.943007788389519597e-02 3.655949865233120155e-01
-4.883814679986297341e-02 3.662479354988247837e-01
-4.824451410113304861e-02 3.669038679207996534e-01
-4.764916379113556116e-02 3.675628117247490834e-01
-4.705207970161146003e-02 3.682247951972080768e-01
-4.645324548971160872e-02 3.688898469801398239e-01
-4.585264463506799615e-02 3.695579960755391857e-01
-4.525026043683547800e-02 3.702292718502360747e-01
-4.464607601070197385e-02 3.709037040408969532e-01
-4.404007428586297068e-02 3.715813227592251189e-01
-4.343223800196652912e-02 3.722621584974285525e-01
-4.282254971747189581e-02 3.729462422336398686e-01
-4.221099178781121536e-02 3.736336052804286045e-01
-4.159754635771948511e-02 3.743242792457193713e-01
-4.098219537148516806e-02 3.750182961537682491e-01
-4.036492056939533501e-02 3.757156884501590133e-01
-3.974570348415028265e-02 3.764164890070675895e-01
-3.912452543724448395e-02 3.771207311287934072e-01
-3.850136753530903483e-02 3.778284485575568730e-01
-3.787621066641275180e-02 3.785396754795648522e-01
-3.724903549631911059e-02 3.792544465313427704e-01
-3.661982246469332181e-02 3.799727968063324468e-01
-3.598855179130036608e-02 3.806947619679805217e-01
-3.535520345935853903e-02 3.814203781299046470e-01
-3.471975719879397820e-02 3.821496817204519392e-01
-3.408219249964286601e-02 3.828827096691970189e-01
-3.344248860773566673e-02 3.836194994138792391e-01
-3.280062452026059894e-02 3.843600889068795046e-01
-3.215657898128096437e-02 3.851045166220526395e-01
-3.151033047720015745e-02 3.858528215619149160e-01
-3.086185723217016105e-02 3.866050432651856883e-01
-3.021113720343984038e-02 3.873612218146841313e-01
-2.955814807663647084e-02 3.881213978455799740e-01
-2.890286727074773201e-02 3.888856126854647877e-01
-2.824527192546344087e-02 3.896539082724119751e-01
-2.758533887254599470e-02 3.904263268343167170e-01
-2.692304465462069113e-02 3.912029112061100600e-01
-2.625836552016683548e-02 3.919837048438926108e-01
-2.559127741792699071e-02 3.927687518326397065e-01
-2.492175599125559179e-02 3.935580968943993008e-01
-2.424977657240114798e-02 3.943517853969796816e-01
-2.357531417671390739e-02 3.951498633631272961e-01
-2.289834349677332542e-02 3.959523774801950724e-01
-2.221883889642954982e-02 3.967593751103012933e-01
-2.153677440713692645e-02 3.975709043450242341e-01
-2.085212372139716441e-02 3.983870140165102214e-01
-2.016486017704357744e-02 3.992077535298260149e-01
-1.947495675886017422e-02 4.000331730137961506e-01
-1.878238609235060100e-02 4.008633233398288809e-01
-1.808712043698152902e-02 4.016982561338503510e-01
-1.738913167930811882e-02 4.025380237887836166e-01
-1.668839132597518121e-02 4.033826794775737801e-01
-1.598487049700422422e-02 4.042322771772953183e-01
-1.527853992093403460e-02 4.050868717497151383e-01
-1.456936991975979305e-02 4.059465187625187488e-01
-1.385733040577990551e-02 4.068112746028951787e-01
-1.314239087506450208e-02 4.076811965253315795e-01
-1.242452039936100920e-02 4.085563426656300678e-01
-1.170368761785493122e-02 4.094367720556281731e-01
-1.097986072877466836e-02 4.103225446386192243e-01
-1.025300748083420900e-02 4.112137212855619950e-01
-9.523095166653844021e-03 4.121103639051145184e-01
-8.790090609536763480e-03 4.130125352987861764e-01
-8.053960154514143432e-03 4.139202991546584443e-01
-7.314669661884743400e-03 4.148337201794602414e-01
-6.572184497466108249e-03 4.157528641151072013e-01
-5.826469522662140049e-03 4.166777977561516577e-01
-5.077489084335763334e-03 4.176085889681412366e-01
-4.325207004472973391e-03 4.185453067068836130e-01
-3.569586570136044738e-03 4.194880210984366364e-01
-2.810590522172197805e-03 4.204368034663481524e-01
-2.048181042211857320e-03 4.213917260721400382e-01
-1.282319744040776336e-03 4.223528623667170412e-01
-5.129676619397849097e-04 4.233202870251551730e-01
2.599147613676161214e-04 4.242940759673713425e-01
1.036367687016548312e-03 4.252743063799864220e-01
1.816431892565890417e-03 4.262610567393787520e-01
2.600148784977170547e-03 4.272544068576882847e-01
3.387560415384843673e-03 4.282544380889056757e-01
4.178709489623241326e-03 4.292612328651220222e-01
4.973639382041634624e-03 4.302748749543797158e-01
5.772394150359234748e-03 4.312954495835777391e-01
6.575018550389875351e-03 4.323230434628085317e-01
7.381558051085952178e-03 4.333577448112885810e-01
8.192058849921905750e-03 4.343996433848830718e-01
9.006567888637401556e-03 4.354488305052200414e-01
9.825132874232660532e-03 4.365053993067390392e-01
1.064780228897200219e-02 4.375694444197001931e-01
1.147462540287113968e-02 4.386410618797831340e-01
1.230565229731249433e-02 4.397203494696368953e-01
1.314093388312638326e-02 4.408074067482791181e-01
1.398052191909066738e-02 4.419023350825777574e-01
1.482446903087901099e-02 4.430052376808396586e-01
1.567282873048472108e-02 4.441162196285042829e-01
1.652565544166477787e-02 4.452353880745953396e-01
1.738300452453052716e-02 4.463628523428533335e-01
1.824493226475034854e-02 4.474987231441067692e-01
1.911149591663051373e-02 4.486431132553021506e-01
1.998275372742810974e-02 4.497961376076321516e-01
2.085876496030734939e-02 4.509579133235790960e-01
2.173958991788188175e-02 4.521285597568606152e-01
2.262528996638301856e-02 4.533081985352701015e-01
2.351592756124107342e-02 4.544969536209026439e-01
2.441156628133082929e-02 4.556949515189572253e-01
2.531227083421015364e-02 4.569023209207188629e-01
2.621810709099806763e-02 4.581191929320984624e-01
2.712914211903364944e-02 4.593457012213074675e-01
2.804544421057425171e-02 4.605819820740083004e-01
2.896708291235423199e-02 4.618281744516932186e-01
2.989412906379123117e-02 4.630844201732638998e-01
3.082665481447292855e-02 4.643508637535927464e-01
3.176473365425378642e-02 4.656276524521020810e-01
3.270844045738329625e-02 4.669149365132029272e-01
3.365785151671141229e-02 4.682128692310499329e-01
3.461304457897171338e-02 4.695216070184168311e-01
3.557409888774372420e-02 4.708413095663069869e-01
3.654109521841549663e-02 4.721721398766223765e-01
3.751411589195294966e-02 4.735142640219185406e-01
3.849324483880419562e-02 4.748678515554030644e-01
3.947856764106064814e-02 4.762330756032854828e-01
4.047017157480629207e-02 4.776101129464480621e-01
4.146814565784604639e-02 4.789991441529325433e-01
4.247258070998678747e-02 4.804003538349628233e-01
4.348356934556466685e-02 4.818139301228920313e-01
4.450120605560567433e-02 4.832400651745598075e-01
4.552558726528468241e-02 4.846789553608924495e-01
4.655681138503166977e-02 4.861308013628165003e-01
4.759497886425438640e-02 4.875958082830180729e-01
4.864019228013655854e-02 4.890741860969736732e-01
4.969255631911592697e-02 4.905661489942887421e-01
5.075217785614255517e-02 4.920719157376419184e-01
5.181916604570910301e-02 4.935917100950388270e-01
5.289363238381451782e-02 4.951257609541699356e-01
5.397569077231607892e-02 4.966743024460070211e-01
5.506545761767116243e-02 4.982375743660790723e-01
5.616305186040605052e-02 4.998158219366136135e-01
5.726859499205677606e-02 5.014092954809121760e-01
5.838221120666294700e-02 5.030182512870052802e-01
5.950402747757680549e-02 5.046429517555427458e-01
6.063417363637559759e-02 5.062836655503271110e-01
6.177278248114917436e-02 5.079406679754198128e-01
6.291998988951247318e-02 5.096142413553432782e-01
6.407593471405888252e-02 5.113046736442115048e-01
6.524075902377717007e-02 5.130122598755885166e-01
6.641460821458179675e-02 5.147373024717114554e-01
6.759763110621899718e-02 5.164801114209554012e-01
6.878998004701239455e-02 5.182410044980747532e-01
6.999181105879639930e-02 5.200203077633825943e-01
7.120328384186880299e-02 5.218183549938318899e-01
7.242456194120074076e-02 5.236354883243623526e-01
7.365581289170841650e-02 5.254720586873581345e-01
7.489720835008446820e-02 5.273284261213877500e-01
7.614892424588795561e-02 5.292049601882234944e-01
7.741114082147675102e-02 5.311020395936290051e-01
7.868404284727451015e-02 5.330200530229250999e-01
7.996781978074402053e-02 5.349593995357692089e-01
8.126266593619717316e-02 5.369204890015883969e-01
8.256878064645828408e-02 5.389037424481945004e-01
8.388636831570155106e-02 5.409095916816183403e-01
8.521563870251736006e-02 5.429384803980625840e-01
8.655680710570505532e-02 5.449908646029425485e-01
8.791009459068487020e-02 5.470672132514101671e-01
8.927572813799729279e-02 5.491680083632844989e-01
9.065394073936507147e-02 5.512937448090793335e-01
9.204497175932468966e-02 5.534449317051192141e-01
9.344906715583438384e-02 5.556220928746600229e-01
9.486647979306077338e-02 5.578257678181580692e-01
9.629746952532819426e-02 5.600565112866647821e-01
9.774230340240588899e-02 5.623148935784380020e-01
9.920125611087300677e-02 5.646015021576353821e-01
1.006746102433576512e-01 5.669169421983001333e-01
1.021626567319642576e-01 5.692618380062599570e-01
1.036656947972634663e-01 5.716368316782887149e-01
1.051840323724714116e-01 5.740425844344013706e-01
1.067179866058773630e-01 5.764797782885271449e-01
1.082678842098891148e-01 5.789491167947832251e-01
1.098340620085854064e-01 5.814513267966321397e-01
1.114168667600937968e-01 5.839871562677744210e-01
1.130166558688637385e-01 5.865573768952342393e-01
1.146337979463267626e-01 5.891627857291195092e-01
1.162686732481421070e-01 5.918042061051473901e-01
1.179216741726803325e-01 5.944824888191573287e-01
1.195932055608117800e-01 5.971985122387143408e-01
1.212836853493936412e-01 5.999531841539489374e-01
1.229935451768562893e-01 6.027474432861046338e-01
1.247232308466021539e-01 6.055822600177681592e-01
1.264732030192693146e-01 6.084586381794818699e-01
1.282439379320402806e-01 6.113776168632847341e-01
1.300359279553347513e-01 6.143402713651175961e-01
1.318496823409231467e-01 6.173477149678641140e-01
1.336857281135458153e-01 6.204011012903160038e-01
1.355446107797195487e-01 6.235016256658556522e-01
1.374268950767033037e-01 6.266505266263475704e-01
1.393331661391395138e-01 6.298490891910983880e-01
1.412640304378672274e-01 6.330986469592279064e-01
1.432201161749836471e-01 6.364005816723713460e-01
1.452020751069610371e-01 6.397563290846105533e-01
1.472105840786246678e-01 6.431673832669219104e-01
1.492463443522527022e-01 6.466352911360973010e-01
1.513100843517045657e-01 6.501616619206721515e-01
1.534025610444033350e-01 6.537481703485604756e-01
1.555245614988349234e-01 6.573965604122468109e-01
1.576769040206820738e-01 6.611086471756303373e-01
1.598604393457058459e-01 6.648863187203469804e-01
1.620760528863963712e-01 6.687315423371176237e-01
1.643246666765270092e-01 6.726463691765048880e-01
1.666072409931961540e-01 6.766329373598085617e-01
1.689247770866283416e-01 6.806934793966719077e-01
1.712783184736457465e-01 6.848303235030404057e-01
1.736689545275618141e-01 6.890459039567286004e-01
1.760978218038247445e-01 6.933427620501074751e-01
1.785661079477264546e-01 6.977235570742075232e-01
1.810750533403284734e-01 7.021910680203244937e-01
1.836259550482131075e-01 7.067482040563926038e-01
1.862201740331247690e-01 7.113980269727716577e-01
1.888591314314596870e-01 7.161437311681183582e-01
1.915443152751449274e-01 7.209886637999648462e-01
1.942772874049689680e-01 7.259363447536153480e-01
1.970596854089394778e-01 7.309904672668078307e-01
1.998932294109384833e-01 7.361549163670961793e-01
2.027797258350527154e-01 7.414337754356028487e-01
2.057210738235448200e-01 7.468313420987364726e-01
2.087192727040910467e-01 7.523521472011094335e-01
2.117764226251375448e-01 7.580009484964933542e-01
2.148947424006233398e-01 7.637827857390825370e-01
2.180765604956093895e-01 7.697029386473750456e-01
