-7.997159663853545819e-01 2.131602937553012111e-02
-7.938583932551624978e-01 2.256541814560880307e-02
-7.881201732073750410e-01 2.379780962107770972e-02
-7.824972680830684091e-01 2.501371435069231833e-02
-7.769857897526891710e-01 2.621361922432090263e-02
-7.715820369787579347e-01 2.739799011542277604e-02
-7.662824858984838006e-01 2.856727318587667930e-02
-7.610837585851075726e-01 2.972189523335128786e-02
-7.559826321897932244e-01 3.086226536091793080e-02
-7.509760291050089354e-01 3.198877593523277024e-02
-7.460610009489504479e-01 3.310180316582362475e-02
-7.412347317230559840e-01 3.420170839858938105e-02
-7.364945199032886247e-01 3.528883843338525422e-02
-7.318377839596820200e-01 3.636352681510060525e-02
-7.272620495163317766e-01 3.742609423856784606e-02
-7.227649372919916493e-01 3.847684885834112140e-02
-7.183441573869860930e-01 3.951608681916124466e-02
-7.139975282870468787e-01 4.054409412907036825e-02
-7.097229479000866093e-01 4.156114592593312257e-02
-7.055183963971276562e-01 4.256750735442291211e-02
-7.013819339152533860e-01 4.356343415411809833e-02
-6.973116925299277513e-01 4.454917285701746887e-02
-6.933058771508566753e-01 4.552496148546930632e-02
-6.893627590427813256e-01 4.649102976228222661e-02
-6.854806731502330885e-01 4.744759951509058826e-02
-6.816580170323043308e-01 4.839488516651776345e-02
-6.778932449554456730e-01 4.933309386064388402e-02
-6.741848680736316490e-01 5.026242598031749331e-02
-6.705314502406400923e-01 5.118307533302089707e-02
-6.669316046875310988e-01 5.209522935966637291e-02
-6.633839925998792353e-01 5.299906945973131833e-02
-6.598873226661390312e-01 5.389477138056176370e-02
-6.564403481387548478e-01 5.478250539433569127e-02
-6.530418661317719531e-01 5.566243663431308386e-02
-6.496907125582588316e-01 5.653472504422996092e-02
-6.463857595804813894e-01 5.739952549675388094e-02
-6.431259188298142915e-01 5.825698840735811512e-02
-6.399101381088637686e-01 5.910725978067445097e-02
-6.367373975158941990e-01 5.995048116723639131e-02
-6.336067100611580960e-01 6.078679000973006424e-02
-6.305171206108508564e-01 6.161631983247816552e-02
-6.274677040846657894e-01 6.243920034540478142e-02
-6.244575636366258564e-01 6.325555752705926127e-02
-6.214858304815509271e-01 6.406551385784099717e-02
-6.185516626062363965e-01 6.486918843446623506e-02
-6.156542432952490929e-01 6.566669705090635856e-02
-6.127927802709428606e-01 6.645815233018180501e-02
-6.099665051041083252e-01 6.724366387682639834e-02
-6.071746721701211102e-01 6.802333837216978374e-02
-6.044165574018205422e-01 6.879727963533599500e-02
-6.016914578990391060e-01 6.956558876994616003e-02
-5.989986911533495828e-01 7.032836426151081732e-02
-5.963375940087325411e-01 7.108570203507123819e-02
-5.937075217855759535e-01 7.183769552148380755e-02
-5.911078483265145289e-01 7.258443582753341949e-02
-5.885379651415963975e-01 7.332601179438889838e-02
-5.859972808825266721e-01 7.406251008850885109e-02
-5.834852206545346753e-01 7.479401526613124740e-02
-5.810012236553699916e-01 7.552060961296251651e-02
-5.785447448041002305e-01 7.624237348423316962e-02
-5.761152540445798609e-01 7.695938535176809203e-02
-5.737122356281050273e-01 7.767172184078585673e-02
-5.713351877216374941e-01 7.837945780367287785e-02
-5.689836210488679047e-01 7.908266625516395532e-02
-5.666570584462977678e-01 7.978141842170972942e-02
-5.643550357683725371e-01 8.047578397846361087e-02
-5.620771008914537958e-01 8.116583102159381780e-02
-5.598228133831961717e-01 8.185162612715891906e-02
-5.575917440004160008e-01 8.253323438107380838e-02
-5.553834733454150463e-01 8.321071927760395615e-02
-5.531975929050518825e-01 8.388414296464201392e-02
-5.510337044490429825e-01 8.455356624854359904e-02
-5.488914196364834686e-01 8.521904862481846643e-02
-5.467703597526287762e-01 8.588064832506042690e-02
-5.446701548147274696e-01 8.653842226082515687e-02
-5.425904435687430860e-01 8.719242610099416091e-02
-5.405308737014207221e-01 8.784271438414660571e-02
-5.384911013224076282e-01 8.848934051334358952e-02
-5.364707907427680444e-01 8.913235679456549265e-02
-5.344696141149299917e-01 8.977181444951361222e-02
-5.324872507425221224e-01 9.040776356848552464e-02
-5.305233876081911770e-01 9.104025326477299673e-02
-5.285777189499434314e-01 9.166933166986020176e-02
-5.266499460362900065e-01 9.229504595888300689e-02
-5.247397769799289069e-01 9.291744238050074489e-02
-5.228469261655525058e-01 9.353656621574439611e-02
-5.209711143494536456e-01 9.415246185205511376e-02
-5.191120686328267730e-01 9.476517283539716285e-02
-5.172695221772967145e-01 9.537474187459747677e-02
-5.154432140533514728e-01 9.598121086735734997e-02
-5.136328889241590367e-01 9.658462089368959058e-02
-5.118382966474407381e-01 9.718501219036608518e-02
-5.100591927480084831e-01 9.778242428794037266e-02
-5.082953380438669511e-01 9.837689598918844536e-02
-5.065464985095796679e-01 9.896846538983275487e-02
-5.048124451636347709e-01 9.955716990253830889e-02
-5.030929539642626791e-01 1.001430462813899802e-01
-5.013878054136877704e-01 1.007261305866884588e-01
-4.996967837447615080e-01 1.013064580607509341e-01
-4.980196781921371607e-01 1.018840634212084262e-01
-4.963562823963984516e-01 1.024589807829892341e-01
-4.947063942472101905e-01 1.030312436651887320e-01
-4.930698157902065337e-01 1.036008850096342554e-01
-4.914463531400262708e-01 1.041679371997565468e-01
-4.898358162527279847e-01 1.047324320484704502e-01
-4.882380183182818412e-01 1.052944007016302225e-01
-4.866527765548536721e-01 1.058538738396785500e-01
-4.850799118557471701e-01 1.064108816364629506e-01
-4.835192486542312373e-01 1.069654537623655199e-01
-4.819706148483602903e-01 1.075176193993473833e-01
-4.804338417304671593e-01 1.080674072562384930e-01
-4.789087638351920972e-01 1.086148455648019845e-01
-4.773952184182410630e-01 1.091599619896983786e-01
-4.758930460631116688e-01 1.097027837926766586e-01
-4.744020904464955612e-01 1.102433378080629467e-01
-4.729221982114496514e-01 1.107816504409048081e-01
-4.714532189052323408e-01 1.113177476789965342e-01
-4.699950049206474967e-01 1.118516551050733887e-01
-4.685474113977552979e-01 1.123833978988734994e-01
-4.671102958312233766e-01 1.129130007669705005e-01
-4.656835184628782542e-01 1.134404880594994530e-01
-4.642669421494213244e-01 1.139658837624853843e-01
-4.628604322510600499e-01 1.144892114938882849e-01
-4.614638565801041370e-01 1.150104945133679363e-01
-4.600770853522472836e-01 1.155297557321719459e-01
-4.586999911194240553e-01 1.160470177178414691e-01
-4.573324484717909977e-01 1.165623026393400041e-01
-4.559743342907337516e-01 1.170756323503224505e-01
-4.546255276826030034e-01 1.175870283927094723e-01
-4.532859098802468623e-01 1.180965119911497468e-01
-4.519553642003411031e-01 1.186041040610354008e-01
-4.506337760028017447e-01 1.191098252166096078e-01
-4.493210326426045897e-01 1.196136957766173597e-01
-4.480170232432509891e-01 1.201157357216161015e-01
-4.467216388545930950e-01 1.206159647525117812e-01
-4.454347724306278455e-01 1.211144023019601196e-01
-4.441563187418709480e-01 1.216110675276299014e-01
-4.428861743396926842e-01 1.221059793188157550e-01
-4.416242375222804162e-01 1.225991563031190723e-01
-4.403704082964621236e-01 1.230906168516061605e-01
-4.391245881481371516e-01 1.235803790296895466e-01
-4.378866802187679208e-01 1.240684606604534890e-01
-4.366565893205504034e-01 1.245548793440028196e-01
-4.354342218335221504e-01 1.250396524431082734e-01
-4.342194856776857570e-01 1.255227970893771361e-01
-4.330122902865779499e-01 1.260043301895459045e-01
-4.318125465822807985e-01 1.264842684319124888e-01
-4.306201669518711639e-01 1.269626282929261218e-01
-4.294350652253061673e-01 1.274394260439527526e-01
-4.282571564315311163e-01 1.279146776915648098e-01
-4.270863566105579934e-01 1.283883989318572172e-01
-4.259225834386492493e-01 1.288606053486008596e-01
-4.247657558984198056e-01 1.293313123278546639e-01
-4.236157942450927139e-01 1.298005350595223262e-01
-4.224726199845772467e-01 1.302682885421824199e-01
-4.213361558525969275e-01 1.307345875880084884e-01
-4.202063257948658870e-01 1.311994468277925263e-01
-4.190830549483097744e-01 1.316628807160858117e-01
-4.179662695879143297e-01 1.321249035252716197e-01
-4.168558968067454518e-01 1.325855292541708308e-01
-4.157518649390169463e-01 1.330447717707044231e-01
-4.146541034624541822e-01 1.335026447918710724e-01
-4.135625429171887468e-01 1.339591618679566443e-01
-4.124771148878829674e-01 1.344143363864167551e-01
-4.113977519866497401e-01 1.348681815758270008e-01
-4.103243878367630604e-01 1.353207105099100971e-01
-4.092569570571578663e-01 1.357719361116513090e-01
-4.081953952476882197e-01 1.362218711574990637e-01
-4.071396387934358985e-01 1.366705282206688299e-01
-4.060896249359869925e-01 1.371179197022928120e-01
-4.050452919527378071e-01 1.375640579001135566e-01
-4.040065790134602652e-01 1.380089549690667328e-01
-4.029734261654541183e-01 1.384526229243621120e-01
-4.019457743192931809e-01 1.388950736446100676e-01
-4.009235652351673673e-01 1.393363188749992265e-01
-3.999067415098142009e-01 1.397763702305350464e-01
-3.988952465640416833e-01 1.402152391993445046e-01
-3.978890245861010921e-01 1.406529371302406295e-01
-3.968880203901267723e-01 1.410894751894326837e-01
-3.958921796649647051e-01 1.415248644551134749e-01
-3.949014488690700819e-01 1.419591158878053816e-01
-3.939157752032811932e-01 1.423922403276136617e-01
-3.929351065989333258e-01 1.428242484967447989e-01
-3.919593917064279620e-01 1.432551510020600993e-01
-3.909885798842515636e-01 1.436849583376727524e-01
-3.900226211884460503e-01 1.441136808875922160e-01
-3.890614663586396405e-01 1.445413289269776025e-01
-3.881050666895570211e-01 1.449679125804591018e-01
-3.871533741483913493e-01 1.453934418712499177e-01
-3.862063413869299966e-01 1.458179267319525962e-01
-3.852639216890116347e-01 1.462413769909770844e-01
-3.843260689605944580e-01 1.466638023745979735e-01
-3.833927377201772346e-01 1.470852125090371387e-01
-3.824638830895682462e-01 1.475056169225774927e-01
-3.815394607850040587e-01 1.479250250477116557e-01
-3.806194271086142389e-01 1.483434462233297613e-01
-3.797037388954881965e-01 1.487608896794206381e-01
-3.787923534767386746e-01 1.491773645274367122e-01
-3.778852287941870114e-01 1.495928798102391655e-01
-3.769823233325475531e-01 1.500074444808391638e-01
-3.760835961092762747e-01 1.504210674033850392e-01
-3.751890066664979595e-01 1.508337573548702015e-01
-3.742985150632041069e-01 1.512455230268629214e-01
-3.734120818677233444e-01 1.516563730272616206e-01
-3.725296681504619567e-01 1.520663158820782512e-01
-3.716512354640672533e-01 1.524753600319842528e-01
-3.707767457401757172e-01 1.528835137942246292e-01
-3.699061614413289290e-01 1.532907854290037342e-01
-3.690394455183847455e-01 1.536971831267604782e-01
-3.681765613828552608e-01 1.541027150011733682e-01
-3.673174729005153627e-01 1.545073890907790737e-01
-3.664621443852513760e-01 1.549112133606235508e-01
-3.656105405931489027e-01 1.553141957039480270e-01
-3.647626267168203040e-01 1.557163439439133434e-01
-3.639183683799679381e-01 1.561176658353659041e-01
-3.630777316321865400e-01 1.565181690666467007e-01
-3.622406829439999698e-01 1.569178612614488266e-01
-3.614071892021332721e-01 1.573167499807240355e-01
-3.605772175572307114e-01 1.577148426600011311e-01
-3.597507354456738193e-01 1.581121466213046278e-01
-3.589277108458661103e-01 1.585086691888982491e-01
-3.581081121164629844e-01 1.589044176227819571e-01
-3.572919079902326378e-01 1.592993991195359449e-01
-3.564790675689950006e-01 1.596936208135810720e-01
-3.556695603187359223e-01 1.600870897784616997e-01
-3.548633560648944418e-01 1.604798130281540336e-01
-3.540604249878218091e-01 1.608717975184016380e-01
-3.532607376184134229e-01 1.612630501480807610e-01
-3.524642648339115225e-01 1.616535777605971336e-01
-3.516709778538782971e-01 1.620433871453166308e-01
-3.508808482175370114e-01 1.624324850303284495e-01
-3.500938476364544027e-01 1.628208780169477232e-01
-3.493099482257278066e-01 1.632085726891738253e-01
-3.485291224474124649e-01 1.635955755910688536e-01
-3.477513430747346534e-01 1.639818932132182105e-01
-3.469765831879871310e-01 1.643675319937441537e-01
-3.462048161705558735e-01 1.647524983193372761e-01
-3.454360157050752056e-01 1.651367985263066662e-01
-3.446701557697158247e-01 1.655204389016500799e-01
-3.439072106345988367e-01 1.659034256841470378e-01
-3.431471548583406306e-01 1.662857650654752384e-01
-3.423899632847252628e-01 1.666674631913523108e-01
-3.416356110395041279e-01 1.670485261627045470e-01
-3.408840734546713658e-01 1.674289600011805157e-01
-3.401353260771755593e-01 1.678087706553315073e-01
-3.393893447960149024e-01 1.681879640655774277e-01
-3.386461057610994918e-01 1.685665461272088661e-01
-3.379055853793780373e-01 1.689445226909539188e-01
-3.371677603115451616e-01 1.693218995637950364e-01
-3.364326074688462898e-01 1.696986825097976381e-01
-3.357001040099797939e-01 1.700748772509533824e-01
-3.349702273380956163e-01 1.704504894680385074e-01
-3.342429550978897601e-01 1.708255248014885486e-01
-3.335182651727943148e-01 1.711999888522913460e-01
-3.327961356822640160e-01 1.715738871828978440e-01
-3.320765449691766569e-01 1.719472253129865347e-01
-3.313594715198063811e-01 1.723200086800001085e-01
-3.306448940875398868e-01 1.726922427050212316e-01
-3.299327916623293611e-01 1.730639327794059878e-01
-3.292231434507192356e-01 1.734350842565831052e-01
-3.285159288731136495e-01 1.738057024527118188e-01
-3.278111275611182984e-01 1.741757926473486984e-01
-3.271087193549552241e-01 1.745453600841250508e-01
-3.264086843009522676e-01 1.749144099714338152e-01
-3.257110026491042976e-01 1.752829474831299195e-01
-3.250156548507076582e-01 1.756509777592420996e-01
-3.243226215560672254e-01 1.760185059066988467e-01
-3.236318836122752951e-01 1.763855370000688705e-01
-3.229434220250462784e-01 1.767520760626043463e-01
-3.222572179618376498e-01 1.771181280694567317e-01
-3.215732528152194236e-01 1.774836979841905582e-01
-3.208915081616610099e-01 1.778487907382190480e-01
-3.202119657589987400e-01 1.782134112312031282e-01
-3.195346075442214717e-01 1.785775643315990480e-01
-3.188594156313117600e-01 1.789412548772132683e-01
-3.181863723091447604e-01 1.793044876757655670e-01
-3.175154600394428095e-01 1.796672675054605262e-01
-3.168466614547867377e-01 1.800295991155687891e-01
-3.161799593566815281e-01 1.803914872270183101e-01
-3.155153367136802611e-01 1.807529365329961502e-01
-3.148527766542882356e-01 1.811139516965293295e-01
-3.141922624235697903e-01 1.814745373270053030e-01
-3.135337774489239671e-01 1.818346980193964457e-01
-3.128773053235475721e-01 1.821944383464888795e-01
-3.122228297952344134e-01 1.825537628540043755e-01
-3.115703347645165100e-01 1.829126760610516600e-01
-3.109198042828493769e-01 1.832711824605847417e-01
-3.102712225508405530e-01 1.836292865198661528e-01
-3.096245739165228161e-01 1.839869926809364342e-01
-3.089798428736701963e-01 1.843443053610909765e-01
-3.083370140601576770e-01 1.847012289533637719e-01
-3.076960722563637507e-01 1.850577678270196313e-01
-3.070570023836161622e-01 1.854139263280542849e-01
-3.064197894726402027e-01 1.857697087614923193e-01
-3.057844186697137312e-01 1.861251193961824812e-01
-3.051508752904354971e-01 1.864801624987845741e-01
-3.045191447835234322e-01 1.868348423133421865e-01
-3.038892127290903633e-01 1.871891630615738766e-01
-3.032610648371999451e-01 1.875431289433162896e-01
-3.026346869464610623e-01 1.878967441369760738e-01
-3.020100650226593131e-01 1.882500127999900130e-01
-3.013871851574283500e-01 1.886029390692936236e-01
-3.007660335669568585e-01 1.889555270617999105e-01
-3.001465965907338385e-01 1.893077808748872548e-01
-2.995288606903313555e-01 1.896597045868981812e-01
-2.989128124482237081e-01 1.900113022576486732e-01
-2.982984385666439531e-01 1.903625779289485342e-01
-2.976857258664770134e-01 1.907135356251341007e-01
-2.970746612861884239e-01 1.910641793536123345e-01
-2.964652318770253925e-01 1.914145131029873215e-01
-2.958574246941107488e-01 1.917645407736413288e-01
-2.952512269368267050e-01 1.921142662688863079e-01
-2.946466259573949364e-01 1.924636935021381556e-01
-2.940436092154364300e-01 1.928128263688084487e-01
-2.934421642767907623e-01 1.931616687466478632e-01
-2.928422788123639653e-01 1.935102244960951456e-01
-2.922439405970024273e-01 1.938584974606321898e-01
-2.916471375083964368e-01 1.942064914671439990e-01
-2.910518575260083174e-01 1.945542103262856704e-01
-2.904580887300294845e-01 1.949016578328559290e-01
-2.898658193003635364e-01 1.952488377661773522e-01
-2.892750375156364351e-01 1.955957538904841420e-01
-2.886857317522330546e-01 1.959424099553171983e-01
-2.880978904833604304e-01 1.962888096959274908e-01
-2.875115022781369323e-01 1.966349568336874243e-01
-2.869265558007079719e-01 1.969808550765111133e-01
-2.863430397954296880e-01 1.973265081096646500e-01
-2.857609430275225293e-01 1.976719195555466657e-01
-2.851802544032481235e-01 1.980170930571915622e-01
-2.846009629280766284e-01 1.983620322507476663e-01
-2.840230576950207864e-01 1.987067407584084677e-01
-2.834465278837003388e-01 1.990512221887000832e-01
-2.828713627594257596e-01 1.993954801367735508e-01
-2.822975516723045253e-01 1.997395181847006485e-01
-2.817250840563655934e-01 2.000833399017751257e-01
-2.811539494287054741e-01 2.004269488448188474e-01
-2.805841373886533430e-01 2.007703485584928504e-01
-2.800156376169567474e-01 2.011135425756140904e-01
-2.794484398749874088e-01 2.014565344174780726e-01
-2.788825340039652878e-01 2.017993275941869502e-01
-2.783179099242042431e-01 2.021419256049844237e-01
-2.777545576343753431e-01 2.024843319385968565e-01
-2.771924672107908272e-01 2.028265500735807747e-01
-2.766316287796539708e-01 2.031685834588105033e-01
-2.760720325086573612e-01 2.035104355077765326e-01
-2.755136686805634838e-01 2.038521096534084420e-01
-2.749565276516981460e-01 2.041936093186400292e-01
-2.744005998500859689e-01 2.045349379158468983e-01
-2.738458757746918826e-01 2.048760988470865463e-01
-2.732923459946789979e-01 2.052170955043402245e-01
-2.727400011486803555e-01 2.055579312697596861e-01
-2.721888319440865511e-01 2.058986095159162921e-01
-2.716388291563476831e-01 2.062391336060545033e-01
-2.710899836282901210e-01 2.065795068943488133e-01
-2.705422862694485397e-01 2.069197327261648733e-01
-2.699957280554118322e-01 2.072598144383252239e-01
-2.694503000271840643e-01 2.075997553593787737e-01
-2.689059932905593642e-01 2.079395588098754966e-01
-2.683627990155120213e-01 2.082792281026457359e-01
-2.678207084351479361e-01 2.086187665427331472e-01
-2.672797128109711262e-01 2.089581774009769966e-01
-2.667398034699604015e-01 2.092974639433520800e-01
-2.662009718175500916e-01 2.096366294419684528e-01
-2.656632093187362709e-01 2.099756771611065720e-01
-2.651265074974438196e-01 2.103146103574184411e-01
-2.645908579359056434e-01 2.106534322801308090e-01
-2.640562522740521612e-01 2.109921461712505053e-01
-2.635226822089127841e-01 2.113307552657729682e-01
-2.629901394940278303e-01 2.116692627918926317e-01
-2.624586159388728190e-01 2.120076719712165603e-01
-2.619281034082919790e-01 2.123459860189810255e-01
-2.613985938219444694e-01 2.126842081442708587e-01
-2.608700791537603703e-01 2.130223415502423279e-01
-2.603425514314078315e-01 2.133603894343491514e-01
-2.598160027357712121e-01 2.136983549885719258e-01
-2.592904252004388788e-01 2.140362413996518554e-01
-2.587658110077758478e-01 2.143740518464874456e-01
-2.582421523651893258e-01 2.147117894809991989e-01
-2.577194415465225430e-01 2.150494574629153444e-01
-2.571976708805576162e-01 2.153870589510112898e-01
-2.566768327451683374e-01 2.157245970988973527e-01
-2.561569195668007004e-01 2.160620750551965064e-01
-2.556379238199607551e-01 2.163994959637252913e-01
-2.551198380267113430e-01 2.167368629636756694e-01
-2.546026547561778264e-01 2.170741791897994044e-01
-2.540863666240618657e-01 2.174114477725947459e-01
-2.535709662921635243e-01 2.177486718384948894e-01
-2.530564464679123104e-01 2.180858545100595458e-01
-2.525427999039058236e-01 2.184229989061682586e-01
-2.520300193974571168e-01 2.187601081422171356e-01
-2.515180977901502191e-01 2.190971853303175232e-01
-2.510070279674030402e-01 2.194342335794981502e-01
-2.504968028580399908e-01 2.197712559959097423e-01
-2.499874154261890746e-01 2.201082556762692932e-01
-2.494788586632445127e-01 2.204452357012126884e-01
-2.489711256173712528e-01 2.207821991617890667e-01
-2.484642093785071060e-01 2.211191491469136627e-01
-2.479581030770409977e-01 2.214560887427545199e-01
-2.474527998833781495e-01 2.217930210328932505e-01
-2.469482930075106164e-01 2.221299490984872116e-01
-2.464445756985958191e-01 2.224668760184330407e-01
-2.459416412445403766e-01 2.228038048695324680e-01
-2.454394829715911275e-01 2.231407387266589881e-01
-2.449380942439319808e-01 2.234776806629271695e-01
-2.444374684632873163e-01 2.238146337498634619e-01
-2.439375990685316853e-01 2.241516010575792806e-01
-2.434384795353058961e-01 2.244885856549458381e-01
-2.429401033756381778e-01 2.248255906097715862e-01
-2.424424641375733658e-01 2.251626189889813501e-01
-2.419455554047817702e-01 2.254996738587752292e-01
-2.414493707811205259e-01 2.258367582707082599e-01
-2.409539039039700070e-01 2.261738752744767433e-01
-2.404591484560256731e-01 2.265110279295182161e-01
-2.399650981536997907e-01 2.268482192947390841e-01
-2.394717467467603611e-01 2.271854524286766597e-01
-2.389790880179760157e-01 2.275227303896627251e-01
-2.384871157827656574e-01 2.278600562359890946e-01
-2.379958238888542355e-01 2.281974330260753969e-01
-2.375052062159332400e-01 2.285348638186385783e-01
-2.370152566753264134e-01 2.288723516728650154e-01
-2.365259692096609856e-01 2.292098996485843199e-01
-2.360373377925437666e-01 2.295475108064461145e-01
-2.355493564282425678e-01 2.298851882080983622e-01
-2.350620191513720647e-01 2.302229349163692484e-01
-2.345753200265856819e-01 2.305607539954500074e-01
-2.340892531482714478e-01 2.308986485110817999e-01
-2.336038126402532333e-01 2.312366215307445350e-01
-2.331189926554967373e-01 2.315746761238481610e-01
-2.326347873758199958e-01 2.319128153619276766e-01
-2.321511910116091926e-01 2.322510423188395567e-01
-2.316681978015386889e-01 2.325893600709623976e-01
-2.311858019856025959e-01 2.329277716705053236e-01
-2.307039978235408406e-01 2.332662801641419703e-01
-2.302227796259662396e-01 2.336048886249271206e-01
-2.297421417296807711e-01 2.339436001280567057e-01
-2.292620784973690429e-01 2.342824177510128003e-01
-2.287825843172977547e-01 2.346213445737124481e-01
-2.283036536030188524e-01 2.349603836786577915e-01
-2.278252807930765400e-01 2.352995381510877559e-01
-2.273474603507172342e-01 2.356388110791316215e-01
-2.268701867636045977e-01 2.359782055539634271e-01
-2.263934545435365708e-01 2.363177246699587897e-01
-2.259172582261666229e-01 2.366573715248529441e-01
-2.254415923707289438e-01 2.369971492199009488e-01
-2.249664515597658565e-01 2.373370608600392506e-01
-2.244918303988602537e-01 2.376771095540494150e-01
-2.240177235163700598e-01 2.380172984147234660e-01
-2.235441255631668012e-01 2.383576305590314748e-01
-2.230710312123771188e-01 2.386981091082909789e-01
-2.225984351591277222e-01 2.390387371883382905e-01
-2.221263321202936181e-01 2.393795179297023568e-01
-2.216547168342494212e-01 2.397204544677801197e-01
-2.211835840471028103e-01 2.400615499283397236e-01
-2.207129285185784051e-01 2.404028074341119370e-01
-2.202427450436730549e-01 2.407442301287601449e-01
-2.197730284373979326e-01 2.410858211608658819e-01
-2.193037735344631201e-01 2.414275836840136247e-01
-2.188349751890202310e-01 2.417695208569377030e-01
-2.183666282744080589e-01 2.421116358436709026e-01
-2.178987276829011388e-01 2.424539318136941235e-01
-2.174312683254596701e-01 2.427964119420877864e-01
-2.169642451314834908e-01 2.431390794096839336e-01
-2.164976530485676620e-01 2.434819374032205497e-01
-2.160314870422600508e-01 2.438249891154970206e-01
-2.155657420958224657e-01 2.441682377455313968e-01
-2.151004132099932076e-01 2.445116864987186556e-01
-2.146354954027522577e-01 2.448553385869912669e-01
-2.141709837090891022e-01 2.451991972289808142e-01
-2.137068731807721389e-01 2.455432656501818911e-01
-2.132431588861211369e-01 2.458875470831169696e-01
-2.127798359097811953e-01 2.462320447675036272e-01
-2.123168993524989778e-01 2.465767619504233565e-01
-2.118543443309019447e-01 2.469217018864920676e-01
-2.113921659692972743e-01 2.472668678286969179e-01
-2.109303593932970178e-01 2.476122630211746722e-01
-2.104689197447750237e-01 2.479578907169625313e-01
-2.100078421735051271e-01 2.483037541685609584e-01
-2.095471218355664245e-01 2.486498566263157795e-01
-2.090867539075841885e-01 2.489962013556231424e-01
-2.086267336434734498e-01 2.493427917053000487e-01
-2.081670562956782211e-01 2.496896310148946085e-01
-2.077077171411928491e-01 2.500367226461110981e-01
-2.072487114895740223e-01 2.503840699931567104e-01
-2.067900346780171261e-01 2.507316764776214568e-01
-2.063316819585100104e-01 2.510795454119117420e-01
-2.058736486065037008e-01 2.514276801302470776e-01
-2.054159299183765108e-01 2.517760839862104305e-01
-2.049585211855258216e-01 2.521247603214891719e-01
-2.045014176899783709e-01 2.524737124604954919e-01
-2.040446147704992885e-01 2.528229437922230871e-01
-2.035881077948715201e-01 2.531724577372033713e-01
-2.031318921102251707e-01 2.535222576863336297e-01
-2.026759630734190076e-01 2.538723470386395897e-01
-2.022203160517249410e-01 2.542227292025279195e-01
-2.017649463825522960e-01 2.545734075453841005e-01
-2.013098493262209521e-01 2.549243853332616716e-01
-2.008550201637246957e-01 2.552756658535308976e-01
-2.004004541497376446e-01 2.556272523555770393e-01
-1.999461465051821096e-01 2.559791480408414310e-01
-1.985847408761450272e-01 2.570367413916174737e-01
-1.981314296259104324e-01 2.573899197029838049e-01
-1.976783540647390758e-01 2.577434248166132202e-01
-1.972255099088050523e-01 2.580972605714684232e-01
-1.967728928361758833e-01 2.584514307619550921e-01
-1.963204984946231579e-01 2.588059391475850401e-01
-1.958683225474611156e-01 2.591607895131727846e-01
-1.954163605788865610e-01 2.595159855437859098e-01
-1.949646081407339915e-01 2.598715308854123718e-01
-1.945130607913526655e-01 2.602274291964497555e-01
-1.940617140945616048e-01 2.605836841467321641e-01
-1.936105635905746580e-01 2.609402993787556246e-01
-1.931596048429849721e-01 2.612972785709278267e-01
-1.927088334639333045e-01 2.616546254726059839e-01
-1.922582450511390317e-01 2.620123438197955457e-01
-1.918078351920267932e-01 2.623704373407342305e-01
-1.913575994876068054e-01 2.627289097887233749e-01
-1.909075335542263219e-01 2.630877649451970890e-01
-1.904576329235083687e-01 2.634470064820265134e-01
-1.900078931467731047e-01 2.638066381046327291e-01
-1.895583097987816601e-01 2.641666635580255940e-01
-1.891088784696932368e-01 2.645270866164830537e-01
-1.886595947410487639e-01 2.648879110505638623e-01
-1.882104542561058858e-01 2.652491407263453671e-01
-1.877614526676257833e-01 2.656107795335361232e-01
-1.873125856247229715e-01 2.659728313674211142e-01
-1.868638487740376941e-01 2.663353001308073620e-01
-1.864152377668131522e-01 2.666981897444595240e-01
-1.859667482453945808e-01 2.670615041282182744e-01
-1.855183758486494139e-01 2.674252472089625465e-01
-1.850701162188185811e-01 2.677894229308212526e-01
-1.846219650012962954e-01 2.681540352553464235e-01
-1.841739178444113667e-01 2.685190881616874026e-01
-1.837259703992095983e-01 2.688845856467687034e-01
-1.832781183192367103e-01 2.692505317254700326e-01
-1.828303572603239280e-01 2.696169304308086434e-01
-1.823826828803728761e-01 2.699837858141246882e-01
-1.819350908391426658e-01 2.703511019452692343e-01
-1.814875767980373145e-01 2.707188829127942786e-01
-1.810401364198942209e-01 2.710871328241469258e-01
-1.805927653687740275e-01 2.714558558058640658e-01
-1.801454593097509826e-01 2.718250560037720476e-01
-1.796982139087034969e-01 2.721947375831875182e-01
-1.792510248321066424e-01 2.725649047291215377e-01
-1.788038877468244858e-01 2.729355616464871348e-01
-1.783567983199033924e-01 2.733067125603083070e-01
-1.779097522183661906e-01 2.736783617159331827e-01
-1.774627451090515784e-01 2.740505133793191272e-01
-1.770157726703577017e-01 2.744231718557753608e-01
-1.765688305743742526e-01 2.747963414630565371e-01
-1.761219144819473614e-01 2.751700265240280552e-01
-1.756750200533240824e-01 2.755442313835905210e-01
-1.752281429479196628e-01 2.759189604088778114e-01
-1.747812788240877824e-01 2.762942179894582462e-01
-1.743344233388911535e-01 2.766700085375389806e-01
-1.738875721478730652e-01 2.770463364881748380e-01
-1.734407209048310916e-01 2.774232062994801407e-01
-1.729938652615908290e-01 2.778006224528446477e-01
-1.725470008677809919e-01 2.781785894531532688e-01
-1.721001233706096756e-01 2.785571118290091630e-01
-1.716532284146409792e-01 2.789361941329611683e-01
-1.712063116415730168e-01 2.793158409417348387e-01
-1.707593686900162055e-01 2.796960568564668126e-01
-1.703123951952728032e-01 2.800768465029442322e-01
-1.698653867891166402e-01 2.804582145318465503e-01
-1.694183390995737115e-01 2.808401656189927209e-01
-1.689712477507029353e-01 2.812227044655914998e-01
-1.685241083623782166e-01 2.816058357984954075e-01
-1.680769165500717865e-01 2.819895643704625199e-01
-1.676296679422354108e-01 2.823738949900638784e-01
-1.671823581570790196e-01 2.827588324836421418e-01
-1.667349827890643732e-01 2.831443816728373419e-01
-1.662875374281020113e-01 2.835305474073230303e-01
-1.658400176592876030e-01 2.839173345650273794e-01
-1.653924190626404334e-01 2.843047480523603898e-01
-1.649447372128439449e-01 2.846927928044465927e-01
-1.644969676789869162e-01 2.850814737853614167e-01
-1.640491060243069177e-01 2.854707959883752144e-01
-1.636011478059343771e-01 2.858607644362007316e-01
-1.631530885746385329e-01 2.862513841812474591e-01
-1.627049238745740534e-01 2.866426603058802036e-01
-1.622566492430291829e-01 2.870345979226838762e-01
-1.618082602101743595e-01 2.874272021747339423e-01
-1.613597522988128030e-01 2.878204782358718683e-01
-1.609111210241308543e-01 2.882144313109860634e-01
-1.604623618934497009e-01 2.886090666362992607e-01
-1.600134704059780755e-01 2.890043894796608392e-01
-1.595644420525643981e-01 2.894004051408449185e-01
-1.591152723154513893e-01 2.897971189518540602e-01
-1.586659566680294065e-01 2.901945362772288539e-01
-1.582164905819204159e-01 2.905926625278250075e-01
-1.577668695186578984e-01 2.909915031465247770e-01
-1.573170889205918466e-01 2.913910635921464487e-01
-1.568671442205602506e-01 2.917913493578480622e-01
-1.564170308416386879e-01 2.921923659714668053e-01
-1.559667441968745072e-01 2.925941189958349842e-01
-1.555162796890216803e-01 2.929966140291020982e-01
-1.550656327102764021e-01 2.933998567050642436e-01
-1.546147986420124132e-01 2.938038526934995120e-01
-1.541637728545180996e-01 2.942086077005096612e-01
-1.537125507067324537e-01 2.946141274688690026e-01
-1.532611275459822842e-01 2.950204177783798953e-01
-1.528094987077190381e-01 2.954274844462341232e-01
-1.523576595152552615e-01 2.958353333273818775e-01
-1.519056052795024481e-01 2.962439703149068460e-01
-1.514533312987070834e-01 2.966534013404081849e-01
-1.510008328587175153e-01 2.970636323754323183e-01
-1.505481052414335830e-01 2.974746694491084420e-01
-1.500951437064316774e-01 2.978865186130104092e-01
-1.496419434954165961e-01 2.982991859505851884e-01
-1.491884998365707038e-01 2.987126775866257300e-01
-1.487348079442497584e-01 2.991269996876357307e-01
-1.482808630186792376e-01 2.995421584622023348e-01
-1.478266602456517753e-01 2.999581601613781068e-01
-1.473721947962242929e-01 3.003750110790708305e-01
-1.469174618264173782e-01 3.007927175524426899e-01
-1.464624564769130555e-01 3.012112859623172767e-01
-1.460071738727541368e-01 3.016307227335960905e-01
-1.455516091230434628e-01 3.020510343356834215e-01
-1.450957573206421991e-01 3.024722272829200032e-01
-1.446396135418700213e-01 3.028943081350251587e-01
-1.441831728462029949e-01 3.033172834975484955e-01
-1.437264302759724555e-01 3.037411600223295927e-01
-1.432693808590001783e-01 3.041659444142033042e-01
-1.428120196142456111e-01 3.045916434443105003e-01
-1.423543415283351765e-01 3.050182639013852559e-01
-1.418963415682344409e-01 3.054458126194827816e-01
-1.414380146827986240e-01 3.058742964824298638e-01
-1.409793558024203253e-01 3.063037224242631806e-01
-1.405203598386780828e-01 3.067340974296784428e-01
-1.400610216839849320e-01 3.071654285344906365e-01
-1.396013362112391853e-01 3.075977228261059793e-01
-1.391412982734736292e-01 3.080309874440045337e-01
-1.386809027035065256e-01 3.084652295802351452e-01
-1.382201443135919749e-01 3.089004564799208152e-01
-1.377590178950701405e-01 3.093366754417763431e-01
-1.372975182180179166e-01 3.097738938186365698e-01
-1.368356400308989029e-01 3.102121190179972787e-01
-1.363733780602122969e-01 3.106513585025664215e-01
-1.359107270101424236e-01 3.110916197908280001e-01
-1.354476815714155957e-01 3.115329104787983305e-01
-1.349842364138564565e-01 3.119752382247392708e-01
-1.345203861671242784e-01 3.124186107059669926e-01
-1.340561254377208855e-01 3.128630356590427763e-01
-1.335914488087976415e-01 3.133085208808055744e-01
-1.331263508397335649e-01 3.137550742288942596e-01
-1.326608260657144711e-01 3.142027036222851399e-01
-1.321948689973142799e-01 3.146514170418449607e-01
-1.317284741200753229e-01 3.151012225308981729e-01
-1.312616358940904282e-01 3.155521281958102442e-01
-1.307943487535848937e-01 3.160041422065861805e-01
-1.303266071064981824e-01 3.164572727974837019e-01
-1.298584053340664235e-01 3.169115282676421841e-01
-1.293897377904038581e-01 3.173669169817271984e-01
-1.289205988020836469e-01 3.178234473705900398e-01
-1.284509826677189548e-01 3.182811279319429087e-01
-1.279808836580456632e-01 3.187399672323038557e-01
-1.275102960341789882e-01 3.191999739544925663e-01
-1.270392140126928304e-01 3.196611568127863956e-01
-1.265676317690606900e-01 3.201235245624599046e-01
-1.260955434497028071e-01 3.205870860315020443e-01
-1.256229431714718792e-01 3.210518501212250020e-01
-1.251498250211402763e-01 3.215178258068926986e-01
-1.246761830548894084e-01 3.219850221383701028e-01
-1.242020112977995916e-01 3.224534482407926395e-01
-1.237273037433411493e-01 3.229231133152566380e-01
-1.232520543528662915e-01 3.233940266395303187e-01
-1.227762570551007709e-01 3.238661975687849304e-01
-1.222999057456366362e-01 3.243396355363473704e-01
-1.218229942864239024e-01 3.248143500544728446e-01
-1.213455165052621104e-01 3.252903507151393425e-01
-1.208674661952913593e-01 3.257676471908616533e-01
-1.203888371144821584e-01 3.262462492355276966e-01
-1.199096229895983412e-01 3.267261666974465850e-01
-1.194298175325229222e-01 3.272074095666953064e-01
-1.189494143890648115e-01 3.276899878380234998e-01
-1.184684071632521596e-01 3.281739115782958405e-01
-1.179867894225736930e-01 3.286591909431247904e-01
-1.175045546973527699e-01 3.291458361776231634e-01
-1.170216964801239767e-01 3.296338576171854995e-01
-1.165382082250102647e-01 3.301232656882951977e-01
-1.160540833471019467e-01 3.306140709093610131e-01
-1.155693152218363884e-01 3.311062838915799222e-01
-1.150838971843777259e-01 3.315999153398283550e-01
-1.145978225289973479e-01 3.320949760535809037e-01
-1.141110845084536973e-01 3.325914769278572325e-01
-1.136236763333710875e-01 3.330894289541961872e-01
-1.131355911716183521e-01 3.335888432216589927e-01
-1.126468221476853160e-01 3.340897309178592622e-01
-1.121573623420579480e-01 3.345921033300219838e-01
-1.116672048072151202e-01 3.350959718959557465e-01
-1.111763425628051749e-01 3.356013481939878473e-01
-1.106847685420345867e-01 3.361082437843789794e-01
-1.101924756320007692e-01 3.366166703320164766e-01
-1.096994566743211275e-01 3.371266396115306652e-01
-1.092057044643412467e-01 3.376381635081973087e-01
-1.087112117503449826e-01 3.381512540188789662e-01
-1.082159712327672579e-01 3.386659232530038754e-01
-1.077199755634088846e-01 3.391821834335846386e-01
-1.072232173446519138e-01 3.397000468982739885e-01
-1.067256891286768455e-01 3.402195261004600790e-01
-1.062273834166793524e-01 3.407406336104003564e-01
-1.057282926580867255e-01 3.412633821163940651e-01
-1.052284092497744739e-01 3.417877844259938902e-01
-1.047277255352805359e-01 3.423138534672562350e-01
-1.042262338040186170e-01 3.428416022900307447e-01
-1.037239262905703813e-01 3.433710440675585285e-01
-1.032207951855241002e-01 3.439021921365997825e-01
-1.027168326158435507e-01 3.444350599369388477e-01
-1.022120306417397539e-01 3.449696610042244926e-01
-1.017063812660223138e-01 3.455060090049228982e-01
-1.011998764332304873e-01 3.460441177376999966e-01
-1.006925080287613544e-01 3.465840011348477745e-01
-1.001842678779952117e-01 3.471256732637539311e-01
-9.967514774541755274e-02 3.476691483284152784e-01
-9.916513933373641287e-02 3.482144406709957174e-01
-9.865423428299605058e-02 3.487615647734270130e-01
-9.814242416968438354e-02 3.493105352590544777e-01
-9.762970050583495707e-02 3.498613668943263422e-01
-9.711605474098418400e-02 3.504140746008511109e-01
-9.660147826561282791e-02 3.509686734733475921e-01
-9.608596238940432521e-02 3.515251787062088629e-01
-9.556949835326421228e-02 3.520836056413534920e-01
-9.505207732990979264e-02 3.526439697756988956e-01
-9.453369042282298851e-02 3.532062867628322222e-01
-9.401432866519929266e-02 3.537705724147373609e-01
-9.349398301889254304e-02 3.543368427035784030e-01
-9.297264437335568676e-02 3.549051137635402253e-01
-9.245030354457536848e-02 3.554754018927250847e-01
-9.192695127400055122e-02 3.560477235551069985e-01
-9.140257822746428173e-02 3.566220953825420814e-01
-9.087717499417030664e-02 3.571985341771238276e-01
-9.035073209642778547e-02 3.577770569561979364e-01
-8.982323996994338866e-02 3.583576808819433634e-01
-8.929468896147456369e-02 3.589404232575395537e-01
-8.876506933776101560e-02 3.595253015688397724e-01
-8.823437128425781761e-02 3.601123334863394199e-01
-8.770258490386509398e-02 3.607015368672187305e-01
-8.716970021565313698e-02 3.612929297574589138e-01
-8.663570715358112628e-02 3.618865303940312916e-01
-8.610059556521026947e-02 3.624823572071607658e-01
-8.556435521040847703e-02 3.630804288226630039e-01
-8.502697576004659974e-02 3.636807640643549000e-01
-8.448844679468571484e-02 3.642833819565399756e-01
-8.394875780758299932e-02 3.648883017453857236e-01
-8.340789821009131355e-02 3.654955429318357818e-01
-8.286585729842173287e-02 3.661051251354412450e-01
-8.232262427209054156e-02 3.667170681816572797e-01
-8.177818823490912159e-02 3.673313921151012407e-01
-8.123253819342943216e-02 3.679481172019574697e-01
-8.068566305538416028e-02 3.685672639324786837e-01
-8.013755162812104260e-02 3.691888530235850063e-01
-7.958819261702851366e-02 3.698129054215595346e-01
-7.903757462395291644e-02 3.704394423048421592e-01
-7.848568614560517964e-02 3.710684850869200302e-01
-7.793251557195546297e-02 3.717000554193157225e-01
-7.737805118472562693e-02 3.723341751952002343e-01
-7.682228117317310701e-02 3.729708666371549519e-01
-7.626519360257545677e-02 3.736101521579777152e-01
-7.570677641039172401e-02 3.742520543506900887e-01
-7.514701742095360182e-02 3.748965960704477851e-01
-7.458590434354174514e-02 3.755438004373517491e-01
-7.402342477045660563e-02 3.761936908393907486e-01
-7.345956617508177244e-02 3.768462909355131396e-01
-7.289431590993919463e-02 3.775016246588299151e-01
-7.232766120473325955e-02 3.781597162199487050e-01
-7.175958916438257562e-02 3.788205901104379492e-01
-7.119008676703865446e-02 3.794842711064224661e-01
-7.061914086208816166e-02 3.801507842723096942e-01
-7.004673817442159944e-02 3.808201549988079471e-01
-6.947286531236489260e-02 3.814924090633504128e-01
-6.889750871878894123e-02 3.821675723790113888e-01
-6.832065469814199710e-02 3.828456711534411472e-01
-6.774228941785929992e-02 3.835267319126149377e-01
-6.716239890598085793e-02 3.842107815043805941e-01
-6.658096904876054101e-02 3.848978471021805015e-01
-6.599798558826262818e-02 3.855879562089464252e-01
-6.541343411994497703e-02 3.862811366611687558e-01
-6.482730009022599771e-02 3.869774166331397813e-01
-6.423956879403286413e-02 3.876768246413705432e-01
-6.365022537232990774e-02 3.883793895491821080e-01
-6.305925480978143149e-02 3.890851405724455869e-01
-6.246664195918427004e-02 3.897941074527646599e-01
-6.187237149270145842e-02 3.905063201805628603e-01
-6.127642789570157678e-02 3.912218089709546542e-01
-6.067879548983912824e-02 3.919406044268142209e-01
-6.007945843003786174e-02 3.926627375428854427e-01
-5.947840070146388769e-02 3.933882397101307049e-01
-5.887560611648713638e-02 3.941171427203212230e-01
-5.827105831162619765e-02 3.948494787708666243e-01
-5.766474074447430070e-02 3.955852804698861136e-01
-5.705663669060414417e-02 3.963245808415197802e-01
-5.644672924044676771e-02 3.970674133314799903e-01
-5.583500129614268892e-02 3.978138118128447531e-01
-5.522143557147867615e-02 3.985638106145872883e-01
-5.460601459368650407e-02 3.993174445659966043e-01
-5.398872067668628039e-02 4.000747488330588242e-01
-5.336953593245488681e-02 4.008357590279173488e-01
-5.274844226946828057e-02 4.016005112289504630e-01
-5.212542138917858336e-02 4.023690419873638957e-01
-5.150045478245102171e-02 4.031413883340529414e-01
-5.087352372595863731e-02 4.039175877867342002e-01
-5.024460927853092312e-02 4.046976783573456027e-01
-4.961369227768729767e-02 4.054816985616366276e-01
-4.898075334346516790e-02 4.062696874901359223e-01
-4.834577285838743271e-02 4.070616846846837888e-01
-4.770873096766264920e-02 4.078577301765924368e-01
-4.706960758092011005e-02 4.086578645417245359e-01
-4.642838236797897089e-02 4.094621289082208682e-01
-4.578503475457008226e-02 4.102705649645755348e-01
-4.513954391800552995e-02 4.110832149680571646e-01
-4.449188878279098508e-02 4.119001217534757897e-01
-4.384204801617781755e-02 4.127213287422961119e-01
-4.319000002832833196e-02 4.135468799969044817e-01
-4.253572296484520870e-02 4.143768202062007022e-01
-4.187919468820865132e-02 4.152111945597122822e-01
-4.122039278638640197e-02 4.160500488824038778e-01
-4.055929456816518425e-02 4.168934296479034907e-01
-3.989587705798453010e-02 4.177413839880516622e-01
-3.923011699070515224e-02 4.185939597028984216e-01
-3.856199080630745568e-02 4.194512052711488748e-01
-3.789147464451272929e-02 4.203131698610563793e-01
-3.721854434071070888e-02 4.211799033574795681e-01
-3.654317542870368779e-02 4.220514564710607930e-01
-3.586534311058845598e-02 4.229278804737352515e-01
-3.518502226369481928e-02 4.238092273465898230e-01
-3.450218743863234239e-02 4.246955498378128246e-01
-3.381681285300212197e-02 4.255869014739663281e-01
-3.312887238502853354e-02 4.264833365718468383e-01
-3.243833956710145960e-02 4.273849102509350573e-01
-3.174518757922253215e-02 4.282916784464325666e-01
-3.104938924234845396e-02 4.292036979228870952e-01
-3.035091702111345283e-02 4.301210264229102798e-01
-2.964974300161170306e-02 4.310437224764850361e-01
-2.894583887883802470e-02 4.319718453241637723e-01
-2.823917596323256146e-02 4.329054551207153212e-01
-2.752972517296460933e-02 4.338446129483715663e-01
-2.681745702611247270e-02 4.347893808308277430e-01
-2.610234163273269029e-02 4.357398217480298874e-01
-2.538434868680930837e-02 4.366959996517486564e-01
-2.466344745807133934e-02 4.376579794819383529e-01
-2.393960678723591057e-02 4.386258272492212229e-01
-2.321279508126604732e-02 4.395996101344643581e-01
-2.248298027975676946e-02 4.405793960435572254e-01
-2.175012986436520440e-02 4.415652539400486964e-01
-2.101421085140875791e-02 4.425572538981214499e-01
-2.027518978224072607e-02 4.435554671195152121e-01
-1.953303271348109937e-02 4.445599659514937185e-01
-1.878770520708736291e-02 4.455708239058501774e-01
-1.803917232025361791e-02 4.465881156789552331e-01
-1.728739859555736974e-02 4.476119171840640121e-01
-1.653234806211608190e-02 4.486423058920830931e-01
-1.577398419818886594e-02 4.496793601768333537e-01
-1.501226992896942392e-02 4.507231595083852627e-01
-1.424716762413091517e-02 4.517737847041621846e-01
-1.347863908580239703e-02 4.528313179486960216e-01
-1.270664553635951141e-02 4.538958428148153201e-01
-1.193114760601267539e-02 4.549674442862680079e-01
-1.115210532017399218e-02 4.560462087817757082e-01
-1.036947808658404344e-02 4.571322241805177988e-01
-9.583224683778174269e-03 4.582255799253716622e-01
-8.793303246088866876e-03 4.593263670034480883e-01
-7.999671245931368885e-03 4.604346777594018891e-01
-7.202285484627640212e-03 4.615506061300223006e-01
-6.401102077967520988e-03 4.626742476799492465e-01
-5.596076441318418616e-03 4.638056996330022219e-01
-4.787163274398281536e-03 4.649450609051022920e-01
-3.974316546134830375e-03 4.660924321908362367e-01
-3.157489478126542133e-03 4.672479159821686379e-01
-2.336634526953172263e-03 4.684116164010297401e-01
-1.511703369519704640e-03 4.695836394293716465e-01
-6.826468856672994511e-04 4.707640929544584796e-01
1.505848597196473811e-04 4.719530868061864171e-01
9.880426350317547853e-04 4.731507327964479814e-01
1.829778060918419618e-03 4.743571448159049075e-01
2.675843630138273824e-03 4.755724388973258665e-01
3.526292725674954904e-03 4.767967329498316031e-01
4.381179641268055820e-03 4.780301470612275394e-01
5.240559602575982703e-03 4.792728035619017724e-01
6.104488788803674217e-03 4.805248270695834933e-01
6.973024354876293691e-03 4.817863445367372432e-01
7.846224455146910345e-03 4.830574853594438167e-01
8.724148268675914128e-03 4.843383815074915888e-01
9.606856015257967188e-03 4.856291671151363176e-01
1.049440898453155198e-02 4.869299788789054895e-01
1.138686956228224766e-02 4.882409561523290975e-01
1.228430125676363387e-02 4.895622409997588131e-01
1.318676872572071765e-02 4.908939782536280716e-01
1.409433780595545881e-02 4.922363156377922988e-01
1.500707554759007738e-02 4.935894040009223271e-01
1.592505022312258600e-02 4.949533966880077518e-01
1.684833136908433712e-02 4.963284500676653499e-01
1.777698981980571635e-02 4.977147236803707298e-01
1.871109773966842318e-02 4.991123803029970385e-01
1.965072865627310109e-02 5.005215860179378362e-01
2.059595749689772243e-02 5.019425103433008406e-01
2.154686063590097872e-02 5.033753265852025649e-01
2.250351589369166752e-02 5.048202110182834490e-01
2.346600259341110467e-02 5.062773434982044130e-01
2.443440160546909296e-02 5.077469076851693908e-01
2.540879538733540471e-02 5.092290911235269890e-01
2.638926802455283591e-02 5.107240853273972148e-01
2.737590527618065372e-02 5.122320859309417163e-01
2.836879464655299443e-02 5.137532932850407130e-01
2.936802535512226392e-02 5.152879111530769274e-01
3.037368841725022334e-02 5.168361475297124086e-01
3.138587670796225831e-02 5.183982150330761485e-01
3.240468501142820812e-02 5.199743309996570639e-01
3.343021007206457840e-02 5.215647175875047781e-01
3.446255064840431093e-02 5.231696019034945966e-01
3.550180758466731090e-02 5.247892163709463320e-01
3.654808382667490418e-02 5.264237982378904279e-01
3.760148449554166078e-02 5.280735899691239021e-01
3.866211695950544369e-02 5.297388395542095285e-01
3.973009089661203030e-02 5.314198006479042835e-01
4.080551836926491621e-02 5.331167328447112830e-01
4.188851388132484171e-02 5.348299016918912629e-01
4.297919442521459799e-02 5.365595785746098967e-01
4.407767958354279203e-02 5.383060412805463768e-01
4.518409160412163034e-02 5.400695741730399124e-01
4.629855548023901340e-02 5.418504684026584917e-01
4.742119905077266107e-02 5.436490223189013316e-01
4.855215301926952415e-02 5.454655409205892980e-01
4.969155107895299739e-02 5.473003365362317796e-01
5.083953001416297718e-02 5.491537291697417000e-01
5.199622979237180503e-02 5.510260467055380085e-01
5.316179368719405052e-02 5.529176254116187073e-01
5.433636833483036777e-02 5.548288097063338586e-01
5.552010380983489479e-02 5.567599521423787223e-01
5.671315379185430661e-02 5.587114142870884814e-01
5.791567567619158169e-02 5.606835669658801757e-01
5.912783070084432629e-02 5.626767906359071425e-01
6.034978409998757731e-02 5.646914759679086959e-01
6.158170508468006205e-02 5.667280227787336866e-01
6.282376707678477556e-02 5.687868413583719862e-01
6.407614786217626091e-02 5.708683529490979902e-01
6.533902972954666599e-02 5.729729900512618990e-01
6.661259968988110514e-02 5.751011973952128153e-01
6.789704948226460424e-02 5.772534310057488849e-01
6.919257573148100693e-02 5.794301586199399612e-01
7.049938022125813719e-02 5.816318610199308070e-01
7.181767006263446718e-02 5.838590323943089189e-01
7.314765790700292203e-02 5.861121810240499386e-01
7.448956216396968033e-02 5.883918299458347212e-01
7.584360692806077497e-02 5.906985152896937485e-01
7.721002240723633114e-02 5.930327886063208043e-01
7.858904515554698822e-02 5.953952175179074713e-01
7.998091829122799812e-02 5.977863862050841748e-01
8.138589176473035036e-02 6.002068962207524061e-01
8.280422251221646046e-02 6.026573664036165567e-01
8.423617473640700182e-02 6.051384337105576439e-01
8.568202021944699986e-02 6.076507542094451431e-01
8.714203860898540877e-02 6.101950038062349257e-01
8.861651765687872384e-02 6.127718785870256424e-01
9.010575358669273283e-02 6.153820960113637328e-01
9.161005144415805546e-02 6.180263959001108809e-01
9.312972539063889277e-02 6.207055409688058134e-01
9.466509904349604265e-02 6.234203176283245051e-01
9.621650591906415195e-02 6.261715373932902340e-01
9.778428986227380437e-02 6.289600381025686193e-01
9.936880531554671825e-02 6.317866840297412523e-01
1.009704178490952314e-01 6.346523676252210366e-01
1.025895047073812905e-01 6.375580112370103913e-01
1.042264552538704481e-01 6.405045680871442881e-01
1.058816711541083755e-01 6.434930215888120530e-01
1.075555672921903738e-01 6.465243891122722797e-01
1.092485726311949179e-01 6.495997251688139240e-01
1.109611300117789440e-01 6.527201181392366935e-01
1.126936968974484171e-01 6.558866927149088477e-01
1.144467465774627324e-01 6.591006148157808608e-01
1.162207686663295492e-01 6.623630921877833311e-01
1.180162700020263022e-01 6.656753772066925645e-01
1.198337751348957092e-01 6.690387672194753055e-01
1.216738269945187301e-01 6.724546058424681894e-01
1.235369879136306998e-01 6.759242861290026827e-01
1.254238408438023422e-01 6.794492545811955386e-01
1.273349898121254042e-01 6.830310108474132447e-01
1.292710615045252198e-01 6.866711134147038820e-01
1.312327060041360571e-01 6.903711805198228246e-01
1.332205978446402150e-01 6.941328926412779765e-01
1.352354378160991466e-01 6.979579987254359574e-01
1.372779534196723605e-01 7.018483151459057323e-01
1.393489010441182618e-01 7.058057334329097543e-01
1.414490671037089697e-01 7.098322223538311437e-01
1.435792681853819697e-01 7.139298249432897148e-01
1.457403575003342333e-01 7.181006867484273082e-01
1.479332219995830311e-01 7.223470369522727585e-01
1.501587843006712275e-01 7.266711937779060104e-01
1.524180059699787593e-01 7.310755760967884154e-01
1.547118910902373634e-01 7.355627157698698682e-01
1.570414861466163936e-01 7.401352519803109375e-01
1.594078847630283902e-01 7.447959485073525343e-01
1.618122281746280089e-01 7.495476903469417973e-01
1.642557097496177287e-01 7.543934990869018975e-01
1.667395783500389972e-01 7.593365422006043142e-01
1.692651376890443315e-01 7.643801237770119217e-01
1.718337544416264351e-01 7.695277148958835634e-01
1.744468618626258127e-01 7.747829625276900778e-01
1.771059532315394369e-01 7.801496531627427622e-01
