-7.999521135748707268e-01 8.753055871928322115e-03
-7.816939240206023376e-01 1.036728491252890058e-02
-7.645550509008742779e-01 1.191432527525827442e-02
-7.484244484072744008e-01 1.339999312174248655e-02
-7.332058802084154836e-01 1.482937261388724351e-02
-7.188155529173344549e-01 1.620693448335019243e-02
-7.051800429512226076e-01 1.753662893104505904e-02
-6.922347855151849139e-01 1.882196493167283963e-02
-6.799227018250599830e-01 2.006607256890493782e-02
-6.681931271069008194e-01 2.127175582193915893e-02
-6.570009021574535479e-01 2.244153600484451519e-02
-6.463056444896124741e-01 2.357768910139773633e-02
-6.360711072497672314e-01 2.468227635171625287e-02
-6.262646466158388048e-01 2.575717036869560467e-02
-6.168567762813987887e-01 2.680407761789132745e-02
-6.078207862142657181e-01 2.782455763223757109e-02
-5.991324141029151784e-01 2.882003944902785178e-02
-5.907695627903595259e-01 2.979183578770791888e-02
-5.827120594929238173e-01 3.074115549437421088e-02
-5.749414478914509630e-01 3.166911444146016524e-02
-5.674407981865682293e-01 3.257674456122561929e-02
-5.601945517026888366e-01 3.346500229553528438e-02
-5.531883828309118734e-01 3.433477595592488579e-02
-5.464090711247761023e-01 3.518689181308701230e-02
-5.398443999739405141e-01 3.602212017657809712e-02
-5.334830548845381770e-01 3.684118003497665467e-02
-5.273145434775435847e-01 3.764474382798396745e-02
-5.213291183394541672e-01 3.843344131347632697e-02
-5.155177101105460347e-01 3.920786313724711897e-02
-5.098718687853230902e-01 3.996856411332436188e-02
-5.043837078835813337e-01 4.071606591736523506e-02
-4.990458646295821143e-01 4.145086033078670962e-02
-4.938514446437107241e-01 4.217341060733922897e-02
-4.887939927050448108e-01 4.288415435453449970e-02
-4.838674535033971047e-01 4.358350510609603629e-02
-4.790661413042346939e-01 4.427185417007636209e-02
-4.743847127824226129e-01 4.494957235395789785e-02
-4.698181373567555386e-01 4.561701106804784411e-02
-4.653616786748627776e-01 4.627450412318623307e-02
-4.610108679632840545e-01 4.692236844246585464e-02
-4.567614892559260231e-01 4.756090563718195358e-02
-4.526095577166595052e-01 4.819040264171182975e-02
-4.485513061049704042e-01 4.881113293134778375e-02
-4.445831681652514522e-01 4.942335720939770166e-02
-4.407017656087394708e-01 5.002732426986047226e-02
-4.369038951449809027e-01 5.062327168402929595e-02
-4.331865167467792710e-01 5.121142645163787033e-02
-4.295467463307718892e-01 5.179200602036771600e-02
-4.259818414752719606e-01 5.236521834761277000e-02
-4.224891919495823434e-01 5.293126236472894819e-02
-4.190663164469947133e-01 5.349032910060613766e-02
-4.157108506202958353e-01 5.404260162967836068e-02
-4.124205400573535685e-01 5.458825550578329244e-02
-4.091932368616845173e-01 5.512745958341690178e-02
-4.060268903119625405e-01 5.566037598002915310e-02
-4.029195414675332820e-01 5.618716045730147435e-02
-3.998693201348635928e-01 5.670796306177795787e-02
-3.968744375517958556e-01 5.722292810605358881e-02
-3.939331821922972821e-01 5.773219450437568068e-02
-3.910439169761091294e-01 5.823589625878156095e-02
-3.882050735127900998e-01 5.873416245779614075e-02
-3.854151487913577423e-01 5.922711756991847626e-02
-3.826727027043627660e-01 5.971488182101526709e-02
-3.799763534437723411e-01 6.019757120010486851e-02
-3.773247748543623881e-01 6.067529771504530378e-02
-3.747166942504533416e-01 6.114816968682063730e-02
-3.721508883371877352e-01 6.161629169956039931e-02
-3.696261816498363495e-01 6.207976491588039492e-02
-3.671414449141886527e-01 6.253868735713537241e-02
-3.646955927663951824e-01 6.299315405024356884e-02
-3.622875787013338789e-01 6.344325665717268081e-02
-3.599163953587352083e-01 6.388908398010700873e-02
-3.575810735436975030e-01 6.433072224360530944e-02
-3.552806799760174772e-01 6.476825513155624880e-02
-3.530143136710098273e-01 6.520176353960353832e-02
-3.507811060976009920e-01 6.563132598276691376e-02
-3.485802201204112327e-01 6.605701877541525491e-02
-3.464108483150945550e-01 6.647891607624396848e-02
-3.442722100940807661e-01 6.689708967831364816e-02
-3.421635519435224926e-01 6.731160937010682854e-02
-3.400841464219973576e-01 6.772254305388827889e-02
-3.380332908225719968e-01 6.812995678219918583e-02
-3.360103050145411552e-01 6.853391460812073566e-02
-3.340145315831828943e-01 6.893447887894700588e-02
-3.320453349208913885e-01 6.933171031333872081e-02
-3.301021001717491798e-01 6.972566803473589925e-02
-3.281842315762688589e-01 7.011640946168119781e-02
-3.262911525542248059e-01 7.050399054999835491e-02
-3.244223049063557074e-01 7.088846584400508577e-02
-3.225771479641074135e-01 7.126988850498099104e-02
-3.207551573005541501e-01 7.164831022956147377e-02
-3.189558247759569642e-01 7.202378145101581697e-02
-3.171786578462512107e-01 7.239635137327658787e-02
-3.154231788179562290e-01 7.276606798281942678e-02
-3.136889237084768967e-01 7.313297795794178324e-02
-3.119754426289680915e-01 7.349712692031708239e-02
-3.102822991089269622e-01 7.385855944055283451e-02
-3.086090696330916483e-01 7.421731908518132415e-02
-3.069553431749643124e-01 7.457344845630396735e-02
-3.053207192209070331e-01 7.492698885423067223e-02
-3.037048088603082618e-01 7.527798067119670367e-02
-3.021072345395332537e-01 7.562646346691995203e-02
-3.005276293893180961e-01 7.597247593295669565e-02
-2.989656369147847270e-01 7.631605593992646375e-02
-2.974209098916876792e-01 7.665724037580891326e-02
-2.958931102586893624e-01 7.699606522727656110e-02
-2.943819095356637328e-01 7.733256579782520068e-02
-2.928869881540512310e-01 7.766677664385036872e-02
-2.914080352034146282e-01 7.799873161238808639e-02
-2.899447478652418253e-01 7.832846379080475596e-02
-2.884968306828409323e-01 7.865600540355932591e-02
-2.870639962970380488e-01 7.898138810153453038e-02
-2.856459648457418399e-01 7.930464289161699709e-02
-2.842424637326909642e-01 7.962580016090667345e-02
-2.828532273361081262e-01 7.994488968066813805e-02
-2.814779962642376954e-01 8.026194047688861577e-02
-2.801165178374332987e-01 8.057698104263448513e-02
-2.787685457607074757e-01 8.089003932293463428e-02
-2.774338398834967356e-01 8.120114272043207904e-02
-2.761121660193367466e-01 8.151031811526894544e-02
-2.748032953883015050e-01 8.181759177009630124e-02
-2.735070047607033317e-01 8.212298943736025258e-02
-2.722230763893359606e-01 8.242653640488799283e-02
-2.709512977582681503e-01 8.272825748459387840e-02
-2.696914614436618507e-01 8.302817703200812693e-02
-2.684433647759132402e-01 8.332631890216861403e-02
-2.672068096857199149e-01 8.362270645806263447e-02
-2.659816028398865329e-01 8.391736266826757551e-02
-2.647675553849452856e-01 8.421031008206948665e-02
-2.635644828292549868e-01 8.450157084519617501e-02
-2.623722048177741240e-01 8.479116667919063544e-02
-2.611905448096772941e-01 8.507911882580936058e-02
-2.600193304306688269e-01 8.536544820808641965e-02
-2.588583931999949850e-01 8.565017539004991798e-02
-2.577075684231874830e-01 8.593332058762276349e-02
-2.565666951064613510e-01 8.621490368526424364e-02
-2.554356158778662844e-01 8.649494425369767814e-02
-2.543141766838035167e-01 8.677346148988850094e-02
-2.532022261387230078e-01 8.705047403319053634e-02
-2.520996165361261143e-01 8.732600034693412117e-02
-2.510062033860290254e-01 8.760005860160498259e-02
-2.499218452926277589e-01 8.787266667054417779e-02
-2.488464038845404902e-01 8.814384214246984151e-02
-2.477797437499276723e-01 8.841360233475333008e-02
-2.467217322494127951e-01 8.868196426185920300e-02
-2.456722390444867066e-01 8.894894449793479263e-02
-2.446311367437716267e-01 8.921455943973750913e-02
-2.435983006131636208e-01 8.947882523597595894e-02
-2.425736084758643163e-01 8.974175778243148605e-02
-2.415569406564334887e-01 9.000337273199872368e-02
-2.405481799284912292e-01 9.026368550530043666e-02
-2.395472113846409401e-01 9.052271127117465788e-02
-2.385539220492266799e-01 9.078046482731853828e-02
-2.375682013661632175e-01 9.103696081017448316e-02
-2.365899409945629861e-01 9.129221364557356388e-02
-2.356190347210626868e-01 9.154623754155012672e-02
-2.346553784139090437e-01 9.179904649617176560e-02
-2.336988699797483970e-01 9.205065430578146524e-02
-2.327494092764093025e-01 9.230107455517451431e-02
-2.318068978242035505e-01 9.255032052600752068e-02
-2.308712391317380985e-01 9.279840534762279214e-02
-2.299423385644872586e-01 9.304534196818449454e-02
-2.290201032715762086e-01 9.329114314748095105e-02
-2.281044421480564188e-01 9.353582146316689883e-02
-2.271952657992261926e-01 9.377938931731161221e-02
-2.262924864798161739e-01 9.402185893199294098e-02
-2.253960178753577626e-01 9.426324227797071298e-02
-2.245057753236070486e-01 9.450355118508568797e-02
-2.236216757299070157e-01 9.474279732667614806e-02
-2.227436375055427964e-01 9.498099221247979784e-02
-2.218715805366355542e-01 9.521814719369713076e-02
-2.210054261546101628e-01 9.545427346828522230e-02
-2.201450970921901562e-01 9.568938207953857356e-02
-2.192905173143849529e-01 9.592348385932379651e-02
-2.184416121721033388e-01 9.615658951058760062e-02
-2.175983083481420333e-01 9.638870960050138770e-02
-2.167605338045504315e-01 9.661985455338152617e-02
-2.159282177567865835e-01 9.685003465481070717e-02
-2.151012906490900323e-01 9.707926005593310592e-02
-2.142796841169690714e-01 9.730754077154488146e-02
-2.134633308112243721e-01 9.753488661434354945e-02
-2.126521645871160549e-01 9.776130729413634590e-02
-2.118461204560463107e-01 9.798681241043596946e-02
-2.110451345286101510e-01 9.821141144028437686e-02
-2.102491439946079510e-01 9.843511374247097823e-02
-2.094580871041225867e-01 9.865792856196850535e-02
-2.086719031496613863e-01 9.887986503460242937e-02
-2.078905324493521556e-01 9.910093219197217695e-02
-2.071139163311888631e-01 9.932113896664099273e-02
-2.063419969039895219e-01 9.954049409421572570e-02
-2.055747170189510531e-01 9.975900610403638791e-02
-2.048120206762516216e-01 9.997668352647820500e-02
-2.040538527807392311e-01 1.001935347876932308e-01
-2.033001591232696526e-01 1.004095682116413757e-01
-2.025508863650733737e-01 1.006247920233516308e-01
-2.018059820228901291e-01 1.008392143523400425e-01
-2.010653944548622951e-01 1.010528432361978562e-01
-2.003290728471867899e-01 1.012656866243609732e-01
-1.995969671716703309e-01 1.014777523669002091e-01
-1.988690279469569333e-01 1.016890481022210413e-01
-1.981452065675730900e-01 1.018995814326190408e-01
-1.974254552208297708e-01 1.021093598924887463e-01
-1.967097268293526990e-01 1.023183909284500620e-01
-1.959979750383717412e-01 1.025266819019162862e-01
-1.952901542035812565e-01 1.027342400917769516e-01
-1.945862193795655226e-01 1.029410726972063289e-01
-1.938861263087895970e-01 1.031471868406047404e-01
-1.931898314111482884e-01 1.033525895706837588e-01
-1.924972916527818989e-01 1.035572878004519248e-01
-1.918084645661871646e-01 1.037612883247295975e-01
-1.911233084125816550e-01 1.039645979154313754e-01
-1.904417820676380380e-01 1.041672232685026400e-01
-1.897638450108301011e-01 1.043691710058193001e-01
-1.890894573153325819e-01 1.045704476772384706e-01
-1.884185796383412992e-01 1.047710597627349860e-01
-1.877511732118116450e-01 1.049710136746308670e-01
-1.870871998336116893e-01 1.051703157599240962e-01
-1.864266218382096829e-01 1.053689722909242066e-01
-1.857694019757880066e-01 1.055669894033454681e-01
-1.851155035903669921e-01 1.057643732030397743e-01
-1.844648905612674972e-01 1.059611297400996077e-01
-1.838175272760818324e-01 1.061572650001116336e-01
-1.831733786222761173e-01 1.063527849057623875e-01
-1.825324099791117705e-01 1.065476953185048176e-01
-1.818945872098805538e-01 1.067420020402912173e-01
-1.812598766544545881e-01 1.069357108153773939e-01
-1.806282451220931617e-01 1.071288273321724382e-01
-1.799996598165743977e-01 1.073213571846330650e-01
-1.793740883664020902e-01 1.075133058952557341e-01
-1.787514988832511753e-01 1.077046789556784651e-01
-1.781318599095598199e-01 1.078954818012753530e-01
-1.775151404115407894e-01 1.080857198124431096e-01
-1.769013097724357331e-01 1.082753983159321365e-01
-1.762903377860108312e-01 1.084645225862264500e-01
-1.756821946502937215e-01 1.086530978469755354e-01
-1.750768509615474033e-01 1.088411292724831697e-01
-1.744742776943115914e-01 1.090286219804001006e-01
-1.738744461411629028e-01 1.092155809987583881e-01
-1.732773280070434296e-01 1.094020113294487395e-01
-1.726828953714402703e-01 1.095879179296929268e-01
-1.720911206751622458e-01 1.097733057084974567e-01
-1.715019767146729601e-01 1.099581795277217583e-01
-1.709154366366117117e-01 1.101425442031810087e-01
-1.703314739324987559e-01 1.103264045057874981e-01
-1.697500624336249764e-01 1.105097651627332533e-01
-1.691711763056825135e-01 1.106926308584270796e-01
-1.685947899819630058e-01 1.108750061949502069e-01
-1.680208782151483560e-01 1.110568957295897385e-01
-1.674494161089878086e-01 1.112383040000640977e-01
-1.668803790783280894e-01 1.114192355025726555e-01
-1.663137428446270771e-01 1.115996946928813210e-01
-1.657494834316312615e-01 1.117796859874505416e-01
-1.651875771612126287e-01 1.119592137646095442e-01
-1.646280006493663906e-01 1.121382823657780664e-01
-1.640707308023663935e-01 1.123168960967392549e-01
-1.635157448130774016e-01 1.124950592289658824e-01
-1.629630201574238102e-01 1.126727760010022561e-01
-1.624125345910130691e-01 1.128500506199047876e-01
-1.618642661328055510e-01 1.130268872535917929e-01
-1.613181928969908696e-01 1.132032899163590706e-01
-1.607742933309328492e-01 1.133792626372804035e-01
-1.602325461829032516e-01 1.135548094420745363e-01
-1.596929304522764215e-01 1.137299343218400316e-01
-1.591554253859852053e-01 1.139046412338815262e-01
-1.586200104750936923e-01 1.140789341025655601e-01
-1.580866654514832825e-01 1.142528168202091299e-01
-1.575553702846543280e-01 1.144262932480011735e-01
-1.570261051786389916e-01 1.145993672169604433e-01
-1.564988505690281806e-01 1.147720425289303209e-01
-1.559735871201079205e-01 1.149443229576130043e-01
-1.554502957221066406e-01 1.151162122496451751e-01
-1.549289574634552524e-01 1.152877141070410005e-01
-1.544095535449162004e-01 1.154588321255879402e-01
-1.538920654526409471e-01 1.156295699259431847e-01
-1.533764748927437249e-01 1.157999311084497301e-01
-1.528627637761363622e-01 1.159699192446837779e-01
-1.523509142157392360e-01 1.161395378781266141e-01
-1.518409085237790446e-01 1.163087905248591097e-01
-1.513327292091692367e-01 1.164776806742811588e-01
-1.508263589749759548e-01 1.166462117898565271e-01
-1.503217807159655528e-01 1.168143873098854008e-01
-1.498189775162359072e-01 1.169822106483049129e-01
-1.493179326469277479e-01 1.171496851955201590e-01
-1.488186295640184509e-01 1.173168143192658830e-01
-1.483210518676264245e-01 1.174836013349512959e-01
-1.478251832807134236e-01 1.176500494905384497e-01
-1.473310077576859278e-01 1.178161620548222044e-01
-1.468385094252155354e-01 1.179819422733913298e-01
-1.463476725781479859e-01 1.181473933677352761e-01
-1.458584816772615089e-01 1.183125185357748604e-01
-1.453709213470889272e-01 1.184773209524096066e-01
-1.448849763738002117e-01 1.186418037700827655e-01
-1.444006317031476805e-01 1.188059701193649037e-01
-1.439178724384712060e-01 1.189698231095573794e-01
-1.434366838387647891e-01 1.191333658293159542e-01
-1.429570513168016976e-01 1.192966013472966103e-01
-1.424789604372102003e-01 1.194595327127310064e-01
-1.420023968699098971e-01 1.196221629183713275e-01
-1.415273464233796630e-01 1.197844949299069484e-01
-1.410537950783209149e-01 1.199465317165220035e-01
-1.405817289563262296e-01 1.201082762267471904e-01
-1.401111343180174162e-01 1.202697313888742986e-01
-1.396419975612302744e-01 1.204309001113822997e-01
-1.391743052192456476e-01 1.205917852833757742e-01
-1.387080439590670233e-01 1.207523897750366060e-01
-1.382432005797443186e-01 1.209127164380889574e-01
-1.377797620107421850e-01 1.210727681062792882e-01
-1.373177153103543879e-01 1.212325475958711679e-01
-1.368570476641615130e-01 1.213920577061564643e-01
-1.363977463812890145e-01 1.215513012179820773e-01
-1.359397988560222259e-01 1.217102808611836423e-01
-1.354831926172208323e-01 1.218689993600447358e-01
-1.350279153240320495e-01 1.220274594314796901e-01
-1.345739547527707303e-01 1.221856637751045638e-01
-1.341212987954060187e-01 1.223436150735811162e-01
-1.336699354580834775e-01 1.225013159929689288e-01
-1.332198528596832965e-01 1.226587691830875182e-01
-1.327710392304133902e-01 1.228159772778882608e-01
-1.323234829104366073e-01 1.229729428958369064e-01
-1.318771723485327729e-01 1.231296686403076240e-01
-1.314320961007951205e-01 1.232861570999880668e-01
-1.309882428293596690e-01 1.234424108492975375e-01
-1.305456012955763245e-01 1.235984324435223103e-01
-1.301041603356042631e-01 1.237542243970684713e-01
-1.296639089046990878e-01 1.239097892267212314e-01
-1.292248360611015501e-01 1.240651294381066305e-01
-1.287869309609457613e-01 1.242202475223695979e-01
-1.283501828570151881e-01 1.243751459564579470e-01
-1.279145810975262920e-01 1.245298272034136150e-01
-1.274801151249383979e-01 1.246842937126709516e-01
-1.270467744747903194e-01 1.248385479203626552e-01
-1.266145487745642395e-01 1.249925922496338132e-01
-1.261834277425750439e-01 1.251464291109641302e-01
-1.257534011868857438e-01 1.253000609024992607e-01
-1.253244590042485174e-01 1.254534900103916328e-01
-1.248965911657178990e-01 1.256067187957209119e-01
-1.244697877067100361e-01 1.257597495855178049e-01
-1.240440387715382731e-01 1.259125847188123926e-01
-1.236193345890164857e-01 1.260652265236559266e-01
-1.231956654704024073e-01 1.262176773163562193e-01
-1.227730218084164687e-01 1.263699394017756272e-01
-1.223513940762838426e-01 1.265220150736381666e-01
-1.219307728267986224e-01 1.266739066148448722e-01
-1.215111486914109834e-01 1.268256162977990931e-01
-1.210925123793354513e-01 1.269771463847411963e-01
-1.206748546766812646e-01 1.271284991280935139e-01
-1.202581664456047195e-01 1.272796767708155585e-01
-1.198424386234817757e-01 1.274306815467702858e-01
-1.194276622221026457e-01 1.275815156811009599e-01
-1.190138283268860342e-01 1.277321813906202863e-01
-1.186009280961149298e-01 1.278826808842105089e-01
-1.181889527601912987e-01 1.280330163632363016e-01
-1.177778936075327965e-01 1.281831900074087427e-01
-1.173677419247327464e-01 1.283332039102245692e-01
-1.169584891172766594e-01 1.284830602109262865e-01
-1.165501266683784398e-01 1.286327610515044795e-01
-1.161426461269053356e-01 1.287823085647125387e-01
-1.157360391065881400e-01 1.289317048742944782e-01
-1.153302972852477543e-01 1.290809520952181932e-01
-1.149254124040370445e-01 1.292300523339154072e-01
-1.145213762666987545e-01 1.293790076885275864e-01
-1.141181807388393227e-01 1.295278202491584041e-01
-1.137158177472174375e-01 1.296764920981335889e-01
-1.133142792790485937e-01 1.298250253102671559e-01
-1.129135573813235954e-01 1.299734219531357149e-01
-1.125136441601431309e-01 1.301216840873598568e-01
-1.121145317800657099e-01 1.302698137668937828e-01
-1.117162124634711595e-01 1.304178130393226220e-01
-1.113186784899371923e-01 1.305656839461686314e-01
-1.109219221937183808e-01 1.307134285209513302e-01
-1.105259359208999315e-01 1.308610487394333277e-01
-1.101307120877288021e-01 1.310085465887989575e-01
-1.097362431795894655e-01 1.311559240678505933e-01
-1.093425217343355210e-01 1.313031831684035589e-01
-1.089495403416520375e-01 1.314503258754743109e-01
-1.085572916424294571e-01 1.315973541674728131e-01
-1.081657683281497390e-01 1.317442700163995728e-01
-1.077749631402828284e-01 1.318910753880474795e-01
-1.073848688696955739e-01 1.320377722422082789e-01
-1.069954783560704142e-01 1.321843625328846805e-01
-1.066067844873365700e-01 1.323308482085073789e-01
-1.062187801991102548e-01 1.324772312121575701e-01
-1.058314584741474051e-01 1.326235134817952965e-01
-1.054448123418051664e-01 1.327696969504934821e-01
-1.050588348775152864e-01 1.329157835466781568e-01
-1.046735192022666128e-01 1.330617751943744542e-01
-1.042888584820979847e-01 1.332076738134595761e-01
-1.039048459049556894e-01 1.333534812908581391e-01
-1.035214746945022496e-01 1.334991994985463837e-01
-1.031387381371855066e-01 1.336448303292527007e-01
-1.027566295613054903e-01 1.337903756706793346e-01
-1.023751423364856056e-01 1.339358374056529855e-01
-1.019942698731551023e-01 1.340812174122838485e-01
-1.016140056220406207e-01 1.342265175641273733e-01
-1.012343430736651895e-01 1.343717397303497985e-01
-1.008552757578559944e-01 1.345168857758969050e-01
-1.004767972432597523e-01 1.346619575616667674e-01
-1.000989011368658282e-01 1.348069569446860294e-01
-9.972158108353761097e-02 1.349518857782902870e-01
-9.934483076555124248e-02 1.350967459123083858e-01
-9.896864390214195339e-02 1.352415391932509925e-01
-9.859301424905744793e-02 1.353862674645034680e-01
-9.821793559811924090e-02 1.355309325665231823e-01
-9.784340177679096140e-02 1.356755363370413248e-01
-9.746940663949534012e-02 1.358200805997619720e-01
-9.709594405806717954e-02 1.359645671515073428e-01
-9.672300795539044704e-02 1.361089978097425046e-01
-9.635059228857964508e-02 1.362533743901520600e-01
-9.597869104743673996e-02 1.363976987052418210e-01
-9.560729825401463600e-02 1.365419725644708704e-01
-9.523640796218778293e-02 1.366861977743858703e-01
-9.486601425722802905e-02 1.368303761387576201e-01
-9.449611125538634471e-02 1.369745094587202228e-01
-9.412669310348066587e-02 1.371185995329130269e-01
-9.375775397848931658e-02 1.372626481576246227e-01
-9.338928808714976049e-02 1.374066571269402515e-01
-9.302128966556300060e-02 1.375506282328919083e-01
-9.265375297880334982e-02 1.376945632656110252e-01
-9.228667232053393288e-02 1.378384640134848182e-01
-9.192004201262678198e-02 1.379823322633151050e-01
-9.155385640478830300e-02 1.381261698004809524e-01
-9.118810987220715703e-02 1.382699784060972548e-01
-9.082279680372577768e-02 1.384137598396370517e-01
-9.045791162328731261e-02 1.385575158719839217e-01
-9.009344878319817951e-02 1.387012482760999199e-01
-8.972940276127405745e-02 1.388449588234033361e-01
-8.936576806046830912e-02 1.389886492838882104e-01
-8.900253920850487166e-02 1.391323214262456809e-01
-8.863971075751554685e-02 1.392759770179868295e-01
-8.827727728368170435e-02 1.394196178255678042e-01
-8.791523338687984301e-02 1.395632456145170230e-01
-8.755357369033109349e-02 1.397068621495645147e-01
-8.719229284025518945e-02 1.398504691947732026e-01
-8.683138550552832458e-02 1.399940685136726870e-01
-8.647084637734449297e-02 1.401376618693951359e-01
-8.611067016888088177e-02 1.402812510248140632e-01
-8.575085161496716346e-02 1.404248377426848549e-01
-8.539138547175832705e-02 1.405684237857884045e-01
-8.503226641827550669e-02 1.407120107546821486e-01
-8.467348946850894453e-02 1.408556007696477874e-01
-8.431504929742783538e-02 1.409991953579882162e-01
-8.395694074152379449e-02 1.411427962804446545e-01
-8.359915865630486442e-02 1.412864052972429285e-01
-8.324169791601779278e-02 1.414300241682681092e-01
-8.288455341336919968e-02 1.415736546532361528e-01
-8.252772005924606524e-02 1.417172985118632100e-01
-8.217119278243567582e-02 1.418609575040319926e-01
-8.181496652934509839e-02 1.420046333899554480e-01
-8.145903626372011375e-02 1.421483279303374370e-01
-8.110339696636334472e-02 1.422920428865309950e-01
-8.074804363485185710e-02 1.424357800206939584e-01
-8.039297128325469111e-02 1.425795410959411758e-01
-8.003817494184935211e-02 1.427233278764945545e-01
-7.968364965683798207e-02 1.428671421278304710e-01
-7.932939049006312859e-02 1.430109856168239046e-01
-7.897539251872327803e-02 1.431548601118900477e-01
-7.862165083083784423e-02 1.432987673753778335e-01
-7.826816052669223478e-02 1.434427091666639897e-01
-7.791491672547755376e-02 1.435866872549175222e-01
-7.756191456040892329e-02 1.437307034109343296e-01
-7.720914917841696645e-02 1.438747594072127822e-01
-7.685661573985630435e-02 1.440188570180573613e-01
-7.650430941821445563e-02 1.441629980196797445e-01
-7.615222539982054173e-02 1.443071841902968944e-01
-7.580035888355375617e-02 1.444514173102263155e-01
-7.544870508055193103e-02 1.445956991619787302e-01
-7.509725921392043646e-02 1.447400315303475904e-01
-7.474601651844084427e-02 1.448844162024958693e-01
-7.439497224027941114e-02 1.450288549680404104e-01
-7.404412163669620017e-02 1.451733496191328077e-01
-7.369345997575409146e-02 1.453179019505380365e-01
-7.334298253556842395e-02 1.454625137587990946e-01
-7.299268460351589216e-02 1.456071868412855963e-01
-7.264256147784088624e-02 1.457519230000136334e-01
-7.229260846645202410e-02 1.458967240399234866e-01
-7.194282088656979435e-02 1.460415917688192566e-01
-7.159319406443569178e-02 1.461865279974264020e-01
-7.124372333502168586e-02 1.463315345394463618e-01
-7.089440404174061905e-02 1.464766132116084307e-01
-7.054523153615546716e-02 1.466217658337188867e-01
-7.019620117769020951e-02 1.467669942287074814e-01
-6.984730833334085176e-02 1.469123002226708219e-01
-6.949854837738633773e-02 1.470576856449132830e-01
-6.914991669110005790e-02 1.472031523279851706e-01
-6.880140866246189923e-02 1.473487021077178882e-01
-6.845301968587085006e-02 1.474943368232565499e-01
nan nan
nan nan
nan nan
nan nan
nan nan
nan nan
nan nan
nan nan
nan nan
nan nan
nan nan
nan nan
nan nan
nan nan
nan nan
nan nan
nan nan
nan nan
nan nan
nan nan
nan nan
nan nan
nan nan
nan nan
nan nan
nan nan
-5.838101327336241847e-02 1.517631463439751416e-01
-5.803407774837975736e-02 1.519122103935818813e-01
-5.768712046230533436e-02 1.520614190597019966e-01
-5.734013689062443520e-02 1.522107743727991180e-01
-5.699312250673951863e-02 1.523602783702540375e-01
-5.664607278174679794e-02 1.525099330965486166e-01
-5.629898318421049097e-02 1.526597406034480298e-01
-5.595184917993506479e-02 1.528097029501817583e-01
-5.560466623173479506e-02 1.529598222036226973e-01
-5.525742979920147263e-02 1.531101004384645692e-01
-5.491013533846971634e-02 1.532605397373977552e-01
-5.456277830198007911e-02 1.534111421912835727e-01
-5.421535413823995453e-02 1.535619098993265819e-01
-5.386785829158218658e-02 1.537128449692452548e-01
-5.352028620192167407e-02 1.538639495174410898e-01
-5.317263330455371945e-02 1.540152256692936261e-01
-5.282489503055457641e-02 1.541666755612230155e-01
-5.247706680515362709e-02 1.543183013368794876e-01
-5.212914404786701816e-02 1.544701051483731713e-01
-5.178112217257604954e-02 1.546220891573942824e-01
-5.143299658726840917e-02 1.547742555353676386e-01
-5.108476269377749956e-02 1.549266064636053708e-01
-5.073641588751926640e-02 1.550791441334578025e-01
-5.038795155722734093e-02 1.552318707464623304e-01
-5.003936508468601746e-02 1.553847885144904462e-01
-4.969065184446109368e-02 1.555378996598926755e-01
-4.934180720362880274e-02 1.556912064156418529e-01
-4.899282652150262901e-02 1.558447110254740364e-01
-4.864370514935815321e-02 1.559984157440277575e-01
-4.829443843015588517e-02 1.561523228369810501e-01
-4.794502169827255522e-02 1.563064345812207045e-01
-4.759545028197356697e-02 1.564607532740286133e-01
-4.724571949885823796e-02 1.566152812194342991e-01
-4.689582465464128824e-02 1.567700207250238842e-01
-4.654576104546510884e-02 1.569249741104890572e-01
-4.619552395760018193e-02 1.570801437077329610e-01
-4.584510866714344712e-02 1.572355318609743868e-01
-4.549451043971524528e-02 1.573911409268490547e-01
-4.514372453015467329e-02 1.575469732745089502e-01
-4.479274618221310705e-02 1.577030312857196359e-01
-4.444157062824635046e-02 1.578593173549547313e-01
-4.409019308890498035e-02 1.580158338894885606e-01
-4.373860877282324811e-02 1.581725833094862477e-01
-4.338681287630633682e-02 1.583295680480916179e-01
-4.303480058301608485e-02 1.584867905515125741e-01
-4.268256706365511355e-02 1.586442532791044746e-01
-4.233010747564946302e-02 1.588019587034506241e-01
-4.197741696282973611e-02 1.589599093104409611e-01
-4.162449072443989706e-02 1.591181078643734981e-01
-4.127132376939404712e-02 1.592765564735539041e-01
-4.091791124711518374e-02 1.594352578484247440e-01
-4.056424824409856494e-02 1.595942145311856908e-01
-4.021032983202718625e-02 1.597534290793780065e-01
-3.985615106744126029e-02 1.599129040660197953e-01
-3.950170699140675284e-02 1.600726420797458638e-01
-3.914699262918332201e-02 1.602326457249519942e-01
-3.879200298989112644e-02 1.603929176219432151e-01
-3.843673306617678698e-02 1.605534604070871507e-01
-3.808117783387806460e-02 1.607142767329710620e-01
-3.772533225168745591e-02 1.608753692685639114e-01
-3.736919126081434533e-02 1.610367406993824246e-01
-3.701274978464590831e-02 1.611983937276617318e-01
-3.665600272840625895e-02 1.613603310725305051e-01
-3.629894497881420296e-02 1.615225554701902044e-01
-3.594157140373929055e-02 1.616850696740993465e-01
-3.558387685281902413e-02 1.618478764595426000e-01
-3.522585615947999849e-02 1.620109786349631931e-01
-3.486750413210188554e-02 1.621743790035652666e-01
-3.450881555827878949e-02 1.623380803838979924e-01
-3.414978520522497785e-02 1.625020856135223069e-01
-3.379040781939780802e-02 1.626663975491670910e-01
-3.343067812611934947e-02 1.628310190668912638e-01
-3.307059082919669435e-02 1.629959530622518693e-01
-3.271014061054062366e-02 1.631612024504778824e-01
-3.234932212978277460e-02 1.633267701666504257e-01
-3.198813002389085808e-02 1.634926591658882877e-01
-3.162655890678221088e-02 1.636588724235401582e-01
-3.126460336893503722e-02 1.638254129353818866e-01
-3.090225797699784963e-02 1.639922837178205695e-01
-3.053951727339623140e-02 1.641594878081039655e-01
-3.017637577593749662e-02 1.643270282645359903e-01
-2.981282797741272375e-02 1.644949081666982893e-01
-2.944886834552769631e-02 1.646631306175315446e-01
-2.908449132732019576e-02 1.648316987710151393e-01
-2.871969133840201679e-02 1.650006157749465407e-01
-2.835446276555670178e-02 1.651698847867397457e-01
-2.798879996882176757e-02 1.653395089875243362e-01
-2.762269728104341585e-02 1.655094915823156210e-01
-2.725614900742945670e-02 1.656798358001925209e-01
-2.688914942510037612e-02 1.658505448944844474e-01
-2.652169278263832516e-02 1.660216221429659800e-01
-2.615377329963383332e-02 1.661930708480602592e-01
-2.578538516623029436e-02 1.663648943370503452e-01
-2.541652254266547548e-02 1.665370959622991809e-01
-2.504717955881076083e-02 1.667096791014778812e-01
-2.467735031370711304e-02 1.668826471578017390e-01
-2.430702887509813420e-02 1.670560035602755844e-01
-2.393620927895978925e-02 1.672297517639461939e-01
-2.356488552902670855e-02 1.674038952501639144e-01
-2.319305159631564889e-02 1.675784375268576654e-01
-2.282070142309161956e-02 1.677533821615036780e-01
-2.244782891603977482e-02 1.679287327368496341e-01
-2.207442794293064739e-02 1.681044928284673445e-01
-2.170049233722413928e-02 1.682806660414159494e-01
-2.132601589753537613e-02 1.684572560104306005e-01
-2.095099238709806008e-02 1.686342664001226066e-01
-2.057541553322540101e-02 1.688117009051916528e-01
-2.019927902676770318e-02 1.689895632506491774e-01
-1.982257652156730471e-02 1.691678571920536001e-01
-1.944530163390991578e-02 1.693465865157570693e-01
-1.906744794197244922e-02 1.695257550391639223e-01
-1.868900898526702076e-02 1.697053666110003856e-01
-1.830997826408090404e-02 1.698854251115961556e-01
-1.793034923891224930e-02 1.700659344531773587e-01
-1.755011532990123635e-02 1.702468985801707801e-01
-1.716926991625655763e-02 1.704283214695202220e-01
-1.678780633567687752e-02 1.706102071310132140e-01
-1.640571788612787615e-02 1.707925596321968886e-01
-1.602299782498908115e-02 1.709753830989804158e-01
-1.563963935990942550e-02 1.711586816256069343e-01
-1.525563565476279783e-02 1.713424593400430795e-01
-1.487097982928797975e-02 1.715267204071404539e-01
-1.448566495843586072e-02 1.717114690288704393e-01
-1.409968407171251735e-02 1.718967094445750243e-01
-1.371303015251818143e-02 1.720824459312335908e-01
-1.332569613748164385e-02 1.722686828037457707e-01
-1.293767491578986031e-02 1.724554244152300964e-01
-1.254895932851240146e-02 1.726426751573387208e-01
-1.215954216792045420e-02 1.728304394605879313e-01
-1.176941617680006720e-02 1.730187217947043166e-01
-1.137857404775930933e-02 1.732075266689871995e-01
-1.098700842252904597e-02 1.733968586326862238e-01
-1.059471189125702970e-02 1.735867222753951222e-01
-1.020167699179497234e-02 1.737771222274609173e-01
-9.807896209913329749e-03 1.739680631769946195e-01
-9.413361981571933407e-03 1.741595499293556171e-01
-9.018066682047166938e-03 1.743515872286361956e-01
-8.622002630709047627e-03 1.745441798455570348e-01
-8.225162091370577175e-03 1.747373325974341807e-01
-7.827537271473306371e-03 1.749310503484270973e-01
-7.429120321267667845e-03 1.751253380098097834e-01
-7.029903332987590299e-03 1.753202005402645924e-01
-6.629878340018976156e-03 1.755156429461991463e-01
-6.229037316061604608e-03 1.757116702820857856e-01
-5.827372174284014238e-03 1.759082876508240578e-01
-5.424874766470948011e-03 1.761055002041256867e-01
-5.021536882162893137e-03 1.763033131429220801e-01
-4.617350247787312470e-03 1.765017317177947354e-01
-4.212306525781079128e-03 1.767007612294279328e-01
-3.806397313703903558e-03 1.769004070290836339e-01
-3.399614143341749516e-03 1.771006745190993603e-01
-2.991948479825721607e-03 1.773015691548976425e-01
-2.583391721177658376e-03 1.775030964784967968e-01
-2.173935196192315969e-03 1.777052620544862238e-01
-1.763570163974671409e-03 1.779080714834098409e-01
-1.352287813332963889e-03 1.781115304212009809e-01
-9.400792617975679138e-04 1.783156445797066392e-01
-5.269355546286898402e-04 1.785204197272361737e-01
-1.128476638124210863e-04 1.787258616891351792e-01
3.021935129553465728e-04 1.789319763483838421e-01
7.181971532976198867e-04 1.791387696462199974e-01
1.135172511198101692e-03 1.793462475827866387e-01
1.553128918056606621e-03 1.795544162178038528e-01
1.972075783758336226e-03 1.797632816712648740e-01
2.392022597827854220e-03 1.799728501294052263e-01
2.812978930904935435e-03 1.801831278656952640e-01
3.234954435031037190e-03 1.803941211789324428e-01
3.657958844993773519e-03 1.806058364259006122e-01
4.082001979580932027e-03 1.808182800296609383e-01
4.507093742764005893e-03 1.810314584801741289e-01
4.933244124896373449e-03 1.812453783349553260e-01
5.360463203926738550e-03 1.814600462197617226e-01
5.788761146628479230e-03 1.816754688293127917e-01
6.218148209845505286e-03 1.818916529280424910e-01
6.648634741755275746e-03 1.821086053508840230e-01
7.080231183149584238e-03 1.823263330040862662e-01
7.512948068733782750e-03 1.825448428660624289e-01
7.946796029116697663e-03 1.827641420037221520e-01
8.381785792485640582e-03 1.829842375768171991e-01
8.817928182907870324e-03 1.832051367708179279e-01
9.255234123623192616e-03 1.834268468471433045e-01
9.693714638588245627e-03 1.836493751468753766e-01
1.013338085391582433e-02 1.838727290915115054e-01
1.057424399933369272e-02 1.840969161837599788e-01
1.101631540966373397e-02 1.843219440083783689e-01
1.145960652632226767e-02 1.845478202330550210e-01
1.190412889884230607e-02 1.847745526093323709e-01
1.234989418641861333e-02 1.850021489735733105e-01
1.279691415947633963e-02 1.852306172479689095e-01
1.324520070126407323e-02 1.854599654415886034e-01
1.369476581229052935e-02 1.856902016896866958e-01
1.414562160887124741e-02 1.859213342082647880e-01
1.459778032113155134e-02 1.861533712497051574e-01
1.505125429876110095e-02 1.863863211620010729e-01
1.550605601276641363e-02 1.866201923897397863e-01
1.596219805723807922e-02 1.868549934750003139e-01
1.641969315114407899e-02 1.870907330583093664e-01
1.687855414015024952e-02 1.873274198796548440e-01
1.733879399846903480e-02 1.875650627795566738e-01
1.780042583073755333e-02 1.878036707001952688e-01
1.826346287392608889e-02 1.880432526865960796e-01
1.872791849927810462e-02 1.882838178878712132e-01
1.919380621451319616e-02 1.885253755607798620e-01
1.966113967333808429e-02 1.887679351428803165e-01
2.012993266335682402e-02 1.890115061131000251e-01
2.060019911001556223e-02 1.892560980175519714e-01
2.107195308359425395e-02 1.895017205194028942e-01
2.154520880136109873e-02 1.897483833998594438e-01
2.201998062976033912e-02 1.899960965592345785e-01
2.249628308663561074e-02 1.902448700180933983e-01
2.297413084348992607e-02 1.904947139184776095e-01
2.345353872778394716e-02 1.907456385252091768e-01
2.393452172527392452e-02 1.909976542272713851e-01
2.441709498239081483e-02 1.912507715392686436e-01
2.490127380866198267e-02 1.915050011029625909e-01
2.538707368118425789e-02 1.917603537040473705e-01
2.587451025765634405e-02 1.920168403505883026e-01
2.636359935022951004e-02 1.922744720574959543e-01
2.685435694095865758e-02 1.925332599510712062e-01
2.734679918847822064e-02 1.927932153011497896e-01
2.784094243068915148e-02 1.930543495223325523e-01
2.833680318749339996e-02 1.933166741753233331e-01
2.883439816357705535e-02 1.935802009683742775e-01
2.933374425124470400e-02 1.938449417588374024e-01
2.983485853330674134e-02 1.941109085548226587e-01
3.033775828602170571e-02 1.943781135169605767e-01
3.084246098209544526e-02 1.946465689602704940e-01
3.134898429373921686e-02 1.949162873561322562e-01
3.185734610483969415e-02 1.951872813898167525e-01
3.236756452036933934e-02 1.954595639962876663e-01
3.287965782191742264e-02 1.957331480721017369e-01
3.339364450234438841e-02 1.960080466758362949e-01
3.390954327164123761e-02 1.962842730451446194e-01
3.442737306031321692e-02 1.965618405981808259e-01
3.494715302282871972e-02 1.968407629351764665e-01
3.546890254113678476e-02 1.971210538401678980e-01
3.599264122825519135e-02 1.974027272828736690e-01
3.651838893193231489e-02 1.976857974207209268e-01
3.704616573838546978e-02 1.979702786010203441e-01
3.757599197611825176e-02 1.982561853632878179e-01
3.810788821981985625e-02 1.985435324417128278e-01
3.864187530238932106e-02 1.988323348091448062e-01
3.917797431103273859e-02 1.991226076367907660e-01
3.971620657821546552e-02 1.994143662308934251e-01
4.025659369970368412e-02 1.997076261082359194e-01
4.079915753897213337e-02 2.000024029993482944e-01
4.134392023160768370e-02 2.002987128513573911e-01
4.189090418981145092e-02 2.005965718309976886e-01
4.244013210700206540e-02 2.008959963277816008e-01
4.299162696252392668e-02 2.011970029573285634e-01
4.354541202829540630e-02 2.014996085733332387e-01
4.410151088179683349e-02 2.018038303076279127e-01
4.465994738608444758e-02 2.021096854582552504e-01
4.522074570799432258e-02 2.024171915556798040e-01
4.578393032677267188e-02 2.027263663822126694e-01
4.634952603933561316e-02 2.030372279753057674e-01
4.691755796565452025e-02 2.033497946310573179e-01
4.748805155427055641e-02 2.036640849079256743e-01
4.806103258794238581e-02 2.039801176306507424e-01
4.863652718943099751e-02 2.042979118943814565e-01
4.921456183969066117e-02 2.046174871200022449e-01
4.979516336639953217e-02 2.049388629839022924e-01
5.037835893947285870e-02 2.052620593802754190e-01
5.096417609538960586e-02 2.055870965017693730e-01
5.155264274352351628e-02 2.059139948433674205e-01
5.214378717262112967e-02 2.062427752064877606e-01
5.273763805744657168e-02 2.065734587033575265e-01
5.333422446559799718e-02 2.069060667616594296e-01
5.393357586450052421e-02 2.072406211294488265e-01
5.453572213391937734e-02 2.075771439006587338e-01
5.514069358805993165e-02 2.079156575751750224e-01
5.574852092838886858e-02 2.082561848566131246e-01
5.635923528321831050e-02 2.085987487822353603e-01
5.697286822136189699e-02 2.089433727505277671e-01
5.758945175996096899e-02 2.092900805259375607e-01
5.820901837252777378e-02 2.096388962439782455e-01
5.883160099721237990e-02 2.099898444166992950e-01
5.945723304529963726e-02 2.103429499385175705e-01
6.008594840998494196e-02 2.106982380925522258e-01
6.071778150770763827e-02 2.110557346696343983e-01
6.135276723370630680e-02 2.114154657853783703e-01
6.199094096061546350e-02 2.117774578535417673e-01
6.263233858513657382e-02 2.121417377234228741e-01
6.327699653752223707e-02 2.125083326852244825e-01
6.392495179134698169e-02 2.128772704759195888e-01
6.457624187357388634e-02 2.132485792856151918e-01
6.523090487492563816e-02 2.136222877644101126e-01
6.588897946056919419e-02 2.139984250297426449e-01
6.655050489580115192e-02 2.143770207215061341e-01
6.721552108099555778e-02 2.147581050838753836e-01
6.788406844891975433e-02 2.151417086067690387e-01
6.855618805009129624e-02 2.155278622755244511e-01
6.923192157424060134e-02 2.159165976091940720e-01
6.991131136230313570e-02 2.163079466675162932e-01
7.059440041880751804e-02 2.167019420585563350e-01
7.128123242467052090e-02 2.170986169470117688e-01
7.197185175041138916e-02 2.174980050631774298e-01
7.266630347059079009e-02 2.179001407149434022e-01
7.336463345807775482e-02 2.183050590365510635e-01
7.406688825024723699e-02 2.187127955522598644e-01
7.477311506902109550e-02 2.191233862104355334e-01
7.548336190979362814e-02 2.195368676162385013e-01
7.619767755611675519e-02 2.199532770393351211e-01
7.691611159492200978e-02 2.203726524225500250e-01
7.763871443229637681e-02 2.207950323914517066e-01
7.836553730982813437e-02 2.212204562648646122e-01
7.909663232153971157e-02 2.216489640662988314e-01
7.983205244474138318e-02 2.220805965733388676e-01
8.057185156831522810e-02 2.225153953575160493e-01
8.131608443244671414e-02 2.229534025793806773e-01
8.206480670376063713e-02 2.233946611606806021e-01
8.281807500003637856e-02 2.238392148126456260e-01
8.357594691042195822e-02 2.242871080506971815e-01
8.433848101636776118e-02 2.247383862101529073e-01
8.510573692314499228e-02 2.251930954889725389e-01
8.587777529248112607e-02 2.256512829913385754e-01
8.665465779501899113e-02 2.261129965598915881e-01
8.743644718706505836e-02 2.265782849366562712e-01
8.822320734017242982e-02 2.270471977956494969e-01
8.901500326548419939e-02 2.275197857604208673e-01
8.981190113900300309e-02 2.279961004228831245e-01
9.061396833936219419e-02 2.284761943925444350e-01
9.142127349548852255e-02 2.289601213681672076e-01
9.223388641194474324e-02 2.294479359018793407e-01
9.305187816972067261e-02 2.299396936058810126e-01
9.387532116536193016e-02 2.304354511992101895e-01
9.470428914048692470e-02 2.309352665288266493e-01
9.553885721250926499e-02 2.314391985923797135e-01
9.637910192038243173e-02 2.319473075958240205e-01
9.722510129526086564e-02 2.324596550679371432e-01
9.807693474229423058e-02 2.329763035213060496e-01
9.893468317558612446e-02 2.334973167234754288e-01
9.979842907179073408e-02 2.340227597664528703e-01
1.006682565060852824e-01 2.345526990920267230e-01
1.015442511897284988e-01 2.350872025193145309e-01
1.024265005258676170e-01 2.356263393127581152e-01
1.033150937162048005e-01 2.361701803633110275e-01
1.042101215725558111e-01 2.367187976919272463e-01
1.051116767003894836e-01 2.372722648108296362e-01
1.060198535752671090e-01 2.378306568305518232e-01
1.069347485868417241e-01 2.383940504901369550e-01
1.078564600849798855e-01 2.389625241903570174e-01
1.087850884457794570e-01 2.395361580689401859e-01
1.097207362223764360e-01 2.401150342579984331e-01
1.106635078844373649e-01 2.406992362367838534e-01
1.116135100473862607e-01 2.412888492661246220e-01
1.125708515798313492e-01 2.418839605448073471e-01
1.135356436582251743e-01 2.424846592469655782e-01
1.145079998243742070e-01 2.430910365634977865e-01
1.154880360674272466e-01 2.437031857929635725e-01
1.164758710615986792e-01 2.443212027551993348e-01
1.174716257372756950e-01 2.449451847994608689e-01
1.184754236011484885e-01 2.455752313995685776e-01
1.194873909041406501e-01 2.462114444137321334e-01
1.205076567089801570e-01 2.468539281288795184e-01
1.215363529616911714e-01 2.475027893105966048e-01
1.225736145740167621e-01 2.481581372726168466e-01
1.236195795843210987e-01 2.488200841010021480e-01
1.246743890283128764e-01 2.494887442889664464e-01
1.257381871232877701e-01 2.501642350071981991e-01
1.268111214099429118e-01 2.508466762800508620e-01
1.278933428456735799e-01 2.515361910593218453e-01
1.289850059649936820e-01 2.522329054257846925e-01
1.300862688552528179e-01 2.529369484237021237e-01
1.311972932697535732e-01 2.536484521655626989e-01
1.323182448310174508e-01 2.543675521055360211e-01
1.334492931416139672e-01 2.550943871259057083e-01
1.345906119507415954e-01 2.558290997254327181e-01
1.357423792341120594e-01 2.565718360363480888e-01
1.369047771711019990e-01 2.573227456464735607e-01
1.380779924642517031e-01 2.580819820659374098e-01
1.392622164789587558e-01 2.588497028429221358e-01
1.404576454146094222e-01 2.596260697323615751e-01
1.416644805214423153e-01 2.604112489417562126e-01
1.428829279178746858e-01 2.612054106370695905e-01
1.441131990152226816e-01 2.620087295677024364e-01
1.453555107231538635e-01 2.628213852731006717e-01
1.466100856279095033e-01 2.636435622320922878e-01
1.478771523592705694e-01 2.644754503433218717e-01
1.491569452868315160e-01 2.653172441953828842e-01
1.504497049535571951e-01 2.661691436632437346e-01
1.517556784333949083e-01 2.670313543500980602e-01
1.530751195346484739e-01 2.679040877432373735e-01
1.544082892197449763e-01 2.687875617396956462e-01
1.557554554710786354e-01 2.696820001939808087e-01
1.571168934243617199e-01 2.705876329389041990e-01
1.584928860200317813e-01 2.715046966911764392e-01
1.598837242527649805e-01 2.724334352413156912e-01
1.612897076136206032e-01 2.733740999617510492e-01
1.627111443154566073e-01 2.743269499310977966e-01
1.641483508176879991e-01 2.752922508769625742e-01
1.656016529579989183e-01 2.762702768304047263e-01
1.670713863052437076e-01 2.772613104335702738e-01
1.685578965152714215e-01 2.782656432397848101e-01
1.700615398046338711e-01 2.792835761950264173e-01
1.715826828650817981e-01 2.803154191878624024e-01
1.731217035909738688e-01 2.813614919315026164e-01
1.746789916059801606e-01 2.824221244909438933e-01
1.762549487684493821e-01 2.834976577562162703e-01
1.778499892843551644e-01 2.845884432696621502e-01
1.794645405451410769e-01 2.856948442089957685e-01
1.810990437394822683e-01 2.868172359784798009e-01
1.827539544452629616e-01 2.879560067469564832e-01
1.844297427459929140e-01 2.891115572198988404e-01
1.861268943031350598e-01 2.902843019051178919e-01
1.878459111141107807e-01 2.914746698479352416e-01
1.895873121998093436e-01 2.926831052306259617e-01
1.913516337184214267e-01 2.939100670677527449e-01
1.931394303587912198e-01 2.951560308611810846e-01
1.949512762971045421e-01 2.964214895361120261e-01
1.967877659782906741e-01 2.977069540782894541e-01
1.986495142106826650e-01 2.990129531126297091e-01
2.005371580140307697e-01 3.003400351146206515e-01
2.024513578234127531e-01 3.016887695896040000e-01
2.043927983542910554e-01 3.030597477078234014e-01
2.063621887854623638e-01 3.044535819073277416e-01
2.083602650981039028e-01 3.058709086668178756e-01
2.103877916675403470e-01 3.073123900972267730e-01
2.124455621471919298e-01 3.087787144493515656e-01
2.145343996325716762e-01 3.102705955569081131e-01
2.166551599081858737e-01 3.117887767242105146e-01
2.188087331387602308e-01 3.133340322625354224e-01
2.209960452108926388e-01 3.149071684734210397e-01
2.232180590450149604e-01 3.165090245508330735e-01
2.254757773960127665e-01 3.181404755468126289e-01
2.277702445830344924e-01 3.198024337356692448e-01
2.301025485137914162e-01 3.214958503379529153e-01
2.324738238906240984e-01 3.232217188248543982e-01
2.348852542035683999e-01 3.249810764349073677e-01
2.373380742434128277e-01 3.267750063486253853e-01
2.398335741037155300e-01 3.286046418255207380e-01
2.423731014706810294e-01 3.304711678711220735e-01
2.449580647818673518e-01 3.323758240181837742e-01
2.475899383003770104e-01 3.343199095967163137e-01
2.502702646848757873e-01 3.363047854683213767e-01
2.530006590151284152e-01 3.383318776373777093e-01
2.557828152607058980e-01 3.404026839891496903e-01
2.586185092491695703e-01 3.425187761758025640e-01
2.615096038629013409e-01 3.446818043622428274e-01
2.644580573224084574e-01 3.468935058597203969e-01
2.674659262657327896e-01 3.491557066920674135e-01
2.705353726683691340e-01 3.514703280782374706e-01
2.736686738201172808e-01 3.538393966522261902e-01
2.768682281479486473e-01 3.562650490136591297e-01
2.801365638449772599e-01 3.587495397074965120e-01
2.834763483827537067e-01 3.612952500654704746e-01
2.868903981845106199e-01 3.639046969606370974e-01
2.903816906707413770e-01 3.665805442656541180e-01
2.939533745467062253e-01 3.693256117313351572e-01
2.976087853340895761e-01 3.721428901220583119e-01
3.013514567762516361e-01 3.750355507343045014e-01
3.051851398832031159e-01 3.780069640517572105e-01
3.091138170996632906e-01 3.810607117996847037e-01
3.131417237286104882e-01 3.842006074945331084e-01
3.172733680635869136e-01 3.874307147653596184e-01
3.215135538130655113e-01 3.907553678666783603e-01
3.258674085252288855e-01 3.941791987877143466e-01
3.303404059914978319e-01 3.977071562578898822e-01
3.349384056924677999e-01 4.013445445398879929e-01
3.396676828222787714e-01 4.050970497879474164e-01
3.445349690499978634e-01 4.089707782922577528e-01
3.495474956991088122e-01 4.129722963779370870e-01
3.547130428461183760e-01 4.171086760038656416e-01
3.600399957524608174e-01 4.213875475112329183e-01
3.655374039303887490e-01 4.258171537923092775e-01
3.712150552177498897e-01 4.304064201570826365e-01
3.770835506136234749e-01 4.351650229161040939e-01
3.831543976045405087e-01 4.401034770549379638e-01
3.894401114643768480e-01 4.452332303205223107e-01
3.959543293956641619e-01 4.505667690091921251e-01
4.027119491169706689e-01 4.561177481746192530e-01
4.097292812844237631e-01 4.619011334466380236e-01
4.170242258842043470e-01 4.679333653970942919e-01
4.246164789296972275e-01 4.742325527260783935e-01
4.325277727637978908e-01 4.808186969226272423e-01
4.407821549987373522e-01 4.877139528540321289e-01
4.494063145015981253e-01 4.949429332707213081e-01
4.584299705564763849e-01 5.025330733602431099e-01
4.678863406814088299e-01 5.105150701446244943e-01
4.778126743347699268e-01 5.189233802555662800e-01
4.882509158998903920e-01 5.277968425104148098e-01
4.992484881340427672e-01 5.371794115191115271e-01
5.108592916526196737e-01 5.471211007824352546e-01
5.231448127448118379e-01 5.576790133246796177e-01
5.361756318848366343e-01 5.689187668023043543e-01
5.500331547275113531e-01 5.809161115862612190e-01
