-7.999308583773724335e-01 1.051769060393878408e-02
-7.853676197401379122e-01 1.206122003108644862e-02
-7.715229886341832266e-01 1.355314323732883380e-02
-7.583391185846204419e-01 1.499708927546469610e-02
-7.457644382147746720e-01 1.639631345279610186e-02
-7.337528567211689667e-01 1.775374747472047154e-02
-7.222630499338983379e-01 1.907204117747627811e-02
-7.112577822696684038e-01 2.035359581841816173e-02
-7.007034755626415645e-01 2.160059598323627386e-02
-6.905697225779552362e-01 2.281503394640006788e-02
-6.808289160147682484e-01 2.399873164955544647e-02
-6.714559272704173631e-01 2.515335962281584764e-02
-6.624278249488468884e-01 2.628045322160808134e-02
-6.537236281661487070e-01 2.738142658686352343e-02
-6.453241219815819552e-01 2.845758607213690755e-02
-6.372116409347219346e-01 2.951013974540779572e-02
-6.293699279066978791e-01 3.054020767381625256e-02
-6.217839885921051524e-01 3.154883011337739768e-02
-6.144399688211060750e-01 3.253697497777160302e-02
-6.073250455346707044e-01 3.350554443261694049e-02
-6.004273300587389395e-01 3.445538074884159363e-02
-5.937357815047291654e-01 3.538727147605436746e-02
-5.872401294424499651e-01 3.630195403985705949e-02
-5.809308129522796627e-01 3.720012036172910819e-02
-5.747989084253402048e-01 3.808241992475934479e-02
-5.688360834303122227e-01 3.894946366550786077e-02
-5.630345437982918755e-01 3.980182677436992084e-02
-5.573869900969927738e-01 4.064005147793876144e-02
-5.518865799535427330e-01 4.146464968295495573e-02
-5.465268880125794260e-01 4.227610493720510704e-02
-5.413018787277205091e-01 4.307487487976240093e-02
-5.362058710061391453e-01 4.386139266379630863e-02
-5.312335171667766920e-01 4.463606911219829970e-02
-5.263797733850011928e-01 4.539929385980834980e-02
-5.216398818497912648e-01 4.615143713898475775e-02
-5.170093469952501408e-01 4.689285079098783060e-02
-5.124839194826468214e-01 4.762386968157747424e-02
-5.080595766637725497e-01 4.834481256914954089e-02
-5.037325099077415436e-01 4.905598338145571863e-02
-4.994991118090638671e-01 4.975767231231374016e-02
-4.953559552167388080e-01 5.045015591546205685e-02
-4.912997883332440030e-01 5.113369859144365620e-02
-4.873275230625326304e-01 5.180855329230052431e-02
-4.834362198897953489e-01 5.247496169485872664e-02
-4.796230839895004872e-01 5.313315541630701799e-02
-4.758854544640090944e-01 5.378335640226260955e-02
-4.722207936700720809e-01 5.442577718162114331e-02
-4.686266839759554714e-01 5.506062185215031268e-02
-4.651008182369513744e-01 5.568808627135322237e-02
-4.616409928888904335e-01 5.630835843960891457e-02
-4.582451042509821937e-01 5.692161918997897668e-02
-4.549111407024930553e-01 5.752804230734298585e-02
-4.516371781378103467e-01 5.812779496501428028e-02
-4.484213761422443656e-01 5.872103819531644675e-02
-4.452619716946615847e-01 5.930792697998632512e-02
-4.421572760484059894e-01 5.988861068690922579e-02
-4.391056709228539079e-01 6.046323337056450087e-02
-4.361056032117840431e-01 6.103193381419732416e-02
-4.331555836408478299e-01 6.159484606275000135e-02
-4.302541836674541043e-01 6.215209968440253696e-02
-4.274000311298363775e-01 6.270381980733313876e-02
-4.245918050583230574e-01 6.325012697341964030e-02
-4.218282373906341309e-01 6.379113796630604682e-02
-4.191081093635162236e-01 6.432696584616569291e-02
-4.164302474053145353e-01 6.485771985839734743e-02
-4.137935211844788741e-01 6.538350562778401376e-02
-4.111968433167608183e-01 6.590442559250422883e-02
-4.086391668031318369e-01 6.642057906581888549e-02
-4.061194813532715830e-01 6.693206207976318267e-02
-4.036368131073517773e-01 6.743896774706545361e-02
-4.011902234216368490e-01 6.794138646117725555e-02
-3.987788068835282917e-01 6.843940594796649179e-02
-3.964016885563709791e-01 6.893311115684641610e-02
-3.940580241492575020e-01 6.942258463002146107e-02
-3.917469985305212510e-01 6.990790657887885340e-02
-3.894678240572584382e-01 7.038915490722280621e-02
-3.872197387927611145e-01 7.086640519153229734e-02
-3.850020065387174117e-01 7.133973097345230885e-02
-3.828139154923981824e-01 7.180920379515810803e-02
-3.806547767009278438e-01 7.227489317814157765e-02
-3.785239231947086780e-01 7.273686671163358264e-02
-3.764207096096132132e-01 7.319519022449336165e-02
-3.743445111219404486e-01 7.364992781701742985e-02
-3.722947218669475644e-01 7.410114177563240090e-02
-3.702707549938010767e-01 7.454889279558038484e-02
-3.682720420619247093e-01 7.499324007053788377e-02
-3.662980322904632047e-01 7.543424134395969316e-02
-3.643481918813830100e-01 7.587195296568653713e-02
-3.624220015338207035e-01 7.630642955865929444e-02
-3.605189577212666863e-01 7.673772445243856599e-02
-3.586385722175892132e-01 7.716588975785937388e-02
-3.567803712645684633e-01 7.759097635742309707e-02
-3.549438950318257735e-01 7.801303394866949958e-02
-3.531286959121484048e-01 7.843211082163167869e-02
-3.513343393115428981e-01 7.884825417270456549e-02
-3.495604032259699290e-01 7.926151015460586313e-02
-3.478064776405942471e-01 7.967192388001984038e-02
-3.460721640904895757e-01 8.007953945445475674e-02
-3.443570743248391408e-01 8.048439979365747121e-02
-3.426608309342573100e-01 8.088654688597023135e-02
-3.409830669778519119e-01 8.128602182520339170e-02
-3.393234255101695851e-01 8.168286481439383795e-02
-3.376815592240081654e-01 8.207711519129834432e-02
-3.360571294711049428e-01 8.246881129640233621e-02
-3.344498066829529326e-01 8.285799067422797148e-02
-3.328592700507502222e-01 8.324469009544624432e-02
-3.312852071627013228e-01 8.362894556390423895e-02
-3.297273137115728781e-01 8.401079233661903900e-02
-3.281852927548485344e-01 8.439026482477336721e-02
-3.266588550093557086e-01 8.476739675287021936e-02
-3.251477185788485547e-01 8.514222117372069465e-02
-3.236516086698336681e-01 8.551477047663333386e-02
-3.221702573501646349e-01 8.588507640313841618e-02
-3.207034029766844818e-01 8.625316997043032397e-02
-3.192507904088011661e-01 8.661908160006456803e-02
-3.178121707766731752e-01 8.698284112793223943e-02
-3.163873012544333174e-01 8.734447781246884590e-02
-3.149759448410269225e-01 8.770402034189490881e-02
-3.135778698123588559e-01 8.806149674615915135e-02
-3.121928500916387739e-01 8.841693456122580452e-02
-3.108206650067897314e-01 8.877036082373100656e-02
-3.094610990960904862e-01 8.912180207618818073e-02
-3.081139419837412574e-01 8.947128438983960319e-02
-3.067789882656903888e-01 8.981883338885300605e-02
-3.054560369690472177e-01 9.016447414713159303e-02
-3.041448910329349609e-01 9.050823108383763971e-02
-3.028453583631621204e-01 9.085012832365636781e-02
-3.015572512130052507e-01 9.119018956620790484e-02
-3.002803860604407182e-01 9.152843809795846441e-02
-2.990145835095767701e-01 9.186489680990184148e-02
-2.977596681880486096e-01 9.219958821267024152e-02
-2.965154680978288049e-01 9.253253427969369838e-02
-2.952818149561812766e-01 9.286375659241419278e-02
-2.940585443194015935e-01 9.319327642170661952e-02
-2.928454952927542210e-01 9.352111467905881159e-02
-2.916425104478336250e-01 9.384729193036746298e-02
-2.904494357455064124e-01 9.417182841043281183e-02
-2.892661203784436252e-01 9.449474401015507674e-02
-2.880924162648013098e-01 9.481605814670210353e-02
-2.869281786080558616e-01 9.513578997982731489e-02
-2.857732656656415959e-01 9.545395837222127311e-02
-2.846275386243394823e-01 9.577058188247034032e-02
-2.834908615341404925e-01 9.608567877608535646e-02
-2.823631012462585743e-01 9.639926703705682665e-02
-2.812441271757964989e-01 9.671136431827985491e-02
-2.801338111579125267e-01 9.702198792092711632e-02
-2.790320277578878794e-01 9.733115493008920316e-02
-2.779386540372804637e-01 9.763888216401934994e-02
-2.768535694951777537e-01 9.794518618192887827e-02
-2.757766560150177182e-01 9.825008329296838760e-02
-2.747077978061257530e-01 9.855358956259281655e-02
-2.736468811258386258e-01 9.885572073886526867e-02
-2.725937944389560386e-01 9.915649233374596028e-02
-2.715484284147708927e-01 9.945591964734852575e-02
-2.705106758115049526e-01 9.975401775070322219e-02
-2.694804314308525961e-01 1.000508014928809808e-01
-2.684575920749510680e-01 1.003462855084066990e-01
-2.674420564643041343e-01 1.006404842093977514e-01
-2.664337250447472716e-01 1.009334117344908299e-01
-2.654325001915801008e-01 1.012250820463685141e-01
-2.644382860958144899e-01 1.015155089104086972e-01
-2.634509887097479797e-01 1.018047058945949490e-01
-2.624705157099160857e-01 1.020926863754198360e-01
-2.614967764619202106e-01 1.023794635440192363e-01
-2.605296818614906695e-01 1.026650503630568978e-01
-2.595691443185339509e-01 1.029494595779429505e-01
-2.586150779191679350e-01 1.032327037989086288e-01
-2.576673982838170174e-01 1.035147954635174533e-01
-2.567260225373056981e-01 1.037957468423381518e-01
-2.557908692809043871e-01 1.040755700450049226e-01
-2.548618585660294977e-01 1.043542770265784153e-01
-2.539389118695875025e-01 1.046318795942330349e-01
-2.530219520700438540e-01 1.049083894139157536e-01
-2.521109030613823965e-01 1.051838178656109568e-01
-2.512056899511214136e-01 1.054581761378405314e-01
-2.503062393359714588e-01 1.057314753580766292e-01
-2.494124790612271547e-01 1.060037265080868291e-01
-2.485243381971006527e-01 1.062749404283463983e-01
-2.476417470162552981e-01 1.065451278226432485e-01
-2.467646369725304545e-01 1.068142992628935556e-01
-2.458929406808518792e-01 1.070824651941876537e-01
-2.450265918933873244e-01 1.073496359379202542e-01
-2.441655252134815324e-01 1.076158215790174733e-01
-2.433096763219293468e-01 1.078810320758454427e-01
-2.424589820580705102e-01 1.081452773089799785e-01
-2.416133802885934434e-01 1.084085670360600967e-01
-2.407728098888028134e-01 1.086709108953612529e-01
-2.399372107247812191e-01 1.089323184095181696e-01
-2.391065236364381674e-01 1.091927989894111856e-01
-2.382806904214463950e-01 1.094523619382292146e-01
-2.374596538096126197e-01 1.097110164508973973e-01
-2.366433572302332478e-01 1.099687715169344188e-01
-2.358317450466929366e-01 1.102256360379815919e-01
-2.350247625555990927e-01 1.104816188384585701e-01
-2.342223559048645931e-01 1.107367286379285637e-01
-2.334244720785433602e-01 1.109909740539170436e-01
-2.326310588823282677e-01 1.112443636048382062e-01
-2.318420649297068536e-01 1.114969057130403840e-01
-2.310574396287746191e-01 1.117486087079791329e-01
-2.302771331553649381e-01 1.119994808225565769e-01
-2.295010962887404915e-01 1.122495301218364577e-01
-2.287292806047871996e-01 1.124987646049261519e-01
-2.279616384372011306e-01 1.127471921953174111e-01
-2.271981228305303968e-01 1.129948207265736443e-01
-2.264386875278484590e-01 1.132416579445962856e-01
-2.256832869589263657e-01 1.134877115099726247e-01
-2.249318762289050644e-01 1.137329890004119548e-01
-2.241844111074620671e-01 1.139774979132776728e-01
-2.234408480013282683e-01 1.142212456594612346e-01
-2.227011438413570021e-01 1.144642395129092799e-01
-2.219652562337596224e-01 1.147064866948026979e-01
-2.212331434101346972e-01 1.149479943557576017e-01
-2.205047641999006991e-01 1.151887695689225444e-01
-2.197800780202278370e-01 1.154288193318329242e-01
-2.190590448663524148e-01 1.156681505683281597e-01
-2.183416253022731901e-01 1.159067701305363379e-01
-2.176277804518280123e-01 1.161446848009329985e-01
-2.169174719708102939e-01 1.163819012841063177e-01
-2.162106619714199152e-01 1.166184261723633431e-01
-2.155073131381864682e-01 1.168542660138934819e-01
-2.148073886783175013e-01 1.170894272926875090e-01
-2.141108523048903256e-01 1.173239164256324601e-01
-2.134176682285549020e-01 1.175577397640322208e-01
-2.127278011495309373e-01 1.177909035951762440e-01
-2.120412162499016318e-01 1.180234141439595319e-01
-2.113578791861976669e-01 1.182552775745598778e-01
-2.106777560513819203e-01 1.184864999748019981e-01
-2.100008133163614177e-01 1.187170873283105305e-01
-2.093270179639616091e-01 1.189470455950269873e-01
-2.086563374218837197e-01 1.191763806792806024e-01
-2.079887395506093972e-01 1.194050984282586381e-01
-2.073241926369823462e-01 1.196332046335631671e-01
-2.066626653880467290e-01 1.198607050328290430e-01
-2.060041269251429441e-01 1.200876053114065534e-01
-2.053485467782562857e-01 1.203139111041133247e-01
-2.046958948806210654e-01 1.205396279970584461e-01
-2.040461415635735354e-01 1.207647615295439902e-01
-2.033992575516559986e-01 1.209893171960465114e-01
-2.027552138734252662e-01 1.212133003977413220e-01
-2.021139817621795953e-01 1.214367163863865201e-01
-2.014755329680499862e-01 1.216595704548289747e-01
-2.008398396066635450e-01 1.218818678519267701e-01
-2.002068741450681588e-01 1.221036137784797110e-01
-1.995766093966032106e-01 1.223248133884093369e-01
-1.989490185159551450e-01 1.225454717899805007e-01
-1.983240749943963599e-01 1.227655940470692014e-01
-1.977017526552075077e-01 1.229851851804774493e-01
-1.970820256492815392e-01 1.232042501692990899e-01
-1.964648684509067711e-01 1.234227939523398765e-01
-1.958502558537302818e-01 1.236408214295930813e-01
-1.952381629045628897e-01 1.238583374242292617e-01
-1.946285648582884165e-01 1.240753466568297186e-01
-1.940214373644677248e-01 1.242918538672161816e-01
-1.934167563687768099e-01 1.245078637562127971e-01
-1.928144981052738738e-01 1.247233809843426022e-01
-1.922146390923306081e-01 1.249384101727814417e-01
-1.916171561287019764e-01 1.251529559043438045e-01
-1.910220262897299737e-01 1.253670227245035351e-01
-1.904292269236858570e-01 1.255806151424505857e-01
-1.898387356482437172e-01 1.257937376321872081e-01
-1.892505303470895239e-01 1.260063946336638097e-01
-1.886645891666620944e-01 1.262185905539585096e-01
-1.880808904592488062e-01 1.264303297323520203e-01
-1.874994127650452258e-01 1.266416164306423953e-01
-1.869201349411741819e-01 1.268524549228566833e-01
-1.863430360878703118e-01 1.270628494491664318e-01
-1.857680955436318004e-01 1.272728042156452133e-01
-1.851952928819257382e-01 1.274823233950188317e-01
-1.846246079079935931e-01 1.276914111274396468e-01
-1.840560206557591838e-01 1.279000715212844363e-01
-1.834895113848344361e-01 1.281083086539791527e-01
-1.829250605776258642e-01 1.283161265728513523e-01
-1.823626489365386127e-01 1.285235292960116849e-01
-1.818022573812786702e-01 1.287305208132662748e-01
-1.812438670041859878e-01 1.289371050571364030e-01
-1.806874590699167893e-01 1.291432859046990900e-01
-1.801330150942643538e-01 1.293490672362601623e-01
-1.795805167944439784e-01 1.295544529028939684e-01
-1.790299460859180736e-01 1.297594467267345064e-01
-1.784812850797124484e-01 1.299640525015774151e-01
-1.779345160798092018e-01 1.301682739934984512e-01
-1.773896215806154419e-01 1.303721149414898972e-01
-1.768465842645055019e-01 1.305755790581170084e-01
-1.763053869994392342e-01 1.307786700301946103e-01
-1.757660128366533014e-01 1.309813915194847078e-01
-1.752284450084254375e-01 1.311837471634181851e-01
-1.746926668927823167e-01 1.313857405509219756e-01
-1.741586620225555881e-01 1.315873752310381950e-01
-1.736264141321299526e-01 1.317886547503495653e-01
-1.730959071242442193e-01 1.319895826304345043e-01
-1.725671250676819590e-01 1.321901623683060800e-01
-1.720400521950766204e-01 1.323903974369067538e-01
-1.715146729007760440e-01 1.325902912856153082e-01
-1.709909717387633199e-01 1.327898473407683466e-01
-1.704689334206354323e-01 1.329890690061962255e-01
-1.699485428136388587e-01 1.331879596637743912e-01
-1.694297849387606525e-01 1.333865226739919252e-01
-1.689126449688728715e-01 1.335847613765346609e-01
-1.683971081994245222e-01 1.337826790690322398e-01
-1.678831600627461174e-01 1.339802790199920990e-01
-1.673707861556973375e-01 1.341775644927481470e-01
-1.668599722168041255e-01 1.343745387293481253e-01
-1.663507041244006723e-01 1.345712049509512065e-01
-1.658429678948180885e-01 1.347675663582342809e-01
-1.653367496806157078e-01 1.349636261318086783e-01
-1.648320357688579929e-01 1.351593874326469658e-01
-1.643288125794344912e-01 1.353548534025208472e-01
-1.638270666634238371e-01 1.355500271644509425e-01
-1.633267847014998053e-01 1.357449118231692786e-01
-1.628279535022692237e-01 1.359395104655003184e-01
-1.623305599673395272e-01 1.361338261328187971e-01
-1.618345911198751097e-01 1.363278618462111236e-01
-1.613400341270512517e-01 1.365216206271280264e-01
-1.608468762763196613e-01 1.367151054793028231e-01
-1.603551049739465606e-01 1.369083193891592887e-01
-1.598647077435891850e-01 1.371012653262316250e-01
-1.593756722249092816e-01 1.372939462435970037e-01
-1.588879861722251596e-01 1.374863650783209323e-01
-1.584016374532007110e-01 1.376785247519159983e-01
-1.579166140475705415e-01 1.378704281708154622e-01
-1.574329040459029050e-01 1.380620782268605351e-01
-1.569504956483975255e-01 1.382534777978040863e-01
-1.564693771637202246e-01 1.384446297478293397e-01
-1.559895370078722421e-01 1.386355369280855010e-01
-1.555109637030956116e-01 1.388262021772399823e-01
-1.550336458768117598e-01 1.390166283220487520e-01
-1.545575721969053851e-01 1.392068181205790844e-01
-1.540827313998779091e-01 1.393967742879086147e-01
-1.536091123837735328e-01 1.395864995813596021e-01
-1.531367041434386345e-01 1.397759967440799500e-01
-1.526654957692281100e-01 1.399652685052447665e-01
-1.521954764458631482e-01 1.401543175803768582e-01
-1.517266354513166216e-01 1.403431466716756060e-01
-1.512589621557241248e-01 1.405317584683553056e-01
-1.507924460203224348e-01 1.407201556469925285e-01
-1.503270765964141442e-01 1.409083408718827535e-01
-1.498628435243574697e-01 1.410963167954083775e-01
-1.493997365325832605e-01 1.412840860584157476e-01
-1.489377454366358489e-01 1.414716512906043777e-01
-1.484768601382404352e-01 1.416590151109268225e-01
-1.480170706243946199e-01 1.418461801280005430e-01
-1.475583669664854713e-01 1.420331489405317893e-01
-1.471007392884246812e-01 1.422199241077762022e-01
-1.466441777610889563e-01 1.424065081447349335e-01
-1.461886726792160085e-01 1.425929035976400971e-01
-1.457342144167182996e-01 1.427791130023163269e-01
-1.452807934248351307e-01 1.429651388835580517e-01
-1.448284002312176244e-01 1.431509837553926467e-01
-1.443770254390347174e-01 1.433366501213504118e-01
-1.439266597260984437e-01 1.435221404747405727e-01
-1.434772938440080081e-01 1.437074572989353038e-01
-1.430289186173136773e-01 1.438926030676601076e-01
-1.425815249426997944e-01 1.440775802452924081e-01
-1.421351037881855850e-01 1.442623912871681680e-01
-1.416896461923460027e-01 1.444470386398960526e-01
-1.412451432635495330e-01 1.446315247416809224e-01
-1.408015861792151491e-01 1.448158520226556778e-01
-1.403589661850868364e-01 1.450000229052220979e-01
-1.399172745773474835e-01 1.451840397865758470e-01
-1.394765026848011069e-01 1.453679050208214751e-01
-1.390366419348062765e-01 1.455516209882723178e-01
-1.385976838202096773e-01 1.457351900624904717e-01
-1.381596198966404954e-01 1.459186146084869296e-01
-1.377224417817633217e-01 1.461018969829353253e-01
-1.372861411545463761e-01 1.462850395343905652e-01
-1.368507097545427209e-01 1.464680446035121486e-01
-1.364161393811872403e-01 1.466509145232922917e-01
-1.359824218931061091e-01 1.468336516192896846e-01
-1.355495492074409725e-01 1.470162582098684945e-01
-1.351175132991869754e-01 1.471987366064428926e-01
-1.346863062005434486e-01 1.473810891137281032e-01
-1.342559200002791109e-01 1.475633180299966707e-01
-1.338263468431094561e-01 1.477454256473419991e-01
-1.333975789290878788e-01 1.479274142519474700e-01
-1.329696085044542453e-01 1.481092861148337880e-01
-1.325424278419726765e-01 1.482910434705838887e-01
-1.321160292898324040e-01 1.484726885725393408e-01
-1.316904052505133149e-01 1.486542236704090081e-01
-1.312655481774982480e-01 1.488356510074945738e-01
-1.308414505746552103e-01 1.490169728208668165e-01
-1.304181049956295579e-01 1.491981913415452721e-01
-1.299955040432472786e-01 1.493793087946809761e-01
-1.295736403689279337e-01 1.495603273997436478e-01
-1.291525066721088688e-01 1.497412493707117043e-01
-1.287320956996787502e-01 1.499220769162668276e-01
-1.283124002454215928e-01 1.501028122399925557e-01
-1.278934131494710580e-01 1.502834575405767037e-01
-1.274751272977737437e-01 1.504640150120189757e-01
-1.270575356215631890e-01 1.506444868438421014e-01
-1.266406310968426485e-01 1.508248752213088295e-01
-1.262244067401057934e-01 1.510051823211303046e-01
-1.258088555921240692e-01 1.511854102927066568e-01
-1.253939707499061029e-01 1.513655612969984632e-01
-1.249797453552146803e-01 1.515456374937682316e-01
-1.245661725911942352e-01 1.517256410383374110e-01
-1.241532456818550956e-01 1.519055740817409905e-01
-1.237409578915665415e-01 1.520854387708839295e-01
-1.233293025245573021e-01 1.522652372487006689e-01
-1.229182729244243932e-01 1.524449716543173350e-01
-1.225078624736487126e-01 1.526246441232170792e-01
-1.220980645931192821e-01 1.528042567874082769e-01
-1.216888727416641364e-01 1.529838117755961957e-01
-1.212802804155892478e-01 1.531633112133577723e-01
-1.208722811482246112e-01 1.533427572233196923e-01
-1.204648685094771021e-01 1.535221519253404665e-01
-1.200580361053914524e-01 1.537014974366956721e-01
-1.196517775759643742e-01 1.538807958700134093e-01
-1.192460865815003629e-01 1.540600493163375717e-01
-1.188409568252818821e-01 1.542392598748483779e-01
-1.184363820475453494e-01 1.544184296459821804e-01
-1.180323560218785456e-01 1.545975607275218711e-01
-1.176288725547834368e-01 1.547766552147325503e-01
-1.172259254852440757e-01 1.549557152004997496e-01
-1.168235086843009141e-01 1.551347427754690700e-01
-1.164216160546305973e-01 1.553137400281883185e-01
-1.160202415301318513e-01 1.554927090452515592e-01
-1.156193790755162681e-01 1.556716519114463015e-01
-1.152190226859056699e-01 1.558505707099018811e-01
-1.148191663864338297e-01 1.560294675222416161e-01
-1.144198042318545494e-01 1.562083444287365730e-01
-1.140209303061548163e-01 1.563872035084625800e-01
-1.136225387221725669e-01 1.565660468394598770e-01
-1.132246236204505346e-01 1.567448764978290054e-01
-1.128271791578494276e-01 1.569236945425518392e-01
-1.124301995241650948e-01 1.571025030390077182e-01
-1.120336789397562705e-01 1.572813040564873255e-01
-1.116376116515840344e-01 1.574600996633856997e-01
-1.112419919328394569e-01 1.576388919273362110e-01
-1.108468140825768083e-01 1.578176829153465355e-01
-1.104520724253501840e-01 1.579964746939368780e-01
-1.100577613108554009e-01 1.581752693292802769e-01
-1.096638751135757123e-01 1.583540688873451840e-01
-1.092704082324322673e-01 1.585328754340401824e-01
-1.088773550904380133e-01 1.587116910353615351e-01
-1.084847101343568709e-01 1.588905177575427874e-01
-1.080924678343656714e-01 1.590693576672071174e-01
-1.077006226837210895e-01 1.592482128315221845e-01
-1.073091691984303930e-01 1.594270853183575309e-01
-1.069181019169253150e-01 1.596059771964451757e-01
-1.065274153997408241e-01 1.597848905355423454e-01
-1.061371042291369277e-01 1.599638274065080801e-01
-1.057471629961797555e-01 1.601427898623807855e-01
-1.053575863127906576e-01 1.603217799568967539e-01
-1.049683688194718023e-01 1.605007997569294353e-01
-1.045795051767415967e-01 1.606798513302562237e-01
-1.041909900648094328e-01 1.608589367456774444e-01
-1.038028181832524183e-01 1.610380580731378963e-01
-1.034149842506959516e-01 1.612172173838490041e-01
-1.030274830044971696e-01 1.613964167504131908e-01
-1.026403092004314066e-01 1.615756582469489167e-01
-1.022534576123810546e-01 1.617549439492185770e-01
-1.018669230320284197e-01 1.619342759347568439e-01
-1.014807002685499671e-01 1.621136562830015337e-01
-1.010947841483146592e-01 1.622930870754259181e-01
-1.007091695145840571e-01 1.624725703956729772e-01
-1.003238512272158212e-01 1.626521083296912917e-01
-9.993882416236925248e-02 1.628317029658731263e-01
-9.955408321221345669e-02 1.630113563951944289e-01
-9.916962328463835297e-02 1.631910707113566339e-01
-9.878543929891504816e-02 1.633708480042284084e-01
-9.840152618487649216e-02 1.635506903589340200e-01
-9.801787889304965085e-02 1.637305998732052903e-01
-9.763449238841132027e-02 1.639105786477565441e-01
-9.725136164996556198e-02 1.640906287861865487e-01
-9.686848167045632174e-02 1.642707523950979187e-01
-9.648584745608086710e-02 1.644509515842176584e-01
-9.610345402620630584e-02 1.646312284665192582e-01
-9.572129641308725623e-02 1.648115851583459857e-01
-9.533936966158573778e-02 1.649920237795358957e-01
-9.495766882889310201e-02 1.651725464535479804e-01
-9.457618898425373954e-02 1.653531553075897054e-01
-9.419492520869035546e-02 1.655338524727465177e-01
-9.381387259473140949e-02 1.657146400841122691e-01
-9.343302624613991636e-02 1.658955202809218599e-01
-9.305238127764381417e-02 1.660764952066851319e-01
-9.267193281466837296e-02 1.662575670093223990e-01
-9.229167599306978276e-02 1.664387378413018093e-01
-9.191160595745229145e-02 1.666200098572069299e-01
-9.153171785494321200e-02 1.668013852029471278e-01
-9.115200684155910782e-02 1.669828660276859444e-01
-9.077246807945357765e-02 1.671644544793550735e-01
-9.039309673552611835e-02 1.673461527025383311e-01
-9.001388800042829652e-02 1.675279628742481486e-01
-8.963483708746573797e-02 1.677098872032235233e-01
-8.925593921622172744e-02 1.678919279004573717e-01
-8.887718962339959117e-02 1.680740872002403352e-01
-8.849858355819366362e-02 1.682563673524627990e-01
-8.812011623733416454e-02 1.684387705375782196e-01
-8.774178289200287861e-02 1.686212989553613206e-01
-8.736357875820728591e-02 1.688039548073099194e-01
-8.698549906888899952e-02 1.689867402818357178e-01
-8.660753906993728934e-02 1.691696575856604101e-01
-8.622969402872374123e-02 1.693527089615516623e-01
-8.585195920344342035e-02 1.695358966292394576e-01
-8.547432985623384938e-02 1.697192228112960888e-01
-8.509680125704341402e-02 1.699026897414068205e-01
-8.471936878978318652e-02 1.700862998782574909e-01
-8.434202779042958287e-02 1.702700555854151088e-01
-8.396477332501038615e-02 1.704539586784073746e-01
-8.283348294160397529e-02 1.710065767519582947e-01
-8.245652816591142464e-02 1.711910933538493829e-01
-8.207963644925907187e-02 1.713757688087019782e-01
-8.170280332670297463e-02 1.715606058922135857e-01
-8.132602406696966268e-02 1.717456068302808669e-01
-8.094929389322276514e-02 1.719307737525161695e-01
-8.057260813604476268e-02 1.721161090167311614e-01
-8.019596212998193752e-02 1.723016149937299513e-01
-7.981935120939917527e-02 1.724872940591731796e-01
-7.944277069613112086e-02 1.726731485673226318e-01
-7.906621592723862835e-02 1.728591809115410660e-01
-7.868968224626564367e-02 1.730453935066598448e-01
-7.831316498831911166e-02 1.732317887570480330e-01
-7.793665948689863787e-02 1.734183690719396653e-01
-7.756016108186031266e-02 1.736051368838452125e-01
-7.718366507824711564e-02 1.737920945569852993e-01
-7.680716678572796496e-02 1.739792444750218048e-01
-7.643066152182431683e-02 1.741665890494414060e-01
-7.605414460197647275e-02 1.743541306980681826e-01
-7.567761135272374484e-02 1.745418718760964050e-01
-7.530105711158346926e-02 1.747298150773896608e-01
-7.492447721051503917e-02 1.749179627974969953e-01
-7.454786697673362883e-02 1.751063175360509649e-01
-7.417122173455720224e-02 1.752948818016957233e-01
-7.379453679991050674e-02 1.754836580997337359e-01
-7.341780748500970066e-02 1.756726489436675476e-01
-7.304102909924604925e-02 1.758618568580229136e-01
-7.266419694891401715e-02 1.760512843784742265e-01
-7.228730633693954133e-02 1.762409340519725531e-01
-7.191035256260899788e-02 1.764308084368756413e-01
-7.153333092129804394e-02 1.766209101030805917e-01
-7.115623670420057056e-02 1.768112416321584446e-01
-7.077906519805840513e-02 1.770018056174914589e-01
-7.040181168489041685e-02 1.771926046644125285e-01
-7.002447144172214977e-02 1.773836413903469855e-01
-6.964703974031494216e-02 1.775749184249568180e-01
-6.926951184689554564e-02 1.777664384102872752e-01
-6.889188302188521684e-02 1.779582040009157484e-01
-6.851414851962855934e-02 1.781502178641033995e-01
-6.813630358812250432e-02 1.783424826799487606e-01
-6.775834346883446990e-02 1.785350011417809468e-01
-6.738026340045499829e-02 1.787277759670016231e-01
-6.700205861144052644e-02 1.789208098784270673e-01
-6.662372432022808932e-02 1.791141056054942615e-01
-6.624525573774096843e-02 1.793076658917154842e-01
-6.586664806709878472e-02 1.795014934948191976e-01
-6.548789650332803580e-02 1.796955911868940436e-01
-6.510899623307235540e-02 1.798899617545360041e-01
-6.472994243430246764e-02 1.800846079989992243e-01
-6.435073027602655760e-02 1.802795327363495292e-01
-6.397135491799998963e-02 1.804747387976215200e-01
-6.359181151043455382e-02 1.806702290289789736e-01
-6.321209519370794838e-02 1.808660062918781841e-01
-6.283220109807223508e-02 1.810620734632349960e-01
-6.245212434336204488e-02 1.812584334355950288e-01
-6.207186003870204805e-02 1.814550891173069835e-01
-6.169140328221400099e-02 1.816520434326996392e-01
-6.131074916072282860e-02 1.818492993222618759e-01
-6.092989274946181838e-02 1.820468597428262225e-01
-6.054882911645785570e-02 1.822447276818434936e-01
-6.016755331746870966e-02 1.824429061436445287e-01
-5.978606038878284817e-02 1.826413981285508470e-01
-5.940434535420285184e-02 1.828402066546971905e-01
-5.902240322475345996e-02 1.830393347582824348e-01
-5.864022899835496377e-02 1.832387854937231886e-01
-5.825781765949656493e-02 1.834385619338122220e-01
-5.787516417890976178e-02 1.836386671698812811e-01
-5.749226351324115969e-02 1.838391043119690649e-01
-5.710911060472485118e-02 1.840398764889935868e-01
-5.672570038085460870e-02 1.842409868489295055e-01
-5.634202775405512675e-02 1.844424385589902293e-01
-5.595808762135275061e-02 1.846442348058147664e-01
-5.557387486404524041e-02 1.848463787956592663e-01
-5.518938434737093168e-02 1.850488737545937235e-01
-5.480461092017665375e-02 1.852517229287030109e-01
-5.441954941458452405e-02 1.854549295842932155e-01
-5.403419464565786812e-02 1.856584970081024966e-01
-5.364854141275782196e-02 1.858624285133796128e-01
-5.326258450004651979e-02 1.860667274432845630e-01
-5.287631866815253878e-02 1.862713971433254123e-01
-5.248973865914458026e-02 1.864764409796696165e-01
-5.210283919653951185e-02 1.866818623406049371e-01
-5.171561498494167686e-02 1.868876646367420569e-01
-5.132806070968153056e-02 1.870938513012234128e-01
-5.094017103645282624e-02 1.873004257899380798e-01
-5.055194061094848285e-02 1.875073915817420667e-01
-5.016336405849534247e-02 1.877147521786847462e-01
-4.977443598368719302e-02 1.879225111062411691e-01
-4.938515097001622972e-02 1.881306719135502903e-01
-4.899550357950265000e-02 1.883392381736588017e-01
-4.860548835232276349e-02 1.885482134837712098e-01
-4.821509980643474969e-02 1.887576014655056034e-01
-4.782433243720233401e-02 1.889674057651553329e-01
-4.743318071826439775e-02 1.891776300589330106e-01
-4.704163910325883519e-02 1.893882780619526029e-01
-4.664970201631570001e-02 1.895993534920781542e-01
-4.625736385702842318e-02 1.898108600910966837e-01
-4.586461900073947329e-02 1.900228016277111798e-01
-4.547146179812368988e-02 1.902351818977735809e-01
-4.507788657477013877e-02 1.904480047245251384e-01
-4.468388763076270448e-02 1.906612739588451622e-01
-4.428945924025850384e-02 1.908749934795073433e-01
-4.389459565106429428e-02 1.910891671934439318e-01
-4.349929108421129315e-02 1.913037990360180740e-01
-4.310353973352720053e-02 1.915188929713037003e-01
-4.270733576520618913e-02 1.917344529923737106e-01
-4.231067331737594500e-02 1.919504831215956553e-01
-4.191354649966262669e-02 1.921669874109355469e-01
-4.151594939275241036e-02 1.923839699422694172e-01
-4.111787604887533892e-02 1.926014348320367331e-01
-4.071932049481115368e-02 1.928193862481413223e-01
-4.032027672087415415e-02 1.930378283608484569e-01
-3.992073868574386175e-02 1.932567653671033170e-01
-3.952070031721919424e-02 1.934762014965449584e-01
-3.912015551173031458e-02 1.936961410117808424e-01
-3.871909813384779436e-02 1.939165882086719417e-01
-3.831752201578960543e-02 1.941375474166285864e-01
-3.791542095692571057e-02 1.943590229989161366e-01
-3.751278872327964281e-02 1.945810193529717846e-01
-3.710961904702709396e-02 1.948035409107316818e-01
-3.670590562599164441e-02 1.950265921389680857e-01
-3.630164212313681527e-02 1.952501775396375816e-01
-3.589682216605475512e-02 1.954743016502392960e-01
-3.549143934645092313e-02 1.956989690441837682e-01
-3.508548721962533729e-02 1.959241843311722853e-01
-3.467895930464010706e-02 1.961499521614946118e-01
-3.427184908898905924e-02 1.963762772564640879e-01
-3.386415001512135120e-02 1.966031643359179848e-01
-3.345585548513512614e-02 1.968306181468018057e-01
-3.304695886245063302e-02 1.970586434760765726e-01
-3.263745347122336965e-02 1.972872451510332692e-01
-3.222733259575403381e-02 1.975164280396222993e-01
-3.181658947989553926e-02 1.977461970507963240e-01
-3.140521732645633335e-02 1.979765571348681974e-01
-3.099320929660052265e-02 1.982075132838829190e-01
-3.058055850924364105e-02 1.984390705320037696e-01
-3.016725804044421630e-02 1.986712339559129625e-01
-2.975330092279128077e-02 1.989040086752264513e-01
-2.933868014478674402e-02 1.991373998529230027e-01
-2.892338865022297742e-02 1.993714126957875088e-01
-2.850741933755495186e-02 1.996060524548686488e-01
-2.809076505965642928e-02 1.998413244287188806e-01
-2.767341862949221007e-02 2.000772340097367596e-01
-2.725537280598602091e-02 2.003137865895651681e-01
-2.683662029717519965e-02 2.005509875841349765e-01
-2.641715376299952692e-02 2.007888424585166087e-01
-2.599696581458621480e-02 2.010273567272828632e-01
-2.557604901353140864e-02 2.012665359548909128e-01
-2.515439587117706752e-02 2.015063857560845106e-01
-2.473199884788345251e-02 2.017469117963157921e-01
-2.430885035229642804e-02 2.019881197921866711e-01
-2.388494274060994765e-02 2.022300155119101106e-01
-2.346026831582243011e-02 2.024726047757909597e-01
-2.303481932698715415e-02 2.027158934567264426e-01
-2.260858796845668928e-02 2.029598874807263809e-01
-2.218156637912016213e-02 2.032045928274529012e-01
-2.175374664163370192e-02 2.034500155307794600e-01
-2.132512078177528289e-02 2.036961616806316211e-01
-2.089568077381849520e-02 2.039430374838282767e-01
-2.046541852826206168e-02 2.041906491570322502e-01
-2.003432589219981616e-02 2.044390029340831527e-01
-1.960239465303396239e-02 2.046881051092907244e-01
-1.916961653759745657e-02 2.049379620378711242e-01
-1.873598321127078678e-02 2.051885801364100870e-01
-1.830148627709309028e-02 2.054399658833530040e-01
-1.786611727486626944e-02 2.056921258195218427e-01
-1.742986768025233876e-02 2.059450665486590171e-01
-1.699272890386298654e-02 2.061987947379978203e-01
-1.655469229034162854e-02 2.064533171188598359e-01
-1.611574911743654873e-02 2.067086404872788830e-01
-1.567589059506515128e-02 2.069647717046516622e-01
-1.523510786436916425e-02 2.072217176984151588e-01
-1.479339199675949214e-02 2.074794854627502183e-01
-1.435073399296249441e-02 2.077380820594779687e-01
-1.390712478772412539e-02 2.079975147038029826e-01
-1.346255523970322533e-02 2.082577906386328392e-01
-1.301701612850705847e-02 2.085189170965632832e-01
-1.257049815969292494e-02 2.087809013858296370e-01
-1.212299196366691499e-02 2.090437508907925790e-01
-1.167448809457475971e-02 2.093074730724624744e-01
-1.122497702918453556e-02 2.095720754690619803e-01
-1.077444916576094681e-02 2.098375656966262048e-01
-1.032289482292965063e-02 2.101039514496416127e-01
-9.870304238531685606e-03 2.103712405017218734e-01
-9.416667568466806706e-03 2.106394407063224838e-01
-8.961974885525778728e-03 2.109085599974928060e-01
-8.506216178210089518e-03 2.111786063906656574e-01
-8.049381349538826252e-03 2.114495879834846492e-01
-7.591460215842497049e-03 2.117215129566693277e-01
-7.132442505542198503e-03 2.119943895749170915e-01
-6.672317858822530111e-03 2.122682262167379930e-01
-6.211075825144084066e-03 2.125430313440521413e-01
-5.748705860950479966e-03 2.128188134641956775e-01
-5.285197329920143447e-03 2.130955811744045525e-01
-4.820539501643066049e-03 2.133733431628920540e-01
-4.354721550277125715e-03 2.136521082098216395e-01
-3.887732553187282086e-03 2.139318851883206807e-01
-3.419561489567372534e-03 2.142126830655365077e-01
-2.950197239044170631e-03 2.144945109037333375e-01
-2.479628580262081220e-03 2.147773778614308626e-01
-2.007844189448479855e-03 2.150612931945837247e-01
-1.534832638958400809e-03 2.153462662578018716e-01
-1.060582395929800465e-03 2.156323065322880150e-01
-5.850818203882380197e-04 2.159194235893120706e-01
-1.083191638389351396e-04 2.162076270709739623e-01
3.697174319859024912e-04 2.164969267263863739e-01
8.490399367278814603e-04 2.167873324127798096e-01
1.329660433023844516e-03 2.170788540966587798e-01
1.811591118148422018e-03 2.173715018550123612e-01
2.294844305679584820e-03 2.176652858765792675e-01
2.779432427187386243e-03 2.179602164631668226e-01
3.265368033947436271e-03 2.182563040310242508e-01
3.752663798679278795e-03 2.185535591122693688e-01
4.241332517312937714e-03 2.188519923564402614e-01
4.731387111613592593e-03 2.191516145705390273e-01
5.222840629965396116e-03 2.194524366591566189e-01
5.715706248602369678e-03 2.197544696120275753e-01
6.209997274236922320e-03 2.200577245467274234e-01
6.705727146002780047e-03 2.203622127099928996e-01
7.202909437424506733e-03 2.206679454791137529e-01
7.701557858415777197e-03 2.209749343633958252e-01
8.201686257307215164e-03 2.212831910056957396e-01
8.703308622904630532e-03 2.215927271840265611e-01
9.206439086579754072e-03 2.219035548132338442e-01
9.711091924394269284e-03 2.222156859467424583e-01
1.021728155928130523e-02 2.225291327788815055e-01
1.072502256600224059e-02 2.228439077040504368e-01
1.123432966897386885e-02 2.231600232184857702e-01
1.174521774391592242e-02 2.234774919193752429e-01
1.225770182244886007e-02 2.237963265579056837e-01
1.277179709447219709e-02 2.241165400408296482e-01
1.328751891057857945e-02 2.244381454321290048e-01
1.380488278450482317e-02 2.247611559547739168e-01
1.432390439562244468e-02 2.250855849925764984e-01
1.484459959146862754e-02 2.254114460921400609e-01
1.536698439031985303e-02 2.257387529649025060e-01
1.589107498380898723e-02 2.260675194892738382e-01
1.641688773971479789e-02 2.263977597146089871e-01
1.694443921098632080e-02 2.267294879477581293e-01
1.747374612719589104e-02 2.270627185961605621e-01
1.800482539792731818e-02 2.273974661879424042e-01
1.853769412020795856e-02 2.277337454382712956e-01
1.907236958144189684e-02 2.280715712512021154e-01
1.960886926239137698e-02 2.284109587216538173e-01
2.014721084020778055e-02 2.287519231375161055e-01
2.068741219151503524e-02 2.290944799818860067e-01
2.122949139554696288e-02 2.294386449354341440e-01
2.177346673734155066e-02 2.297844338788986585e-01
2.231935671099417873e-02 2.301318628957083612e-01
2.286718002338310532e-02 2.304809482788828245e-01
2.341695560881963331e-02 2.308317066445727261e-01
2.396870261043704264e-02 2.311841547099903194e-01
2.452244038758355157e-02 2.315383093448063756e-01
2.507818852653173614e-02 2.318941876467304763e-01
2.563596684412454418e-02 2.322518069437876087e-01
2.619579539148680913e-02 2.326111847967714252e-01
2.675769445780489322e-02 2.329723390018721696e-01
2.732168457417820731e-02 2.333352875934789072e-01
2.788778651754532725e-02 2.337000488471557835e-01
2.845602131468704873e-02 2.340666412827906717e-01
2.902641024631046063e-02 2.344350836679162386e-01
2.959897485249041518e-02 2.348053950313114258e-01
3.017373695859219829e-02 2.351775948346689071e-01
3.075071863369069000e-02 2.355517026093307542e-01
3.132994220733128360e-02 2.359277380690758819e-01
3.191143028612109661e-02 2.363057212102732674e-01
3.249520575830169150e-02 2.366856723145261132e-01
3.308129179841204359e-02 2.370676119515615632e-01
3.366971187204517713e-02 2.374515609823667217e-01
3.426048974070319136e-02 2.378375405625682837e-01
3.485364946675410108e-02 2.382255721460559417e-01
3.544921541849529317e-02 2.386156774888472387e-01
3.604721227532769329e-02 2.390078786531937005e-01
3.664766503398290270e-02 2.394021980180603970e-01
3.725059902455143263e-02 2.397986583516345804e-01
3.785603989163620342e-02 2.401972826561593333e-01
3.846401360834035554e-02 2.405980942311811976e-01
3.907454648730328967e-02 2.410011167131482224e-01
3.968766518658121967e-02 2.414063740802276092e-01
4.030339671566329079e-02 2.418138906573891744e-01
4.092176844162714183e-02 2.422236911217528765e-01
4.154280809543910852e-02 2.426358005081985514e-01
4.216654377999475012e-02 2.430502442244086847e-01
4.279300398480141016e-02 2.434670481023774868e-01
4.342221756848334280e-02 2.438862382650740235e-01
4.405421377809472933e-02 2.443078412071733041e-01
4.468902225976329606e-02 2.447318838221120008e-01
4.532667306580022426e-02 2.451583934078616911e-01
4.596719666198462173e-02 2.455873976730472419e-01
4.661062393502905105e-02 2.460189247434075022e-01
4.725698620023126295e-02 2.464530031685973621e-01
4.790631521297546852e-02 2.468896619481732724e-01
4.855864318541059516e-02 2.473289305819523776e-01
4.921400275988173367e-02 2.477708388989771637e-01
4.987242703853875941e-02 2.482154171776157492e-01
5.053394959539767722e-02 2.486626961710057260e-01
5.119860448499766875e-02 2.491127071140425975e-01
5.186642625128605466e-02 2.495654817308177453e-01
5.253744993673991476e-02 2.500210522425038162e-01
5.321171109173154778e-02 2.504794513756838370e-01
5.388924579210440519e-02 2.509407124081881046e-01
5.457009065541288534e-02 2.514048692056485845e-01
5.525428280252608210e-02 2.518719560064859309e-01
5.594185990240093526e-02 2.523420075953269892e-01
5.663286018571280639e-02 2.528150593264509305e-01
5.732732245546456884e-02 2.532911471322394914e-01
5.802528609789814329e-02 2.537703075322244040e-01
5.872679109371743006e-02 2.542525776427279616e-01
5.943187802963371957e-02 2.547379951870906711e-01
6.014058812692225225e-02 2.552265985772690926e-01
6.085296325036079756e-02 2.557184269079765260e-01
6.156904585672196006e-02 2.562135196993878816e-01
6.228887906115793821e-02 2.567119171403553501e-01
6.301250665250401894e-02 2.572136601089760610e-01
6.373997310635812208e-02 2.577187901827657779e-01
6.447132359856508343e-02 2.582273496496390597e-01
6.520660401911908266e-02 2.587393815196917801e-01
6.594586098649703187e-02 2.592549295377798990e-01
6.668914189269398163e-02 2.597740383147495447e-01
6.743649489184549983e-02 2.602967532335052070e-01
6.818796884782370171e-02 2.608231202029618889e-01
6.894361342113339286e-02 2.613531859530067170e-01
6.970347908603882758e-02 2.618869980513828799e-01
7.046761714689214751e-02 2.624246049164336569e-01
7.123607975500982625e-02 2.629660558309230844e-01
7.200891992611567483e-02 2.635114009569266003e-01
7.278619155836800469e-02 2.640606913517846155e-01
7.356794951348918921e-02 2.646139792099177490e-01
7.435424955018725413e-02 2.651713175652517518e-01
7.514514827696580634e-02 2.657327600769205378e-01
7.594070327526636355e-02 2.662983614227355522e-01
7.674097311943135769e-02 2.668681773139697788e-01
7.754601739713391784e-02 2.674422645106929175e-01
7.835589673056257698e-02 2.680206808386064732e-01
7.917067279838517491e-02 2.686034852073681534e-01
7.999040835860565801e-02 2.691907376306919009e-01
8.081516730622526068e-02 2.697824993613211486e-01
8.164501463837611772e-02 2.703788327127756297e-01
8.248001647297482919e-02 2.709798010650312228e-01
8.332024011241501160e-02 2.715854690163888030e-01
8.416575407002549469e-02 2.721959024074454558e-01
8.501662809750028249e-02 2.728111683466879489e-01
8.587293321828426418e-02 2.734313352534759600e-01
8.673474178065647411e-02 2.740564729608911954e-01
8.760212740917393270e-02 2.746866524947761401e-01
8.847516508304642535e-02 2.753219462573840981e-01
8.935393118038806315e-02 2.759624280969517618e-01
9.023850351051511398e-02 2.766081733370817086e-01
9.112896134750821109e-02 2.772592588082187226e-01
9.202538548765276660e-02 2.779157629493941295e-01
9.292785827039935775e-02 2.785777657956645115e-01
9.383646354446392723e-02 2.792453488023685093e-01
9.475128678050998010e-02 2.799185951096051506e-01
9.567241511210847205e-02 2.805975895844368684e-01
9.659993737550957860e-02 2.812824188573128104e-01
9.753394415190404232e-02 2.819731713636144943e-01
9.847452787113605832e-02 2.826699375593028640e-01
9.942178272809210071e-02 2.833728095929767266e-01
1.003758047548433396e-01 2.840818814319936436e-01
1.013366919274350797e-01 2.847972490801470857e-01
1.023045442131038235e-01 2.855190106194559485e-01
1.032794636196307791e-01 2.862472662555509140e-01
1.042615542663871825e-01 2.869821184202898112e-01
1.052509224952813682e-01 2.877236719786229746e-01
1.062476766972479114e-01 2.884720336540448904e-01
1.072519275210770534e-01 2.892273125077630680e-01
1.082637879601115877e-01 2.899896200707740013e-01
1.092833734110481431e-01 2.907590703957340095e-01
1.103108017356179693e-01 2.915357801136619909e-01
1.113461934003789622e-01 2.923198686927320211e-01
1.123896714648812134e-01 2.931114582906392263e-01
1.134413614866120884e-01 2.939106733963879337e-01
1.145013917963488143e-01 2.947176414387613907e-01
1.155698935731500204e-01 2.955324928579652899e-01
1.166470009188910889e-01 2.963553611725036618e-01
1.177328509431248837e-01 2.971863830686908847e-01
1.188275840407156808e-01 2.980256989693381153e-01
1.199313435276932599e-01 2.988734519804275847e-01
1.210442758779601419e-01 2.997297883647966343e-01
1.221665309742054339e-01 3.005948580319719454e-01
1.232982621971715625e-01 3.014688146133491786e-01
1.244396265201690305e-01 3.023518155462954216e-01
1.255907846326551891e-01 3.032440222242500094e-01
1.267519010851413941e-01 3.041456001913580565e-01
1.279231441911230505e-01 3.050567187493670174e-01
1.291046862943909801e-01 3.059775514438782817e-01
1.302967039094612145e-01 3.069082762327619007e-01
1.314993778674515834e-01 3.078490756599825962e-01
1.327128934664463800e-01 3.088001370323174011e-01
1.339374404417204012e-01 3.097616521717816429e-01
1.351732132571843159e-01 3.107338179141411749e-01
1.364204112661797363e-01 3.117168362896574618e-01
1.376792388926211530e-01 3.127109147421976432e-01
1.389499058102768303e-01 3.137162663348980751e-01
1.402326268871914861e-01 3.147331094199356527e-01
1.415276225623816608e-01 3.157616682829462729e-01
1.428351190413743865e-01 3.168021733614035940e-01
1.441553485246996336e-01 3.178548615263774857e-01
1.454885494220717612e-01 3.189199763213929062e-01
1.468349662524935373e-01 3.199977675067562366e-01
1.481948501421310183e-01 3.210884919131284376e-01
1.495684590639890510e-01 3.221924137075925509e-01
1.509560581316626848e-01 3.233098047644663020e-01
1.523579198545154390e-01 3.244409449392620659e-01
1.537743239589957067e-01 3.255861214126006820e-01
1.552055580657399070e-01 3.267456298560698080e-01
1.566519179855279109e-01 3.279197747585262945e-01
1.581137080914387649e-01 3.291088698977006066e-01
1.595912416184457339e-01 3.303132386433505485e-01
1.610848404253284460e-01 3.315332131411523608e-01
1.625948358670089022e-01 3.327691357940765760e-01
1.641215691607463834e-01 3.340213596617150893e-01
1.656653918902758760e-01 3.352902491227965909e-01
1.672266663560589284e-01 3.365761802031687622e-01
1.688057651321236974e-01 3.378795393019009552e-01
1.704030723311234785e-01 3.392007253567362879e-01
1.720189840650839241e-01 3.405401503432114452e-01
1.736539089472542152e-01 3.418982398350818297e-01
1.753082685338664681e-01 3.432754334253770856e-01
1.769824974660000882e-01 3.446721845461652722e-01
1.786770443744262193e-01 3.460889617683847730e-01
1.803923725593861715e-01 3.475262496223564535e-01
1.821289603584138883e-01 3.489845487901284127e-01
1.838873017487601680e-01 3.504643767346275474e-01
1.856679072808294917e-01 3.519662689319141280e-01
1.874713049315054891e-01 3.534907799085960645e-01
1.892980403150656132e-01 3.550384830366417610e-01
1.911486777633537859e-01 3.566099719515188893e-01
1.930238013709571765e-01 3.582058618555175600e-01
1.949240159692263163e-01 3.598267906432967012e-01
1.968499473131395394e-01 3.614734185409650968e-01
1.988022436890533318e-01 3.631464303461813259e-01
2.007815771756363832e-01 3.648465369620298437e-01
2.027886445481521527e-01 3.665744762319463335e-01
2.048241677349308676e-01 3.683310129366663133e-01
2.068888959540499117e-01 3.701169417901943315e-01
2.089836073369120417e-01 3.719330894227463324e-01
2.111091094505718468e-01 3.737803143449325849e-01
2.132662406504540753e-01 3.756595083676326774e-01
2.154558725331945923e-01 3.775715998978993460e-01
2.176789121821379180e-01 3.795175567637208425e-01
2.199363017660905806e-01 3.814983843520659001e-01
2.222290216134375496e-01 3.835151297914303203e-01
2.245580929156833772e-01 3.855688853610932942e-01
2.269245798394015912e-01 3.876607907755973970e-01
2.293295907718408133e-01 3.897920339160739212e-01
2.317742816069697787e-01 3.919638549781331860e-01
2.342598583235316057e-01 3.941775492911340217e-01
2.367875792468209228e-01 3.964344695099059623e-01
2.393587589910055324e-01 3.987360305262783178e-01
2.419747711810594504e-01 4.010837121962008145e-01
2.446370515909185583e-01 4.034790626561835514e-01
2.473471030464795273e-01 4.059237044207810730e-01
2.501064982423636396e-01 4.084193368747517372e-01
2.529168842895402891e-01 4.109677414850503308e-01
2.557799887206272937e-01 4.135707891960471727e-01
2.586976222606959808e-01 4.162304423815282872e-01
2.616716855893086446e-01 4.189487631068192219e-01
2.647041762616939575e-01 4.217279213784045355e-01
2.677971920599370725e-01 4.245701974665064271e-01
2.709529404241147743e-01 4.274779937247581429e-01
2.741737461706866275e-01 4.304538433476828296e-01
2.774620556779312519e-01 4.335004133223714917e-01
2.808204498508689584e-01 4.366205209117640651e-01
2.842516528495671602e-01 4.398171430702660367e-01
2.877585408864046235e-01 4.430934256549991512e-01
2.913441549200824210e-01 4.464526983018636264e-01
2.950117116184779453e-01 4.498984861896431209e-01
2.987646187669639186e-01 4.534345281659001858e-01
3.026064876448319452e-01 4.570647897230400436e-01
3.065411520940150014e-01 4.607934856081956077e-01
3.105726831538224153e-01 4.646250950950459591e-01
3.147054119162845942e-01 4.685643889960582897e-01
3.189439481840222190e-01 4.726164496173181906e-01
3.232932066307774854e-01 4.767867011364615437e-01
3.277584320472237689e-01 4.810809376957111416e-01
3.323452282909875599e-01 4.855053560227864384e-01
3.370595930226522596e-01 4.900665954468442220e-01
3.419079491336866616e-01 4.947717718939880771e-01
3.468971915460914990e-01 4.996285329509856932e-01
3.520347283212207912e-01 5.046451030984924202e-01
3.573285318191964932e-01 5.098303418774328133e-01
3.627871960124721684e-01 5.151938090149559279e-01
3.684200005604587047e-01 5.207458371196340696e-01
3.742369830287388677e-01 5.264976136221035663e-01
3.802490201906998379e-01 5.324612729471671635e-01
3.864679239438846281e-01 5.386500062659930199e-01
3.929065361806886592e-01 5.450781664983961328e-01
3.995788693434764727e-01 5.517614332088438545e-01
4.065002304706182845e-01 5.587169499331042788e-01
4.136873838516658686e-01 5.659635101790606582e-01
4.211587368682147559e-01 5.735217694746294059e-01
4.289345523831151752e-01 5.814144871141769810e-01
4.370371941292458540e-01 5.896668052750748679e-01
4.454914449691909084e-01 5.983066177635772975e-01
4.543247971034632959e-01 6.073648904893171885e-01
4.635678951265443382e-01 6.168761758167917719e-01
4.732550078052035758e-01 6.268791500376716952e-01
4.834245560273391362e-01 6.374172092356544805e-01
