-7.999055911288052156e-01 1.229004804208568523e-02
-7.879314100952101718e-01 1.377047365636708230e-02
-7.764463074902019368e-01 1.521001319000446668e-02
-7.654174919900046392e-01 1.661106364229467808e-02
-7.548151530268774057e-01 1.797581553017144063e-02
-7.446121297959591434e-01 1.930627582222827626e-02
-7.347836273814133401e-01 2.060428799500218025e-02
-7.253069743435616168e-01 2.187154973825077009e-02
-7.161613516479019559e-01 2.310962666021243103e-02
-7.073276370088233955e-01 2.431996652247446142e-02
-6.987882295593228488e-01 2.550391078199312073e-02
-6.905268871133846131e-01 2.666270439507153339e-02
-6.825285975023900331e-01 2.779750494446405970e-02
-6.747794617133474615e-01 2.890939063975087042e-02
-6.672665906735042451e-01 2.999936744857488458e-02
-6.599780044392606904e-01 3.106837503150061686e-02
-6.529025631601081958e-01 3.211729296074117973e-02
-6.460298953673139222e-01 3.314694592579058019e-02
-6.393503132438337344e-01 3.415810733363027624e-02
-6.328547713197024693e-01 3.515150424547840158e-02
-6.265348049995038693e-01 3.612782062672988820e-02
-6.203824867321174885e-01 3.708770087129525939e-02
-6.143903825858484380e-01 3.803175279484725946e-02
-6.085515122914175734e-01 3.896055029893351340e-02
-6.028593155180735907e-01 3.987463594016713020e-02
-5.973076186705943424e-01 4.077452310695001136e-02
-5.918906061473920843e-01 4.166069808866552232e-02
-5.866027944396445815e-01 4.253362198599466154e-02
-5.814390119280834490e-01 4.339373271764251916e-02
-5.763943679930021435e-01 4.424144595045743922e-02
-5.714642397765651305e-01 4.507715702933205032e-02
-5.666442545416608967e-01 4.590124238260986922e-02
-5.619302658396930772e-01 4.671406018884460137e-02
-5.573183463502483503e-01 4.751595216189958421e-02
-5.528047689379026464e-01 4.830724421591930939e-02
-5.483859932315485741e-01 4.908824738374192170e-02
-5.440586574768180306e-01 4.985925904802400443e-02
-5.398195626510428058e-01 5.062056334356005577e-02
-5.356656652702231902e-01 5.137243219102036185e-02
-5.315940678708387379e-01 5.211512601155976476e-02
-5.276020076333968190e-01 5.284889413433679906e-02
-5.236868514754281501e-01 5.357397572104910521e-02
-5.198460864476870391e-01 5.429060013786624755e-02
-5.160773128215896399e-01 5.499898749189772312e-02
-5.123782388558449918e-01 5.569934926232179839e-02
-5.087466722975763078e-01 5.639188850313772011e-02
-5.051805173249527270e-01 5.707680055237671773e-02
-5.016777698892984638e-01 5.775427351845477397e-02
-4.982365096272733940e-01 5.842448830516411284e-02
-4.948548949049590417e-01 5.908761890736495548e-02
-4.915311624953226932e-01 5.974383320672084496e-02
-4.882636219722344961e-01 6.039329311033276443e-02
-4.850506490425129935e-01 6.103615448420773859e-02
-4.818906855372004916e-01 6.167256785368857575e-02
-4.787822358826583358e-01 6.230267864619642298e-02
-4.757238619590895556e-01 6.292662717572432285e-02
-4.727141807703027498e-01 6.354454893944740113e-02
-4.697518632178531717e-01 6.415657503556668195e-02
-4.668356306865423799e-01 6.476283226216504596e-02
-4.639642511471586683e-01 6.536344310442381011e-02
-4.611365389253101466e-01 6.595852619629140323e-02
-4.583513522326399525e-01 6.654819645469121914e-02
-4.556075899784329808e-01 6.713256507618432789e-02
-4.529041905161920734e-01 6.771173978204850230e-02
-4.502401303880929073e-01 6.828582504717969903e-02
-4.476144221288770875e-01 6.885492216841522517e-02
-4.450261119784185704e-01 6.941912929050357561e-02
-4.424742794910072052e-01 6.997854170271380903e-02
-4.399580358142546332e-01 7.053325191742451650e-02
-4.374765213435867217e-01 7.108334962523722711e-02
-4.350289054907208741e-01 7.162892196798964495e-02
-4.326143856781839436e-01 7.217005367995001086e-02
-4.302321861875016973e-01 7.270682719150893536e-02
-4.278815563134124589e-01 7.323932259938827072e-02
-4.255617677485180606e-01 7.376761747968686722e-02
-4.232721165978924338e-01 7.429178747970702212e-02
-4.210119215277889348e-01 7.481190624939329514e-02
-4.187805229214918157e-01 7.532804553003272230e-02
-4.165772806507869186e-01 7.584027498015116775e-02
-4.144015741836706290e-01 7.634866240292532968e-02
-4.122528024651765377e-01 7.685327393294121012e-02
-4.101303828587907763e-01 7.735417404445782408e-02
-4.080337502581867781e-01 7.785142557852869905e-02
-4.059623553454466682e-01 7.834508959398443773e-02
-4.039156655102555393e-01 7.883522571510953592e-02
-4.018931639084450391e-01 7.932189212437618098e-02
-3.998943488762499165e-01 7.980514561400414708e-02
-3.979187327794019846e-01 8.028504151599109850e-02
-3.959658415892677308e-01 8.076163376546657835e-02
-3.940352150402911535e-01 8.123497507848609356e-02
-3.921264058835847721e-01 8.170511694376760004e-02
-3.902389793998555234e-01 8.217210965937081502e-02
-3.883725123419125569e-01 8.263600224175039755e-02
-3.865265932331141685e-01 8.309684261249263015e-02
-3.847008219091033743e-01 8.355467762482303440e-02
-3.828948090914190416e-01 8.400955309120816672e-02
-3.811081757980830931e-01 8.446151376934199484e-02
-3.793405528134058402e-01 8.491060335372019319e-02
-3.775915808762783099e-01 8.535686462273926745e-02
-3.758609101721258061e-01 8.580033942949909231e-02
-3.741482000180861855e-01 8.624106873053491440e-02
-3.724531180716029177e-01 8.667909249958888340e-02
-3.707753406040319999e-01 8.711444988118829946e-02
-3.691145522805555634e-01 8.754717923092224241e-02
-3.674704458167373233e-01 8.797731812338749346e-02
-3.658427217716625490e-01 8.840490338868518816e-02
-3.642310883180580050e-01 8.882997114066941424e-02
-3.626352598829344909e-01 8.925255652426182518e-02
-3.610549579495121453e-01 8.967269398141114456e-02
-3.594899111338449305e-01 9.009041734617802277e-02
-3.579398546643330348e-01 9.050575979000304028e-02
-3.564045302118158398e-01 9.091875384952399775e-02
-3.548836857219025420e-01 9.132943145280141006e-02
-3.533770745523309165e-01 9.173782376298370012e-02
-3.518844557847299326e-01 9.214396131794853895e-02
-3.504055944023307112e-01 9.254787413885839920e-02
-3.489402608788191307e-01 9.294959168437667840e-02
-3.474882310412468756e-01 9.334914287304783842e-02
-3.460492859412689359e-01 9.374655610617912971e-02
-3.446232112392217384e-01 9.414185915600045695e-02
-3.432097972804946662e-01 9.453507923622959941e-02
-3.418088393602822239e-01 9.492624312608206882e-02
-3.404201373612955051e-01 9.531537712242493798e-02
-3.390434956406475631e-01 9.570250705742004704e-02
-3.376787229243519151e-01 9.608765831688287351e-02
-3.363256319110211057e-01 9.647085577388023192e-02
-3.349840391850675281e-01 9.685212380646913977e-02
-3.336537654886725934e-01 9.723148641887706389e-02
-3.323346354254886892e-01 9.760896719960032719e-02
-3.310264773672401128e-01 9.798458933557681327e-02
-3.297291233661472920e-01 9.835837562689546398e-02
-3.284424088941361730e-01 9.873034844831206358e-02
-3.271661726839861783e-01 9.910052973812434607e-02
-3.259002569810929839e-01 9.946894111024850993e-02
-3.246445073045041707e-01 9.983560381894746039e-02
-3.233987723680409876e-01 1.002005387699295980e-01
-3.221629040074209249e-01 1.005637665323010910e-01
-3.209367570028966443e-01 1.009253073167250547e-01
-3.197201888996963337e-01 1.012851809504884265e-01
-3.185130602245088705e-01 1.016434069765198983e-01
-3.173152342971371498e-01 1.020000046253626835e-01
-3.161265771619684584e-01 1.023549928233851020e-01
-3.149469575269267518e-01 1.027083902025399814e-01
-3.137762466093360625e-01 1.030602150787617577e-01
-3.126143179372872227e-01 1.034104854135478591e-01
-3.114610476525884741e-01 1.037592189399035719e-01
-3.103163143096447363e-01 1.041064331235026647e-01
-3.091799988151942014e-01 1.044521451686687141e-01
-3.080519843811470038e-01 1.047963720280263994e-01
-3.069321564804929348e-01 1.051391304126005483e-01
-3.058204028062704305e-01 1.054804368024074152e-01
-3.047166130759318969e-01 1.058203074028373075e-01
-3.036206785331457825e-01 1.061587579925297592e-01
-3.025324927802039432e-01 1.064958042326053927e-01
-3.014519514354623286e-01 1.068314615713923388e-01
-3.003789520451351502e-01 1.071657452350844864e-01
-2.993133940448045038e-01 1.074986702350514689e-01
-2.982551787231516038e-01 1.078302513754558351e-01
-2.972042091879021353e-01 1.081605032612111411e-01
-2.961603902671434696e-01 1.084894402818290526e-01
-2.951236281267828887e-01 1.088170764892388842e-01
-2.940938307907199345e-01 1.091434258051589556e-01
-2.930709079639963743e-01 1.094685019756488908e-01
-2.920547709488024446e-01 1.097923185580751415e-01
-2.910453326135301610e-01 1.101148889269811804e-01
-2.900425073634911310e-01 1.104362262801928118e-01
-2.890462111132969802e-01 1.107563436451827338e-01
-2.880563612305177545e-01 1.110752538740058665e-01
-2.870728762202872097e-01 1.113929695369417078e-01
-2.860956760869666216e-01 1.117095030759443358e-01
-2.851246822523677560e-01 1.120248667891804023e-01
-2.841598174701123747e-01 1.123390728128922794e-01
-2.832010058002082942e-01 1.126521331260056519e-01
-2.822481725848656198e-01 1.129640595549032400e-01
-2.813012444255520439e-01 1.132748637783833057e-01
-2.803601491507362042e-01 1.135845573285505783e-01
-2.794248155922511301e-01 1.138931515132661082e-01
-2.784951737905764224e-01 1.142006575112148176e-01
-2.775711549839846026e-01 1.145070863808794193e-01
-2.766526915295567379e-01 1.148124490411192994e-01
-2.757397168822639522e-01 1.151167562748602602e-01
-2.748321655749910719e-01 1.154200187329060684e-01
-2.739299731994990217e-01 1.157222469378865609e-01
-2.730330763856788079e-01 1.160234512872334034e-01
-2.721414126474123174e-01 1.163236419988635389e-01
-2.712549204843315298e-01 1.166228291646099480e-01
-2.703735394146196680e-01 1.169210227753872539e-01
-2.694972099027537760e-01 1.172182327011912772e-01
-2.686258733422323131e-01 1.175144686941014399e-01
-2.677594720390279459e-01 1.178097403913746649e-01
-2.668979491957616523e-01 1.181040573186427356e-01
-2.660412488963967981e-01 1.183974288931346208e-01
-2.651893160031252306e-01 1.186898643873991605e-01
-2.643420961895132648e-01 1.189813729528234332e-01
-2.634995360006686660e-01 1.192719636559124996e-01
-2.626615827868371000e-01 1.195616454579057908e-01
-2.618281846890349596e-01 1.198504272172303403e-01
-2.609992906252422973e-01 1.201383176920230028e-01
-2.601748502771568106e-01 1.204253255427292363e-01
-2.593548140775023825e-01 1.207114593347879544e-01
-2.585391331198440557e-01 1.209967275048826757e-01
-2.577277591616918273e-01 1.212811383697277728e-01
-2.569206447402629934e-01 1.215647001882329270e-01
-2.561177430850588022e-01 1.218474211288225612e-01
-2.553190081063476669e-01 1.221293092717401080e-01
-2.545243943844291423e-01 1.224103726115759183e-01
-2.537338571593878989e-01 1.226906190598929247e-01
-2.529473523213385255e-01 1.229700564479572489e-01
-2.521648364011543353e-01 1.232486925295811775e-01
-2.513862665616811709e-01 1.235265349840858340e-01
-2.506116005883394782e-01 1.238035914188508474e-01
-2.498407966430481464e-01 1.240798692542007253e-01
-2.490738134414759719e-01 1.243553758157814187e-01
-2.483106104103619816e-01 1.246301184197507739e-01
-2.475511475390767546e-01 1.249041043062157491e-01
-2.467953853706762457e-01 1.251773406410960354e-01
-2.460432849933099353e-01 1.254498345180511121e-01
-2.452948080319841961e-01 1.257215929604749427e-01
-2.445499166406764069e-01 1.259926229235656392e-01
-2.438085734947995631e-01 1.262629312964730355e-01
-2.430707417840151652e-01 1.265325249045308464e-01
-2.423363851998374952e-01 1.268014105086721632e-01
-2.416054677545168006e-01 1.270695947159301009e-01
-2.408779539721316032e-01 1.273370840837943219e-01
-2.401538089123770592e-01 1.276038851387797102e-01
-2.394329980972642047e-01 1.278700043435569145e-01
-2.387154875040462809e-01 1.281354480984649435e-01
-2.380012435584110964e-01 1.284002227430723897e-01
-2.372902331279354293e-01 1.286643345577923037e-01
-2.365824235158019706e-01 1.289277897655535798e-01
-2.358777824547774737e-01 1.291905945335335704e-01
-2.351762781014484494e-01 1.294527549749551198e-01
-2.344778790191274775e-01 1.297142771445408960e-01
-2.337825540364802668e-01 1.299751669646120322e-01
-2.330902724346656518e-01 1.302354303324096685e-01
-2.324010039181438891e-01 1.304950731090663563e-01
-2.317147185739421578e-01 1.307541011016029875e-01
-2.310313868659413794e-01 1.310125200641258092e-01
-2.303509796293571610e-01 1.312703356990591874e-01
-2.296734680654174132e-01 1.315275536584168958e-01
-2.289988237362332590e-01 1.317841795451142606e-01
-2.283270185598624824e-01 1.320402189143247973e-01
-2.276580248055662392e-01 1.322956772748833387e-01
-2.269918150734434592e-01 1.325505600815063412e-01
-2.263283622031188047e-01 1.328048726850541150e-01
-2.256676394187945023e-01 1.330586204206183898e-01
-2.250096202836598391e-01 1.333118085851478507e-01
-2.243542786798249367e-01 1.335644424295105714e-01
-2.237015888036793798e-01 1.338165271594585204e-01
-2.230515251614005601e-01 1.340680679366193506e-01
-2.224040625646079572e-01 1.343190698795161953e-01
-2.217591761261637207e-01 1.345695380646186323e-01
-2.211168412561199947e-01 1.348194775274262347e-01
-2.204770336578090739e-01 1.350688932635875361e-01
-2.198397293053695745e-01 1.353177902185410952e-01
-2.192049043909560513e-01 1.355661732580292211e-01
-2.185725354285911748e-01 1.358140472350368722e-01
-2.179425992098087683e-01 1.360614169660354367e-01
-2.173150727938514271e-01 1.363082872281417279e-01
-2.166899335038839636e-01 1.365546627599117380e-01
-2.160671589233217060e-01 1.368005482621532654e-01
-2.154467268922685141e-01 1.370459483987625793e-01
-2.148286155040696477e-01 1.372908677975829828e-01
-2.142128031019737699e-01 1.375353110512898547e-01
-2.135992682759062233e-01 1.377792827183023927e-01
-2.129879898382807946e-01 1.380227873100683955e-01
-2.123789467992887037e-01 1.382658292775896247e-01
-2.117721184374111165e-01 1.385084130597928898e-01
-2.111674842621664994e-01 1.387505430623800495e-01
-2.105650240091090919e-01 1.389922236573097603e-01
-2.099647176367108459e-01 1.392334591834503699e-01
-2.093665453233294615e-01 1.394742539472489384e-01
-2.087704874642632713e-01 1.397146122234166621e-01
-2.081765246688927762e-01 1.399545382556323381e-01
-2.075846377579071145e-01 1.401940362572658694e-01
-2.069948077606163506e-01 1.404331104121211149e-01
-2.064070158789811094e-01 1.406717648524616338e-01
-2.058212434891349973e-01 1.409100036620494767e-01
-2.052374722048625200e-01 1.411478309218308080e-01
-2.046556838356135000e-01 1.413852506839593515e-01
-2.040758603836238250e-01 1.416222669721892702e-01
-2.034979840414848917e-01 1.418588837825408566e-01
-2.029220371897889064e-01 1.420951050839868723e-01
-2.023480023948489026e-01 1.423309348191597046e-01
-2.017758624064923678e-01 1.425663769050814211e-01
-2.012056001559299756e-01 1.428014352339170567e-01
-2.006371987536959001e-01 1.430361136737523797e-01
-2.000706414876614880e-01 1.432704160693981099e-01
-1.995059118211210958e-01 1.435043462432201988e-01
-1.989429933909485082e-01 1.437379079959985595e-01
-1.983818699973772248e-01 1.439711051016829835e-01
-1.978225254744828687e-01 1.442039412150029343e-01
-1.972649438737532901e-01 1.444364200058126380e-01
-1.967091094460937939e-01 1.446685451487677299e-01
-1.961550065996409131e-01 1.449003202948007663e-01
-1.956026198977862396e-01 1.451317490716209635e-01
-1.950519340572533789e-01 1.453628350842278150e-01
-1.945029339462290841e-01 1.455935819154386135e-01
-1.939556045825480690e-01 1.458239931264313505e-01
-1.934099311319300296e-01 1.460540722573032413e-01
-1.928658989062704832e-01 1.462838228276459041e-01
-1.923234933619827058e-01 1.465132483371379135e-01
-1.917827000983919616e-01 1.467423522661558954e-01
-1.912435048561812734e-01 1.469711380764039121e-01
-1.907058935158873203e-01 1.471996092115633870e-01
-1.901698520663878400e-01 1.474277690746587377e-01
-1.896353665623972951e-01 1.476556209962373301e-01
-1.891024232538201233e-01 1.478831683360865290e-01
-1.885710085245768663e-01 1.481104144379490062e-01
-1.880411088863766789e-01 1.483373626263505274e-01
-1.875127109771630440e-01 1.485640162070118453e-01
-1.869858015595980139e-01 1.487903784672716390e-01
-1.864603675195861954e-01 1.490164526765206110e-01
-1.859363958648394821e-01 1.492422420866464650e-01
-1.854138737234781176e-01 1.494677499324927883e-01
-1.848927883426732255e-01 1.496929794323289820e-01
-1.843731270873260053e-01 1.499179337883348728e-01
-1.838548774387850915e-01 1.501426161870990095e-01
-1.833380269936025764e-01 1.503670298001312799e-01
-1.828225634617867690e-01 1.505911777839465948e-01
-1.823084746107795084e-01 1.508150632352218690e-01
-1.817957483196963320e-01 1.510386892363742573e-01
-1.812843726050592519e-01 1.512620588785179299e-01
-1.807743355891290871e-01 1.514851752368832905e-01
-1.802656254986248763e-01 1.517080413711430487e-01
-1.797582306634735727e-01 1.519306603257450927e-01
-1.792521395155891040e-01 1.521530351302532169e-01
-1.787473405876795485e-01 1.523751687996959536e-01
-1.782438225120849262e-01 1.525970643349240097e-01
-1.777415740196415794e-01 1.528187247229765289e-01
-1.772405839385763626e-01 1.530401529374570135e-01
-1.767408411934282553e-01 1.532613519389189050e-01
-1.762423348039977300e-01 1.534823246752615167e-01
-1.757450538843245147e-01 1.537030740821363761e-01
-1.752489876335792118e-01 1.539236030762395901e-01
-1.747541252991534899e-01 1.541439145238859831e-01
-1.742604562468992313e-01 1.543640113036737760e-01
-1.737679699370303643e-01 1.545838962868190947e-01
-1.732766559166143139e-01 1.548035723317782442e-01
-1.727865038185339708e-01 1.550230422845154388e-01
-1.722975033604716988e-01 1.552423089787759169e-01
-1.718096443439154353e-01 1.554613752363647183e-01
-1.713229166531856917e-01 1.556802438674316502e-01
-1.708373102544852862e-01 1.558989176707623048e-01
-1.703528151949689484e-01 1.561173994340762372e-01
-1.698694216018348246e-01 1.563356919343317775e-01
-1.693871196814367153e-01 1.565537979380383360e-01
-1.689058997184166022e-01 1.567717202015763978e-01
-1.684257520748585202e-01 1.569894614715251213e-01
-1.679466671713145398e-01 1.572070244680117135e-01
-1.674686354903625607e-01 1.574244118887978827e-01
-1.669916476081380330e-01 1.576416264398641520e-01
-1.665156941734126650e-01 1.578586708170320041e-01
-1.660407659066107655e-01 1.580755477060747927e-01
-1.655668535989618662e-01 1.582922597829462263e-01
-1.650939481116711349e-01 1.585088097140127106e-01
-1.646220403751056938e-01 1.587252001562904635e-01
-1.641511213879971731e-01 1.589414337576874059e-01
-1.636811822166613639e-01 1.591575131572497415e-01
-1.632122139942327743e-01 1.593734409854142553e-01
-1.627442079199159508e-01 1.595892198642658855e-01
-1.622771552582520649e-01 1.598048524078010402e-01
-1.618110473384012094e-01 1.600203412221968546e-01
-1.613458755518449861e-01 1.602356889045021549e-01
-1.608816313306802859e-01 1.604508980219230552e-01
-1.604183061783953923e-01 1.606659711431299986e-01
-1.599558916653845420e-01 1.608809108348855377e-01
-1.594943794219772226e-01 1.610957196560587334e-01
-1.590337611377252991e-01 1.613104001578168634e-01
-1.585740285607017130e-01 1.615249548838210147e-01
-1.581151734968117839e-01 1.617393863704246204e-01
-1.576571878091185264e-01 1.619536971468750475e-01
-1.572000634171779043e-01 1.621678897355200433e-01
-1.567437922963887953e-01 1.623819666520166516e-01
-1.562883664773536130e-01 1.625959304055453469e-01
-1.558337780452510035e-01 1.628097834990277493e-01
-1.553800191392215868e-01 1.630235284293489184e-01
-1.549270819517642173e-01 1.632371676875841171e-01
-1.544749587190231699e-01 1.634507037495795123e-01
-1.540236417110175393e-01 1.636641390662174067e-01
-1.535731232681100400e-01 1.638774761027673721e-01
-1.531233957821619140e-01 1.640907173199521729e-01
-1.526744516947811103e-01 1.643038651729119559e-01
-1.522262834967520184e-01 1.645169221114041180e-01
-1.517788837274752223e-01 1.647298905800080038e-01
-1.513322449744176623e-01 1.649427730183336549e-01
-1.508863598725737887e-01 1.651555718612347234e-01
-1.504412211039359293e-01 1.653682895390263530e-01
-1.499968213969753716e-01 1.655809284777076396e-01
-1.495531535261332423e-01 1.657934910991889776e-01
-1.491102103113208788e-01 1.660059798215246796e-01
-1.486679846174307207e-01 1.662183970591503135e-01
-1.482264693538559441e-01 1.664307452231257867e-01
-1.477856574740202267e-01 1.666430267213838967e-01
-1.473455419749163386e-01 1.668552439589844338e-01
-1.469061158966540881e-01 1.670673993383740008e-01
-1.464673723220179802e-01 1.672794952596519114e-01
-1.460293043759965381e-01 1.674915341208003117e-01
-1.455919051822296140e-01 1.677035182682835857e-01
-1.451551678991804817e-01 1.679154500385952042e-01
-1.447190857580668011e-01 1.681273318029157249e-01
-1.442836520289817182e-01 1.683391659291262887e-01
-1.438488600204226586e-01 1.685509547819713239e-01
-1.434147030788273935e-01 1.687627007232244680e-01
-1.429811745881176821e-01 1.689744061118567120e-01
-1.425482679692498256e-01 1.691860733042084841e-01
-1.421159766797728541e-01 1.693977046541638998e-01
-1.416842942133931527e-01 1.696093025133290633e-01
-1.412532140995466368e-01 1.698208692312133117e-01
-1.408227299029772561e-01 1.700324071554139282e-01
-1.403928352233224097e-01 1.702439186318048248e-01
-1.399635236947057992e-01 1.704554060047282493e-01
-1.395347889853356393e-01 1.706668716171907962e-01
-1.391066247971104175e-01 1.708783178110631906e-01
-1.386790248652306212e-01 1.710897469272838478e-01
-1.382519829578165715e-01 1.713011613060668181e-01
-1.378254928755332787e-01 1.715125632871136174e-01
-1.373995484486281171e-01 1.717239552065892849e-01
-1.369741435049495193e-01 1.719353393575847599e-01
-1.365492719206614913e-01 1.721467180537941677e-01
-1.361249276118250418e-01 1.723580936199825830e-01
-1.357011045242169367e-01 1.725694683799483820e-01
-1.352777966329420378e-01 1.727808446566697909e-01
-1.348549979420509970e-01 1.729922247724536288e-01
-1.344327024841631968e-01 1.732036110490861591e-01
-1.340109043200940486e-01 1.734150058079865497e-01
-1.335895975384886469e-01 1.736264113703625822e-01
-1.331687762554588095e-01 1.738378300573690527e-01
-1.327484346142256133e-01 1.740492641902689763e-01
-1.323285667847673985e-01 1.742607160905968455e-01
-1.319091669634707975e-01 1.744721880803257741e-01
-1.314902293727881200e-01 1.746836824820361955e-01
-1.310717482608982631e-01 1.748952016190886416e-01
-1.306537179013721739e-01 1.751067478157988244e-01
-1.302361325928433622e-01 1.753183233976159661e-01
-1.298189866586819952e-01 1.755299306913042645e-01
-1.294022744466738761e-01 1.757415720251278568e-01
-1.289859903223015136e-01 1.759532497203061818e-01
-1.285701286549561229e-01 1.761649660725481958e-01
-1.281546838548567879e-01 1.763767234028751629e-01
-1.277396503567340136e-01 1.765885240362072839e-01
-1.273250226174947874e-01 1.768003702987794856e-01
-1.269107951158949255e-01 1.770122645182797827e-01
-1.264969623522141928e-01 1.772242090239896928e-01
-1.260835188479361435e-01 1.774362061469261231e-01
-1.256704591454303466e-01 1.776482582199856997e-01
-1.252577778076384152e-01 1.778603675780908999e-01
-1.248454694177634217e-01 1.780725365583381015e-01
-1.244335285789621021e-01 1.782847675001482390e-01
-1.240219499140411963e-01 1.784970627454188774e-01
-1.236107280651558976e-01 1.787094246386791985e-01
-1.231998576935121742e-01 1.789218555272468203e-01
-1.227893334790717272e-01 1.791343577613873916e-01
-1.223791501202598081e-01 1.793469336944760184e-01
-1.219693023336767129e-01 1.795595856831616322e-01
-1.215597848538111370e-01 1.797723160875334680e-01
-1.211505924327571232e-01 1.799851272712903738e-01
-1.207417198291945160e-01 1.801980215858856316e-01
-1.203331618126761565e-01 1.804110013771789145e-01
-1.199249131810386920e-01 1.806240690120335113e-01
-1.195169687481650311e-01 1.808372268607841005e-01
-1.191093233436428533e-01 1.810504772972926502e-01
-1.187019718124746881e-01 1.812638226990788970e-01
-1.182949090147898258e-01 1.814772654474519353e-01
-1.178881298255590737e-01 1.816908079276431665e-01
-1.174816291343113855e-01 1.819044525289408853e-01
-1.170754018448524059e-01 1.821182016448262275e-01
-1.166694428749858042e-01 1.823320576731108367e-01
-1.162637471562356500e-01 1.825460230160759201e-01
-1.158583096335721319e-01 1.827601000806128029e-01
-1.154531252651381096e-01 1.829742912783655362e-01
-1.150481890219781783e-01 1.831885990258747821e-01
-1.146434958877695642e-01 1.834030257447236412e-01
-1.142390408585543943e-01 1.836175738616851461e-01
-1.138348189424747553e-01 1.838322458088715861e-01
-1.134308251595085998e-01 1.840470440238855809e-01
-1.130270545407539573e-01 1.842619709492341884e-01
-1.126235021142275583e-01 1.844770290096290066e-01
-1.122201629131212713e-01 1.846922206255979804e-01
-1.118170319781218169e-01 1.849075482176644747e-01
-1.114141043522227092e-01 1.851230141981710375e-01
-1.110113750825230672e-01 1.853386209745291890e-01
-1.106088392818359994e-01 1.855543710528920476e-01
-1.102064920790682551e-01 1.857702669573327858e-01
-1.098043286154822690e-01 1.859863112243703986e-01
-1.094023440614905474e-01 1.862025064322774814e-01
-1.090005336112334217e-01 1.864188551932403348e-01
-1.085988923743797935e-01 1.866353599686456366e-01
-1.081974154797391424e-01 1.868520232447474505e-01
-1.077960980686558795e-01 1.870688475222336000e-01
-1.073949352718073652e-01 1.872858352765376933e-01
-1.069939222123199585e-01 1.875029889630973889e-01
-1.065930540677358235e-01 1.877203111264074409e-01
-1.061923259967567507e-01 1.879378042729921983e-01
-1.057917331476605077e-01 1.881554708858405867e-01
-1.053912706663134580e-01 1.883733134385553731e-01
nan nan
nan nan
nan nan
nan nan
nan nan
nan nan
-1.017921934827486635e-01 1.903422561977274885e-01
-1.013927735039475142e-01 1.905620043655797402e-01
-1.009934313769952907e-01 1.907819572031091426e-01
-1.005941624009726587e-01 1.910021174639825459e-01
-1.001949618683568299e-01 1.912224878947745843e-01
-9.979582505742889964e-02 1.914430712205908991e-01
-9.939674722465285939e-02 1.916638701301898451e-01
-9.899772367214274005e-02 1.918848874061845067e-01
-9.859874968924720040e-02 1.921061258140476791e-01
-9.819982054980083697e-02 1.923275880966493212e-01
-9.780093153303111297e-02 1.925492770151953636e-01
-9.740207792878748105e-02 1.927711953604296091e-01
-9.700325494548461824e-02 1.929933457706308475e-01
-9.660445780729789989e-02 1.932157309223460628e-01
-9.620568175784285914e-02 1.934383535391879794e-01
-9.580692204455378003e-02 1.936612163618887383e-01
-9.540817392127293184e-02 1.938843221543922468e-01
-9.500943268955543142e-02 1.941076737892357407e-01
-9.461069364459016862e-02 1.943312741397558441e-01
-9.421195207343298350e-02 1.945551260768197954e-01
-9.381320325909339730e-02 1.947792324776032036e-01
-9.341444247826756475e-02 1.950035962213847174e-01
-9.301566499432721569e-02 1.952282201752500723e-01
-9.261686606877692074e-02 1.954531072182941476e-01
-9.221804096136158868e-02 1.956782602425398976e-01
-9.181918492979647406e-02 1.959036821530792116e-01
-9.142029322949930814e-02 1.961293758682154109e-01
-9.102136111332063961e-02 1.963553443196095760e-01
-9.062238383127683983e-02 1.965815904524280400e-01
-9.022335663028230313e-02 1.968081172254931843e-01
-8.982427475388203575e-02 1.970349276114367054e-01
-8.942513344198550762e-02 1.972620245968548514e-01
-8.902592793059949106e-02 1.974894111824672394e-01
-8.862665345156205132e-02 1.977170903832772830e-01
-8.822730523227638455e-02 1.979450652287357004e-01
-8.782787849544444747e-02 1.981733387629067977e-01
-8.742836845880136432e-02 1.984019140446369178e-01
-8.702877033484883451e-02 1.986307941477258865e-01
-8.662907933058945631e-02 1.988599821611011786e-01
-8.622929064729510651e-02 1.990894811890748239e-01
-8.582939948867089608e-02 1.993192943711034615e-01
-8.542940104784860211e-02 1.995494248527855674e-01
-8.502929050409542555e-02 1.997798757786602153e-01
-8.462906303022363352e-02 2.000106503100385347e-01
-8.422871379229530941e-02 2.002417516251513430e-01
-8.382823794932731110e-02 2.004731829193000525e-01
-8.342763065299764469e-02 2.007049474050115467e-01
-8.302688704735142200e-02 2.009370483121969697e-01
-8.262600226850805307e-02 2.011694888883139853e-01
-8.222497144436778649e-02 2.014022723985331165e-01
-8.182378969431960969e-02 2.016354021259079421e-01
-8.142245212894846929e-02 2.018688813715487640e-01
-8.102095384974279668e-02 2.021027134548007420e-01
-8.061928994880246391e-02 2.023369017134253878e-01
-8.021745550854597617e-02 2.025714495037863883e-01
-7.981544560141828892e-02 2.028063602010389266e-01
-7.941325528959787550e-02 2.030416371993233327e-01
-7.901087962470357273e-02 2.032772839119626196e-01
-7.860831364750153760e-02 2.035133037716637672e-01
-7.820555238882162530e-02 2.037497002338772845e-01
-7.780259087879097535e-02 2.039864768020865915e-01
-7.739942412394636151e-02 2.042236369693098130e-01
-7.699604711534784041e-02 2.044611842396674706e-01
-7.659245483215104677e-02 2.046991221386494642e-01
-7.618864224127805396e-02 2.049374542132858523e-01
-7.578460429708940016e-02 2.051761840323232666e-01
-7.538033594105551793e-02 2.054153151864065441e-01
-7.497583210142917676e-02 2.056548512882656887e-01
-7.457108769291746764e-02 2.058947959729082178e-01
-7.416609761635403752e-02 2.061351528978172254e-01
-7.376085675837128208e-02 2.063759257431542204e-01
-7.335535999107214988e-02 2.066171182119683758e-01
-7.294960217170189110e-02 2.068587340304101907e-01
-7.254357814231927881e-02 2.071007769479514815e-01
-7.213728272946715037e-02 2.073432507376105072e-01
-7.173071074384292090e-02 2.075861591961825903e-01
-7.132385697996759810e-02 2.078295061444764558e-01
-7.091671621585488028e-02 2.080732954275560098e-01
-7.050928321267840859e-02 2.083175309149875865e-01
-7.010155271941731492e-02 2.085622165159043417e-01
-6.969351947634482014e-02 2.088073561912404397e-01
-6.928517818875457035e-02 2.090529538766792983e-01
-6.887652354300791147e-02 2.092990135309076571e-01
-6.846755020748300502e-02 2.095455391397421097e-01
-6.805825283219396615e-02 2.097925347163306087e-01
-6.764862604840979343e-02 2.100400043013622986e-01
-6.723866446827342358e-02 2.102879519632844529e-01
-6.682836268442092498e-02 2.105363817985269614e-01
-6.641771526959994176e-02 2.107852979317348108e-01
-6.600671677628838774e-02 2.110347045160075041e-01
-6.559536173631193290e-02 2.112846057331467520e-01
-6.518364466046154548e-02 2.115350057939114625e-01
-6.477156003810966012e-02 2.117859089382804205e-01
-6.435910233682566595e-02 2.120373194357226820e-01
-6.394626600199049271e-02 2.122892415854756576e-01
-6.353304545640951762e-02 2.125416797168309946e-01
-6.311943509992480605e-02 2.127946381894279537e-01
-6.270542930902527068e-02 2.130481213935546125e-01
-6.229102243645544962e-02 2.133021337504571180e-01
-6.187620882493219399e-02 2.135566797613525913e-01
-6.146098278999694020e-02 2.138117639514125756e-01
-6.104533860453412869e-02 2.140673908168851114e-01
-6.062927051688403457e-02 2.143235648884170008e-01
-6.021277275039571553e-02 2.145802907313254237e-01
-5.979583950296413902e-02 2.148375729458276984e-01
-5.937846494656748991e-02 2.150954161672817555e-01
-5.896064322680477643e-02 2.153538250664370768e-01
-5.854236846243243697e-02 2.156128043496974567e-01
-5.812363474490123139e-02 2.158723587593936177e-01
-5.770443613789188325e-02 2.161324930740678441e-01
-5.728476667685000745e-02 2.163932121087687177e-01
-5.686462036852028834e-02 2.166545207153574293e-01
-5.644399119047888852e-02 2.169164237828250519e-01
-5.602287309066490001e-02 2.171789262376204177e-01
-5.560125998690995663e-02 2.174420330439895965e-01
-5.517914576646579944e-02 2.177057492043263376e-01
-5.475652428553044043e-02 2.179700797595330031e-01
-5.433338936877141895e-02 2.182350297893936031e-01
-5.390973480925429634e-02 2.185006044146067250e-01
-5.348555437422258113e-02 2.187668088228670316e-01
-5.306084179162943310e-02 2.190336482169338017e-01
-5.263559075306455809e-02 2.193011278281060406e-01
-5.220979491644852505e-02 2.195692529294831219e-01
-5.178344790551668575e-02 2.198380288363502855e-01
-5.135654330929992351e-02 2.201074609065767906e-01
-5.092907468160341039e-02 2.203775545410261161e-01
-5.050103554048188809e-02 2.206483151839790935e-01
-5.007241936771192337e-02 2.209197483235690318e-01
-4.964321960826114516e-02 2.211918594922293868e-01
-4.921342966975334604e-02 2.214646542671540042e-01
-4.878304292193037101e-02 2.217381382707694359e-01
-4.835205269610943352e-02 2.220123171712202192e-01
-4.792045228463678863e-02 2.222871966828658674e-01
-4.748823494216886792e-02 2.225627825753783706e-01
-4.705539388609349116e-02 2.228390806793398848e-01
-4.662192228676353967e-02 2.231160968434403868e-01
-4.618781327323413094e-02 2.233938369639277555e-01
-4.575305993312622777e-02 2.236723069872491865e-01
-4.531765531201275427e-02 2.239515129105101310e-01
-4.488159241280115924e-02 2.242314607819498040e-01
-4.444486419511299580e-02 2.245121567014330133e-01
-4.400746357465862291e-02 2.247936068209583083e-01
-4.356938342260856939e-02 2.250758173451825050e-01
-4.313061656495980473e-02 2.253587945319616148e-01
-4.269115578189723592e-02 2.256425446929081202e-01
-4.225099380715063857e-02 2.259270741939643501e-01
-4.181012332734551640e-02 2.262123894559927295e-01
-4.136853698137878815e-02 2.264984969555443595e-01
-4.092622736461180855e-02 2.267854032523875796e-01
-4.048318702012129733e-02 2.270731149464634835e-01
-4.003940843717583575e-02 2.273616386726825533e-01
-3.959488405502515490e-02 2.276509811258835558e-01
-3.914960626216777012e-02 2.279411490613700575e-01
-3.870356739561360560e-02 2.282321492954678399e-01
-3.825675974014249026e-02 2.285239887061043806e-01
-3.780917552755721361e-02 2.288166742334093173e-01
-3.736080693593098884e-02 2.291102128803372551e-01
-3.691164608884962839e-02 2.294046117133109464e-01
-3.646168505464678078e-02 2.296998778628869808e-01
-3.601091584563342884e-02 2.299960185244426802e-01
-3.555933041731961647e-02 2.302930409588839211e-01
-3.510692066762970825e-02 2.305909524933752175e-01
-3.465367843738087483e-02 2.308897605305619549e-01
-3.419959551384767205e-02 2.311894725794715888e-01
-3.374466361587246527e-02 2.314900961625684650e-01
-3.328887440042278129e-02 2.317916388637826508e-01
-3.283221946332847557e-02 2.320941083397980720e-01
-3.237469033838770438e-02 2.323975123206948878e-01
-3.191627849646691550e-02 2.327018586106205933e-01
-3.145697534459497569e-02 2.330071550884896536e-01
-3.099677222504964788e-02 2.333134097087129211e-01
-3.053566041443744883e-02 2.336206305019552787e-01
-3.007363112276518688e-02 2.339288255759224833e-01
-2.961067549250309336e-02 2.342380031161773180e-01
-2.914678459763971052e-02 2.345481713869835561e-01
-2.868194944272667996e-02 2.348593387321800952e-01
-2.821616096191454509e-02 2.351715135760825137e-01
-2.774941002257226563e-02 2.354847044634063025e-01
-2.728168741983469370e-02 2.357989200252221529e-01
-2.681298386747200252e-02 2.361141689086923845e-01
-2.634329000543871729e-02 2.364304598484348596e-01
-2.587259639886168097e-02 2.367478016679487041e-01
-2.540089353693660360e-02 2.370662032803863006e-01
-2.492817183181721824e-02 2.373856736893638908e-01
-2.445442161749534007e-02 2.377062219898127549e-01
-2.397963314867145382e-02 2.380278573688693888e-01
-2.350379659961585044e-02 2.383505891068051497e-01
-2.302690206301827996e-02 2.386744265779957852e-01
-2.254893954882711618e-02 2.389993792519297666e-01
-2.206989898307572945e-02 2.393254566942566997e-01
-2.158977020669693853e-02 2.396526685678743718e-01
-2.110854297483626477e-02 2.399810246398823843e-01
-2.062620696199453721e-02 2.403105348575212408e-01
-2.014275174613316954e-02 2.406412091843884715e-01
-1.965816681254653128e-02 2.409730576533872792e-01
-1.917244155592740321e-02 2.413060904054730171e-01
-1.868556527900901848e-02 2.416403176905692896e-01
-1.819752719119623399e-02 2.419757498685372044e-01
-1.770831640718546762e-02 2.423123974101982769e-01
-1.721792194557125733e-02 2.426502708984108470e-01
-1.672633272744015673e-02 2.429893810291995082e-01
-1.623353757494940333e-02 2.433297386129381068e-01
-1.573952520989119197e-02 2.436713545755859467e-01
-1.524428425224021860e-02 2.440142399599768697e-01
-1.474780321868428105e-02 2.443584059271614595e-01
-1.425007052113752906e-02 2.447038637578022036e-01
-1.375107446800947174e-02 2.450506249030786898e-01
-1.325080326319442656e-02 2.453987010054181628e-01
-1.274924499193868729e-02 2.457481036714483369e-01
-1.224638762879346789e-02 2.460988446308921551e-01
-1.174221903651913312e-02 2.464509357480038076e-01
-1.123672696436789353e-02 2.468043890226578885e-01
-1.072989904635225297e-02 2.471592165915134920e-01
-1.022172279949670054e-02 2.475154307292534994e-01
-9.712185622071904320e-03 2.478730438498991662e-01
-9.201274791810768600e-03 2.482320685081990108e-01
-8.688977464103757667e-03 2.485925174010929772e-01
-8.175280670173975389e-03 2.489544033692508707e-01
-7.660171315229006433e-03 2.493177393986853729e-01
-7.143636176590026539e-03 2.496825386224397481e-01
-6.625661901807527662e-03 2.500488143228001281e-01
-6.106235007893302119e-03 2.504165799806609138e-01
-5.585341877082962425e-03 2.507858491974347404e-01
-5.062968755097167241e-03 2.511566356921265397e-01
-4.539101750248166790e-03 2.515289533434773572e-01
-4.013726831363762133e-03 2.519028161918269171e-01
-3.486829825682745583e-03 2.522782384410593992e-01
-2.958396416720981796e-03 2.526552344606307621e-01
-2.428412142105432908e-03 2.530338187876798317e-01
-1.896862391376461865e-03 2.534140061292197155e-01
-1.363732403755292966e-03 2.537958113644123159e-01
-8.290072658839724856e-04 2.541792495490592385e-01
-2.926719095449834820e-04 2.545643359583784626e-01
2.452888910448273595e-04 2.549510860015411495e-01
7.848905212130648972e-04 2.553395152497437426e-01
1.326148528170127726e-03 2.557296394634365755e-01
1.869078623516753782e-03 2.561214745945494253e-01
2.413696685789009245e-03 2.565150367888245908e-01
2.960018763041916568e-03 2.569103423882577175e-01
3.508061075472891643e-03 2.573074079336449271e-01
4.057840018088187256e-03 2.577062501672374717e-01
4.609372163412346624e-03 2.581068860355019701e-01
5.162674264382061291e-03 2.585093326989064133e-01
5.717763258264551077e-03 2.589136075820873129e-01
6.274656267016782800e-03 2.593197282502942014e-01
6.833370600926908130e-03 2.597277124697450756e-01
7.393923762010419336e-03 2.601375782321390662e-01
7.956333447061052569e-03 2.605493437573459525e-01
8.520617550749209554e-03 2.609630274962346230e-01
9.086794168771615207e-03 2.613786481336425327e-01
9.654881601053945037e-03 2.617962245914851604e-01
1.022489835500803648e-02 2.622157760320039110e-01
1.079686314884753875e-02 2.626373218611538496e-01
1.137079491572540700e-02 2.630608817497819829e-01
1.194671280947965340e-02 2.634864756840888944e-01
1.252463620058496228e-02 2.639141237959716224e-01
1.310458468351313223e-02 2.643438464667404175e-01
1.368657808116518354e-02 2.647756643484656114e-01
1.427063644861127460e-02 2.652095983672157486e-01
1.485678007689546047e-02 2.656456697264827360e-01
1.544502949690651147e-02 2.660838999107932312e-01
1.603540548331919974e-02 2.665243106895055503e-01
1.662792905860857595e-02 2.669669241207920929e-01
1.722262149713949669e-02 2.674117625558048439e-01
1.781950433197441661e-02 2.678588486826856685e-01
1.841859936132956427e-02 2.683082055571028302e-01
1.901992863802495770e-02 2.687598563867742429e-01
1.962351448349485689e-02 2.692138246903737486e-01
2.022937949317899636e-02 2.696701343143795837e-01
2.083754654114462757e-02 2.701288094369584392e-01
2.144803878479288953e-02 2.705898745721027066e-01
2.206087966965513195e-02 2.710533545740198003e-01
2.267609293428256290e-02 2.715192746417733893e-01
2.329370261523268371e-02 2.719876603241743185e-01
2.391373305215811415e-02 2.724585375249214403e-01
2.453620889965781385e-02 2.729319325820525610e-01
2.516115513008640101e-02 2.734078722379078563e-01
2.578859701837374341e-02 2.738863834219188442e-01
2.641856016433610441e-02 2.743674934513986585e-01
2.705107049886876225e-02 2.748512300422967236e-01
2.768615428970137154e-02 2.753376213140468765e-01
2.832383814727123042e-02 2.758266957947553277e-01
2.896414903071784994e-02 2.763184824267246320e-01
2.960711425400596591e-02 2.768130105723143886e-01
3.025276149218155894e-02 2.773103100201373961e-01
3.090111878776576060e-02 2.778104109915878750e-01
3.155221457475609892e-02 2.783133443017360431e-01
3.220607766552265050e-02 2.788191411809196607e-01
3.286273723300502103e-02 2.793278330756421846e-01
3.352222284648514322e-02 2.798394519178826756e-01
3.418456447880301174e-02 2.803540301316355121e-01
3.484979251359038993e-02 2.808716006387119157e-01
3.551793775266399306e-02 2.813921968650130445e-01
3.618903142358729369e-02 2.819158527472734876e-01
3.686310518740655573e-02 2.824426027402727191e-01
3.754019114656986789e-02 2.829724818245130114e-01
3.822032185307849134e-02 2.835055255146745057e-01
3.890353032811458972e-02 2.840417699508591132e-01
3.958985005195955059e-02 2.845812517675860298e-01
4.027931496971774022e-02 2.851240080864321791e-01
4.097195951153471266e-02 2.856700766101820665e-01
4.166781860170221813e-02 2.862194956320663342e-01
4.236692766799089738e-02 2.867723040455161243e-01
4.306932265122052211e-02 2.873285413544289235e-01
4.377504001507387388e-02 2.878882476839448867e-01
4.448411676474330750e-02 2.884514638473564263e-01
4.519659044503494816e-02 2.890182312758813321e-01
4.591249914229626056e-02 2.895885919780601392e-01
4.663188150947781413e-02 2.901625886461561832e-01
4.735477677710086403e-02 2.907402646673066804e-01
4.808122476448523086e-02 2.913216641351260572e-01
4.881126589127876558e-02 2.919068318619716385e-01
4.954494118930081320e-02 2.924958133918695302e-01
5.028229232466860377e-02 2.930886550721483186e-01
5.102336160130031134e-02 2.936854040122505172e-01
5.176819195102843468e-02 2.942861079692176696e-01
5.251682697098900010e-02 2.948908155067887504e-01
5.326931093731591266e-02 2.954995760112645864e-01
5.402568881873257012e-02 2.961124397054118451e-01
5.478600629053511500e-02 2.967294576632284464e-01
5.555030974898113316e-02 2.973506818255697848e-01
5.631864633753162763e-02 2.979761650771340920e-01
5.709106396026302627e-02 2.986059612507693251e-01
5.786761125121200194e-02 2.992401249033260213e-01
5.864833762967965741e-02 2.998787115458078079e-01
5.943329331837800961e-02 3.005217776700551124e-01
6.022252935998007040e-02 3.011693807653938459e-01
6.101609763418255200e-02 3.018215793364255606e-01
6.181405087529680265e-02 3.024784329219523116e-01
6.261644270316221728e-02 3.031400021768740349e-01
6.342332765422978302e-02 3.038063489494000069e-01
6.423476111573427072e-02 3.044775358937263365e-01
6.505079940622447709e-02 3.051536267929902957e-01
6.587149980168376107e-02 3.058346866094495686e-01
6.669692055578588241e-02 3.065207815043090034e-01
6.752712092082745199e-02 3.072119788590858547e-01
6.836216116936218168e-02 3.079083472985052472e-01
6.920210262852208305e-02 3.086099567682586975e-01
7.004700773712355111e-02 3.093168787084478732e-01
7.089693993976300956e-02 3.100291855037037858e-01
7.175196379023347781e-02 3.107469508712148998e-01
7.261214499114487797e-02 3.114702499525455193e-01
7.347755041899109441e-02 3.121991593380209484e-01
7.434824815012400223e-02 3.129337570931610135e-01
7.522430748766850694e-02 3.136741227871519544e-01
7.610579900122378672e-02 3.144203375721589810e-01
7.699279463138117285e-02 3.151724845231879124e-01
7.788536750120542140e-02 3.159306477703378579e-01
7.878359205680909860e-02 3.166949130003678392e-01
7.968754413613107768e-02 3.174653676449725737e-01
8.059730099998432817e-02 3.182421009096232378e-01
8.151294136433973048e-02 3.190252038052510120e-01
8.243454543388768763e-02 3.198147691827574746e-01
8.336219493957568172e-02 3.206108917805356451e-01
8.429597321436756163e-02 3.214136684147831935e-01
8.523596513591984170e-02 3.222231976564648992e-01
8.618225720135233581e-02 3.230395800192974454e-01
8.713493759218340906e-02 3.238629181012010472e-01
8.809409621547310831e-02 3.246933166304463159e-01
8.905982474769459645e-02 3.255308825189343613e-01
9.003221671271033344e-02 3.263757250359204942e-01
9.101136744840467030e-02 3.272279555723139333e-01
9.199737418252276755e-02 3.280876878053249346e-01
9.299033610993197307e-02 3.289550378596044489e-01
9.399035444199091427e-02 3.298301243621699630e-01
9.499753245843489680e-02 3.307130685028421002e-01
9.601197560654906038e-02 3.316039942545004893e-01
9.703379145977267251e-02 3.325030281006352562e-01
9.806308979399791514e-02 3.334102991751067280e-01
9.909998269581084263e-02 3.343259395025195424e-01
1.001445846221081099e-01 3.352500840640373347e-01
1.011970124624035350e-01 3.361828708683921030e-01
1.022573856633367667e-01 3.371244412239924881e-01
1.033258261840491188e-01 3.380749394445564104e-01
1.044024585579281239e-01 3.390345129126222101e-01
1.054874100504209489e-01 3.400033124490949299e-01
1.065808107313921532e-01 3.409814923921904439e-01
1.076827935509849371e-01 3.419692106831731526e-01
1.087934944947134275e-01 3.429666291972422454e-01
1.099130525451146867e-01 3.439739134537188603e-01
1.110416096999781027e-01 3.449912325136560431e-01
1.121793112103379592e-01 3.460187595588354870e-01
1.133263056691859449e-01 3.470566719878601658e-01
1.144827451042503275e-01 3.481051515195274226e-01
1.156487851611753687e-01 3.491643845637467658e-01
1.168245850991016938e-01 3.502345620133611170e-01
1.180103077401154221e-01 3.513158789062774678e-01
1.192061198028305791e-01 3.524085352362237300e-01
1.204121920148987779e-01 3.535127360798024920e-01
1.216286992280680435e-01 3.546286917245686787e-01
1.228558206527932684e-01 3.557566181368470026e-01
1.240937398969917810e-01 3.568967368459496914e-01
1.253426447575157476e-01 3.580492741254078792e-01
1.266027277404787599e-01 3.592144622739789628e-01
1.278741862090227166e-01 3.603925397939992670e-01
1.291572225256136519e-01 3.615837515459001672e-01
1.304520442439534023e-01 3.627883490331356708e-01
1.317588642615964145e-01 3.640065905658081968e-01
1.330779008017153042e-01 3.652387409474248670e-01
1.344093777673020518e-01 3.664850721878536999e-01
1.357535249351499718e-01 3.677458637529434360e-01
1.371105782221015701e-01 3.690214029973127308e-01
1.384807797073764335e-01 3.703119849264612240e-01
1.398643779114116525e-01 3.716179126477862082e-01
1.412616281019378472e-01 3.729394978744929312e-01
1.426727925471773795e-01 3.742770612697732813e-01
1.440981407853157981e-01 3.756309328184244678e-01
1.455379496207959700e-01 3.770014514748091239e-01
1.469925036180465272e-01 3.783889661024252837e-01
1.484620953950542555e-01 3.797938358642973800e-01
1.499470260189482429e-01 3.812164308559844450e-01
1.514476050708181698e-01 3.826571318771271324e-01
1.529641509276489508e-01 3.841163307541959893e-01
1.544969913240973602e-01 3.855944313474242158e-01
1.560464637118063047e-01 3.870918500162571219e-01
1.576129157610249021e-01 3.886090164160870830e-01
1.591967051576594350e-01 3.901463725366836610e-01
1.607982004171362445e-01 3.917043742493164227e-01
1.624177813862955344e-01 3.932834920401517831e-01
1.640558398212511038e-01 3.948842118972317183e-01
1.657127796089416516e-01 3.965070353101334266e-01
1.673890169005356476e-01 3.981524790565914573e-01
1.690849811666884916e-01 3.998210771730672519e-01
1.708011157274930969e-01 4.015133816177743897e-01
1.725378786931661135e-01 4.032299638666484443e-01
1.742957423759369240e-01 4.049714128976623084e-01
1.760751945430802656e-01 4.067383374940276575e-01
1.778767393872867086e-01 4.085313678146316740e-01
1.797008982351619433e-01 4.103511563080598501e-01
1.815482102083989802e-01 4.121983784831850794e-01
1.834192325785404254e-01 4.140737329568821012e-01
1.853145419941331362e-01 4.159779434534067177e-01
1.872347354751127402e-01 4.179117602113647800e-01
1.891804308732987772e-01 4.198759601527746743e-01
1.911522681278929325e-01 4.218713487953188457e-01
1.931509105073965504e-01 4.238987620648581034e-01
1.951770454795025145e-01 4.259590672292995484e-01
1.972313855934535731e-01 4.280531638219248203e-01
1.993146701967637435e-01 4.301819863281659551e-01
2.014276668796763647e-01 4.323465061922154851e-01
2.035711719886092452e-01 4.345477317627113867e-01
2.057460127172113518e-01 4.367867115815323720e-01
2.079530490310830815e-01 4.390645372058657459e-01
2.101931746807745305e-01 4.413823440151908861e-01
2.124673187082627979e-01 4.437413130135876571e-01
2.147764482067454073e-01 4.461426751677908809e-01
2.171215704282328796e-01 4.485877142480118596e-01
2.195037333780875122e-01 4.510777664575247314e-01
2.219240293550784338e-01 4.536142260836757978e-01
2.243835980914843375e-01 4.561985501439590474e-01
2.268836275971594096e-01 4.588322582285283002e-01
2.294253570812698484e-01 4.615169365140671665e-01
2.320100813351916313e-01 4.642542445611643753e-01
2.346391536541207190e-01 4.670459189744783912e-01
2.373139880831629800e-01 4.698937755948697226e-01
2.400360641715950094e-01 4.727997165470272378e-01
2.428069303267542667e-01 4.757657343061720834e-01
2.456282079937978369e-01 4.787939172298347201e-01
2.485015971483366393e-01 4.818864574447245253e-01
2.514288797213842797e-01 4.850456544803430359e-01
2.544119260779436620e-01 4.882739246293853475e-01
2.574527007520521216e-01 4.915738085777243138e-01
2.605532671965475333e-01 4.949479769041825183e-01
2.637157966888127869e-01 4.983992432404775741e-01
2.669425737615980232e-01 5.019305704684436931e-01
2.702360042142802898e-01 5.055450815263173858e-01
2.735986258891045519e-01 5.092460750023731775e-01
2.770331140360548505e-01 5.130370302019667816e-01
2.805422947272458445e-01 5.169216268572031092e-01
2.841291555544924186e-01 5.209037592248021431e-01
2.877968543936672563e-01 5.249875461927911990e-01
2.915487368472236551e-01 5.291773567916019383e-01
2.953883488298634230e-01 5.334778261251393872e-01
2.993194521457910318e-01 5.378938761518338163e-01
3.033460417319583380e-01 5.424307387724794927e-01
3.074723653977872728e-01 5.470939826168347286e-01
3.117029441762941833e-01 5.518895400571659504e-01
3.160425961167477316e-01 5.568237394196057233e-01
3.204964622247150619e-01 5.619033399382646898e-01
3.250700330680141859e-01 5.671355667643738219e-01
3.297691846661680581e-01 5.725281609800010330e-01
3.346002049236811438e-01 5.780894117186451409e-01
3.395698423574305402e-01 5.838282255753620698e-01
3.446853491550133652e-01 5.897541841881274172e-01
3.499545236433053153e-01 5.958775990197459071e-01
3.553857696545998368e-01 6.022095930509657746e-01
3.609881581968770736e-01 6.087621838530478113e-01
3.667714972155780573e-01 6.155483776832856302e-01
3.727464086690807643e-01 6.225822729113567044e-01
3.789244245504688191e-01 6.298791917744058777e-01
3.853180911645984752e-01 6.374558217997324805e-01
3.919410650619805092e-01 6.453303392067656352e-01
3.988082707712731767e-01 6.535226297869642931e-01
4.059360464444292660e-01 6.620544834928974165e-01
4.133423138420810328e-01 6.709498226742834914e-01
4.210467761539935516e-01 6.802349684412944963e-01
