-7.998048971962055109e-01 1.766709995916742118e-02
-7.923035761207101180e-01 1.899559220484021982e-02
-7.849967576720542350e-01 2.030095508483279604e-02
-7.778760765793152343e-01 2.158406371848861291e-02
-7.709336335901699755e-01 2.284574374440753036e-02
-7.641620041691246090e-01 2.408677599927459834e-02
-7.575541752303077692e-01 2.530789889030879078e-02
-7.511035331757710543e-01 2.650981186172851611e-02
-7.448038325146978389e-01 2.769317800327707885e-02
-7.386491714233038852e-01 2.885862657420808566e-02
-7.326339662679166587e-01 3.000675520771589957e-02
-7.267529371202716693e-01 3.113813229752804626e-02
-7.210010669608362122e-01 3.225329804319698040e-02
-7.153735927147995000e-01 3.335276651712630602e-02
-7.098660113068974153e-01 3.443702835847470278e-02
-7.044740353134328892e-01 3.550655099528837039e-02
-6.991935922599837872e-01 3.656178064618004209e-02
-6.940208051486506102e-01 3.760314329702060809e-02
-6.889519851458525412e-01 3.863104613869695197e-02
-6.839836160743955062e-01 3.964587844693050200e-02
-6.791123478551079895e-01 4.064801282189454273e-02
-6.743349834457373904e-01 4.163780595197955764e-02
-6.696484730112365336e-01 4.261559968960975525e-02
-6.650499005119114848e-01 4.358172156412586790e-02
-6.605364792194541312e-01 4.453648574444576264e-02
-6.561055466189322782e-01 4.548019390835833509e-02
-6.517545583266650677e-01 4.641313598396719364e-02
-6.474810747052485160e-01 4.733559028829459336e-02
-6.432827578084479025e-01 4.824782428865356104e-02
-6.391573705431506935e-01 4.915009549990857762e-02
-6.351027655757637280e-01 5.004265156430016265e-02
-6.311168832435443132e-01 5.092573093184974559e-02
-6.271977477131323031e-01 5.179956337239509379e-02
-6.233434608320715942e-01 5.266437024916231779e-02
-6.195521995458177500e-01 5.352036503050112276e-02
-6.158222119906906489e-01 5.436775365547862754e-02
-6.121518130386454093e-01 5.520673480569343594e-02
-6.085393821076421350e-01 5.603750033510851436e-02
-6.049833596542451009e-01 5.686023555124004175e-02
-6.014822438063075483e-01 5.767511946994627325e-02
-5.980345884090821906e-01 5.848232517018887161e-02
-5.946389995923219152e-01 5.928201997921400679e-02
-5.912941335414610977e-01 6.007436574103749288e-02
-5.879986951455625777e-01 6.085951915038546184e-02
-5.847514357885333913e-01 6.163763198104596497e-02
-5.815511502935866162e-01 6.240885119827836031e-02
-5.783966729813817542e-01 6.317331893963921974e-02
-5.752868797246462051e-01 6.393117311724201557e-02
-5.722206851319285859e-01 6.468254749309815255e-02
-5.691970406625246337e-01 6.542757182941516536e-02
-5.662149306910556623e-01 6.616637177786732771e-02
-5.632733739854064448e-01 6.689906936684332506e-02
-5.603714219337889713e-01 6.762578311346813253e-02
-5.575081570924345087e-01 6.834662815475156528e-02
-5.546826901873648241e-01 6.906171616974964012e-02
-5.518941603154310371e-01 6.977115567189749734e-02
-5.491417342670796842e-01 7.047505219107126628e-02
-5.464246051906237467e-01 7.117350836224239918e-02
-5.437419906824766391e-01 7.186662392304617175e-02
-5.410931318548003466e-01 7.255449582057978131e-02
-5.384772934703268010e-01 7.323721845273944986e-02
-5.358937626726681946e-01 7.391488371752001629e-02
-5.333418478504871052e-01 7.458758106654382602e-02
-5.308208771812170657e-01 7.525539750019276386e-02
-5.283301990543548543e-01 7.591841781615268903e-02
-5.258691810074924700e-01 7.657672464638722032e-02
-5.234372089570215048e-01 7.723039852543134298e-02
-5.210336858228757917e-01 7.787951785934686677e-02
-5.186580317397835316e-01 7.852415911908877666e-02
-5.163096833517883955e-01 7.916439689586823869e-02
-5.139880931774956085e-01 7.980030395944794075e-02
-5.116927283351266897e-01 8.043195120857087044e-02
-5.094230707246395484e-01 8.105940783857404353e-02
-5.071786167034066928e-01 8.168274142964923601e-02
-5.049588764787827921e-01 8.230201798530886736e-02
-5.027633737289615157e-01 8.291730200155927877e-02
-5.005916446222172800e-01 8.352865643139138763e-02
-4.984432362953370999e-01 8.413614254668914938e-02
-4.963177086608418498e-01 8.473982035087677944e-02
-4.942146332595692693e-01 8.533974850248425559e-02
-4.921335928763518330e-01 8.593598435870923591e-02
-4.900741812096106598e-01 8.652858402411676975e-02
-4.880360015429756615e-01 8.711760221743788946e-02
-4.860186672105971106e-01 8.770309244663029857e-02
-4.840218016185502958e-01 8.828510710848395948e-02
-4.820450376684667360e-01 8.886369747836687927e-02
-4.800880175047436138e-01 8.943891375360515927e-02
-4.781503920127903595e-01 9.001080504712592745e-02
-4.762318199118096840e-01 9.057941929818827398e-02
-4.743319686284306891e-01 9.114480351476059172e-02
-4.724505136941945516e-01 9.170700373967820285e-02
-4.705871384862323481e-01 9.226606507710614913e-02
-4.687415340168799016e-01 9.282203172572470184e-02
-4.669133981911584019e-01 9.337494690310434164e-02
-4.651024359377205486e-01 9.392485293781262234e-02
-4.633083592687537444e-01 9.447179134864269745e-02
-4.615308869041830353e-01 9.501580283492212786e-02
-4.597697440988980366e-01 9.555692730466085194e-02
-4.580246623658979499e-01 9.609520387889679272e-02
-4.562953789308611952e-01 9.663067083596459106e-02
-4.545816371488659580e-01 9.716336575503713158e-02
-4.528831861754831212e-01 9.769332550381390479e-02
-4.511997807883064149e-01 9.822058625513210850e-02
-4.495311812460957013e-01 9.874518350979349934e-02
-4.478771528710203675e-01 9.926715205641245543e-02
-4.462374660381652758e-01 9.978652601744063266e-02
-4.446118962316314427e-01 1.003033389101480738e-01
-4.430002237981462976e-01 1.008176236394878050e-01
-4.414022338272455825e-01 1.013294125171491783e-01
-4.398177159583583351e-01 1.018387372623171944e-01
-4.382464639566422404e-01 1.023456289461857766e-01
-4.366882761268086055e-01 1.028501181288331012e-01
-4.351429550567960103e-01 1.033522348419141368e-01
-4.336103074853518424e-01 1.038520085980282337e-01
-4.320901442122080938e-01 1.043494684088436819e-01
-4.305822800146673068e-01 1.048446428037633354e-01
-4.290865335409797532e-01 1.053375598419446363e-01
-4.276027264220509938e-01 1.058282469296399214e-01
-4.261306839797598944e-01 1.063167310252659675e-01
-4.246702353014094600e-01 1.068030386936013321e-01
-4.232212129078313234e-01 1.072871960579228068e-01
-4.217834526786026772e-01 1.077692288138935861e-01
-4.203567937819333022e-01 1.082491622438025713e-01
-4.189410786092166439e-01 1.087270212312154705e-01
-4.175361524021505844e-01 1.092028301944771018e-01
-4.161418630947777975e-01 1.096766130723978300e-01
-4.147580618621045101e-01 1.101483934957123295e-01
-4.133846027517031341e-01 1.106181947198347365e-01
-4.120213426193196082e-01 1.110860396351620316e-01
-4.106681410712736957e-01 1.115519507784844544e-01
-4.093248604103844612e-01 1.120159503447042681e-01
-4.079913654967152192e-01 1.124780601744544833e-01
-4.066675233218290941e-01 1.129383016605032819e-01
-4.053532035603081840e-01 1.133966959223953463e-01
-4.040482783442700399e-01 1.138532637689040339e-01
-4.027526221674442297e-01 1.143080256945483014e-01
-4.014661118369141635e-01 1.147610018885998617e-01
-4.001886264274990279e-01 1.152122122443002272e-01
-3.989200472295258426e-01 1.156616763656392322e-01
-3.976602574201800744e-01 1.161094134928206539e-01
-3.964091422894827632e-01 1.165554425868060434e-01
-3.951665892630025767e-01 1.169997823564797867e-01
-3.939324877664499569e-01 1.174424512389921765e-01
-3.927067291853169606e-01 1.178834674070021599e-01
-3.914892068265351521e-01 1.183228487760665665e-01
-3.902798158821468300e-01 1.187606130122037668e-01
-3.890784532748625679e-01 1.191967775028548032e-01
-3.878850175753276730e-01 1.196313593480854559e-01
-3.866994092182581833e-01 1.200643754435852389e-01
-3.855215303448671360e-01 1.204958424495713443e-01
-3.843512847673468125e-01 1.209257767961737784e-01
-3.831885779366177025e-01 1.213541946894425017e-01
-3.820333169116322813e-01 1.217811121174814937e-01
-3.808854102977997091e-01 1.222065448463224846e-01
-3.797447680704887363e-01 1.226305083779484217e-01
-3.786113017779824119e-01 1.230530180294681641e-01
-3.774849244482597621e-01 1.234740889179738316e-01
-3.763655505419791769e-01 1.238937359594731585e-01
-3.752530959252118326e-01 1.243119738738027308e-01
-3.741474778433888648e-01 1.247288171896315662e-01
-3.730486148913869648e-01 1.251442802478699157e-01
-3.719564268189431422e-01 1.255583771491410872e-01
-3.708708346894436514e-01 1.259711218188567794e-01
-3.697917608935320510e-01 1.263825280246981542e-01
-3.687191290628385465e-01 1.267926093599512360e-01
-3.676528640484541532e-01 1.272013792481777594e-01
-3.665928919004780018e-01 1.276088509480145239e-01
-3.655391398486395604e-01 1.280150375581141364e-01
-3.644915362839893924e-01 1.284199520222416568e-01
-3.634500107416558379e-01 1.288236071345421063e-01
-3.624144938280942640e-01 1.292260155248196041e-01
-3.613849168140277901e-01 1.296271895230004245e-01
-3.603612122283650909e-01 1.300271413795954234e-01
-3.593433137033817393e-01 1.304258832220070718e-01
-3.583311558831048238e-01 1.308234270319587333e-01
-3.573246744061248648e-01 1.312197846491085507e-01
-3.563238058891893267e-01 1.316149677747529834e-01
-3.553284879115737316e-01 1.320089879756305151e-01
-3.543386590002265968e-01 1.324018566878367997e-01
-3.533542586156894760e-01 1.327935852208591838e-01
-3.523752270494786010e-01 1.331841847279900959e-01
-3.514015052451938681e-01 1.335736661464409503e-01
-3.504330351877597560e-01 1.339620403523403003e-01
-3.494697597255179700e-01 1.343493181027586580e-01
-3.485116225405182622e-01 1.347355100327426725e-01
-3.475585681349346867e-01 1.351206266582551940e-01
-3.466105418180687736e-01 1.355046783791863385e-01
-3.456674896939365138e-01 1.358876754824448196e-01
-3.447293586494373230e-01 1.362696281451376834e-01
-3.437960963431047623e-01 1.366505464378443557e-01
-3.428676510646773701e-01 1.370304402761366447e-01
-3.419439717358823128e-01 1.374093194270203377e-01
-3.410250081191875116e-01 1.377871935994271213e-01
-3.401107106807563230e-01 1.381640723969955187e-01
-3.392010305784262103e-01 1.385399653201302428e-01
-3.382959196507209221e-01 1.389148817683479586e-01
-3.373953304063016523e-01 1.392888310426746989e-01
-3.364992160138521315e-01 1.396618223481027599e-01
-3.356075302923984816e-01 1.400338647961118232e-01
-3.347202276992273795e-01 1.404049674060710851e-01
-3.338372631864235940e-01 1.407751390510972589e-01
-3.329585923247317392e-01 1.411443885153382538e-01
-3.320841713375820570e-01 1.415127245146382551e-01
-3.312139570358048068e-01 1.418801556751343174e-01
-3.303479068083736703e-01 1.422466905351217059e-01
-3.294859786134793356e-01 1.426123375469560695e-01
-3.286281309699366493e-01 1.429771050789954145e-01
-3.277743229489228916e-01 1.433410014175875991e-01
-3.269245141660436227e-01 1.437040347691067588e-01
-3.260786647616403244e-01 1.440662132567016307e-01
-3.252367352927404975e-01 1.444275448775580450e-01
-3.243986868751158048e-01 1.447880375703413935e-01
-3.235644811473570859e-01 1.451476992047348868e-01
-3.227340802422224986e-01 1.455065375737869260e-01
-3.219074467790942751e-01 1.458645603954470682e-01
-3.210845438566905519e-01 1.462217753141317467e-01
-3.202653350460336057e-01 1.465781899023207435e-01
-3.194497843836733297e-01 1.469338116621897450e-01
-3.186378563651620088e-01 1.472886480272806997e-01
-3.178295159153145533e-01 1.476427063533112538e-01
-3.170247283283016415e-01 1.479959938945077380e-01
-3.162234593810662742e-01 1.483485178604346255e-01
-3.154256752808049513e-01 1.487002853961729154e-01
-3.146313426529732116e-01 1.490513035809870601e-01
-3.138404285350829270e-01 1.494015794295946442e-01
-3.130529003706961633e-01 1.497511198934586285e-01
-3.122687260036187129e-01 1.500999318621043521e-01
-3.114878736722893615e-01 1.504480221644637628e-01
-3.107103120043679390e-01 1.507953975702491511e-01
-3.099360099606932040e-01 1.511420647665757400e-01
-3.091649368328833747e-01 1.514880303600950051e-01
-3.083970623400792421e-01 1.518333009279149159e-01
-3.076323565647799962e-01 1.521778829902942776e-01
-3.068707899472757905e-01 1.525217830115710993e-01
-3.061123332808474151e-01 1.528650074014094862e-01
-3.053569577071411634e-01 1.532075625160776167e-01
-3.046046347117175035e-01 1.535494546597599430e-01
-3.038553361197712244e-01 1.538906900859056959e-01
-3.031090340920254422e-01 1.542312749986150255e-01
-3.023657011207945278e-01 1.545712155540671651e-01
-3.016253100262190068e-01 1.549105178619906154e-01
-3.008878339526675494e-01 1.552491879871794878e-01
-3.001532462541656177e-01 1.555872318934435339e-01
-2.994215204799440810e-01 1.559246554380643579e-01
-2.986926306208703696e-01 1.562614645025281745e-01
-2.979665509658566136e-01 1.565976649218358829e-01
-2.972432560957284919e-01 1.569332624843347568e-01
-2.965227208793625446e-01 1.572682629326739578e-01
-2.958049204699478851e-01 1.576026719647820040e-01
-2.950898303013733681e-01 1.579364952348675244e-01
-2.943774260847401569e-01 1.582697383544450775e-01
-2.936676838049971372e-01 1.586024068933876985e-01
-2.929605797177019522e-01 1.589345063810074787e-01
-2.922560903459024972e-01 1.592660423071663167e-01
-2.915541924771422599e-01 1.595970201234184205e-01
-2.908548630936264590e-01 1.599274452073674579e-01
-2.901580793517548051e-01 1.602573228532706007e-01
-2.894638187474065649e-01 1.605866583653950963e-01
-2.887720590221830030e-01 1.609154570094772363e-01
-2.880827781582679936e-01 1.612437240124081628e-01
-2.873959543753473178e-01 1.615714645630095536e-01
-2.867115661276202765e-01 1.618986838128265715e-01
-2.860295921009070597e-01 1.622253868769379659e-01
-2.853500112098473762e-01 1.625515788347862423e-01
-2.846728025951928420e-01 1.628772647310282595e-01
-2.839979456211916831e-01 1.632024495764070604e-01
-2.833254198730634221e-01 1.635271383486473495e-01
-2.826552051545678790e-01 1.638513359933744529e-01
-2.819872814376517267e-01 1.641750473971073376e-01
-2.813216288390087416e-01 1.644982773752338423e-01
-2.806582277517798429e-01 1.648210307507435857e-01
-2.799970587732646954e-01 1.651433123146574256e-01
-2.793381027003130068e-01 1.654651268254569429e-01
-2.786813405268158683e-01 1.657864790097025864e-01
-2.780267534412669828e-01 1.661073735626640568e-01
-2.773743228243942260e-01 1.664278151489629320e-01
-2.767240302468590984e-01 1.667478084032298635e-01
-2.760758574670267862e-01 1.670673579307757339e-01
-2.754297864288029474e-01 1.673864683082788851e-01
-2.747857992595397758e-01 1.677051440844890273e-01
-2.741438782680094000e-01 1.680233897809479959e-01
-2.735040059111128463e-01 1.683412098734456130e-01
-2.728661647721709049e-01 1.686586087801207334e-01
-2.722303376558594112e-01 1.689755909216324181e-01
-2.715965075374158211e-01 1.692921606919869371e-01
-2.709646575586942552e-01 1.696083224579032489e-01
-2.703347710261121972e-01 1.699240805593145442e-01
-2.697068314086518703e-01 1.702394393098774217e-01
-2.690808223359122953e-01 1.705544029974918052e-01
-2.684567275962142507e-01 1.708689758848303542e-01
-2.678345311347575808e-01 1.711831622098788364e-01
-2.672142170518295168e-01 1.714969661864883532e-01
-2.665957696010653466e-01 1.718103920049393607e-01
-2.659791731877590437e-01 1.721234438325189298e-01
-2.653644123465672133e-01 1.724361258006874009e-01
-2.647514717225704639e-01 1.727484419940847893e-01
-2.641403361401883365e-01 1.730603964967978026e-01
-2.635309905671902597e-01 1.733719933707299488e-01
-2.629234201113329061e-01 1.736832366549529993e-01
-2.623176100186742077e-01 1.739941303661232952e-01
-2.617135456719292264e-01 1.743046784989032705e-01
-2.611112125888637725e-01 1.746148850263925523e-01
-2.605105964207304892e-01 1.749247539005645558e-01
-2.599116829507435722e-01 1.752342890527129882e-01
-2.593144580925929588e-01 1.755434943939069292e-01
-2.587189078889990390e-01 1.758523738154545712e-01
-2.581250185103057260e-01 1.761609311893778673e-01
-2.575327762386714903e-01 1.764691703590018090e-01
-2.569421674513560072e-01 1.767770951286648518e-01
-2.563531786736745754e-01 1.770847093012829221e-01
-2.557657965520759302e-01 1.773920166614007532e-01
-2.551800078512052594e-01 1.776990209745056282e-01
-2.545957994525063772e-01 1.780057259873741582e-01
-2.540131583528545400e-01 1.783121354284236404e-01
-2.534320716632204040e-01 1.786182530080695219e-01
-2.528525266073653466e-01 1.789240824190880264e-01
-2.522745105205672633e-01 1.792296273369858584e-01
-2.516980108483766188e-01 1.795348914203762358e-01
-2.511230151454034165e-01 1.798398783113620558e-01
-2.505495110741335907e-01 1.801445916359268040e-01
-2.499774863887332110e-01 1.804490349934737836e-01
-2.494069289165972148e-01 1.807532119444596186e-01
-2.488378266201901057e-01 1.810571260561343598e-01
-2.482701675658443852e-01 1.813607808813884892e-01
-2.477039399205404890e-01 1.816641799575902105e-01
-2.471391319508031703e-01 1.819673268069300354e-01
-2.465757320216238890e-01 1.822702249367732785e-01
-2.460137285954100694e-01 1.825728778400190488e-01
-2.454531102309611412e-01 1.828752889954674554e-01
-2.448938655824705879e-01 1.831774618681946409e-01
-2.443359833985549734e-01 1.834793999099357809e-01
-2.437794525213080876e-01 1.837811065594774640e-01
-2.432242618853813210e-01 1.840825852430587328e-01
-2.426704005170900735e-01 1.843838393747815052e-01
-2.421178575335443672e-01 1.846848723570312378e-01
-2.415666221418065474e-01 1.849856875809066659e-01
-2.410166836380724931e-01 1.852862884266612276e-01
-2.404680314022256959e-01 1.855866782605633813e-01
-2.399206548074854783e-01 1.858868603658817842e-01
-2.393745433478972340e-01 1.861868380416777657e-01
-2.388296866321298895e-01 1.864866145995154600e-01
-2.382860743502907275e-01 1.867861933389205753e-01
-2.377436962730289094e-01 1.870855775476503169e-01
-2.372025422506588432e-01 1.873847705019682508e-01
-2.366626022123012596e-01 1.876837754669240521e-01
-2.361238661650456039e-01 1.879825956966382772e-01
-2.355863241931294427e-01 1.882812344345931310e-01
-2.350499664571374381e-01 1.885796949139281475e-01
-2.345147831932191951e-01 1.888779803577426697e-01
-2.339807647123247347e-01 1.891760939794039642e-01
-2.334479013994598395e-01 1.894740389828618865e-01
-2.329161837129581358e-01 1.897718185629704291e-01
-2.323856021837721886e-01 1.900694359058159588e-01
-2.318561474147825263e-01 1.903668941890530319e-01
-2.313278100801234582e-01 1.906641965822472584e-01
-2.308005808963501382e-01 1.909613462239117265e-01
-2.302744506117219425e-01 1.912583462130470202e-01
-2.297494100872383704e-01 1.915551996769771226e-01
-2.292254502515777836e-01 1.918519097352026914e-01
-2.287025620990128238e-01 1.921484794985076627e-01
-2.281807366887009803e-01 1.924449120691892889e-01
-2.276599651439883132e-01 1.927412105412928123e-01
-2.271402386517269445e-01 1.930373780008496631e-01
-2.266215484616086739e-01 1.933334175261192667e-01
-2.261038858855088096e-01 1.936293321878366225e-01
-2.255872422968476787e-01 1.939251250494628542e-01
-2.250716091299631849e-01 1.942207991674414214e-01
-2.245569778794974936e-01 1.945163575914594101e-01
-2.240433400997986213e-01 1.948118033647124325e-01
-2.235306874043323788e-01 1.951071395241770756e-01
-2.230190114651110223e-01 1.954023691008866803e-01
-2.225083040121323408e-01 1.956974951202139490e-01
-2.219985568288624089e-01 1.959925205986540186e-01
-2.214897617105753003e-01 1.962874485076042397e-01
-2.209819105311709719e-01 1.965822818328085975e-01
-2.204749952302079430e-01 1.968770235639094313e-01
-2.199690078007803806e-01 1.971716766845014179e-01
-2.194639402889317081e-01 1.974662441723263884e-01
-2.189597847930793706e-01 1.977607289994693651e-01
-2.184565334634490097e-01 1.980551341325591519e-01
-2.179541785015197408e-01 1.983494625329707828e-01
-2.174527121594791168e-01 1.986437171570317184e-01
-2.169521267396881115e-01 1.989379009562311784e-01
-2.164524145941568722e-01 1.992320168774326106e-01
-2.159535681240297711e-01 1.995260678630902118e-01
-2.154555797790803917e-01 1.998200568514690023e-01
-2.149584420572167587e-01 2.001139867768684799e-01
-2.144621475039950875e-01 2.004078605698505489e-01
-2.139666887121451921e-01 2.007016811574713899e-01
-2.134720583211033862e-01 2.009954514635177714e-01
-2.129782489981049132e-01 2.012891743913089171e-01
-2.124852534420602068e-01 2.015828528277138487e-01
-2.119930644182269064e-01 2.018764896765803396e-01
-2.115016747357154892e-01 2.021700878382702848e-01
-2.110110772468205276e-01 2.024636502096598123e-01
-2.105212648465379643e-01 2.027571796843083141e-01
-2.100322304720894928e-01 2.030506791526296151e-01
-2.095439671024547645e-01 2.033441515020655288e-01
-2.090564677579113406e-01 2.036375996172611058e-01
-2.085697254995819427e-01 2.039310263802429635e-01
-2.080837334289888929e-01 2.042244346705999192e-01
-2.075984846876164636e-01 2.045178273656660106e-01
-2.071139724564794171e-01 2.048112073407065969e-01
-2.066301899557003996e-01 2.051045774691066803e-01
-2.061471304440931074e-01 2.053979406225627247e-01
-2.056647872187528925e-01 2.056912996712770836e-01
-2.051831536146549451e-01 2.059846574841559252e-01
-2.047022230013984256e-01 2.062780169261281826e-01
-2.042219887654740662e-01 2.065713808407505514e-01
-2.037424443423753451e-01 2.068647520830207143e-01
-2.032635832069748516e-01 2.071581335103939159e-01
-2.027853988692881193e-01 2.074515279790976330e-01
-2.023078848740666735e-01 2.077449383442869224e-01
-2.018310348003972687e-01 2.080383674602000743e-01
-2.013548422613063993e-01 2.083318181803173186e-01
-2.008793009033703614e-01 2.086252933575206137e-01
-2.004044044063313657e-01 2.089187958442558779e-01
-1.999301464827183961e-01 2.092123284926971638e-01
-1.994565208774750076e-01 2.095058941549125253e-01
-1.989835213675910652e-01 2.097994956830327717e-01
-1.985111417617407559e-01 2.100931359294220813e-01
-1.980393758999256237e-01 2.103868177468508072e-01
-1.975682176531226852e-01 2.106805439886713927e-01
-1.970976609229386223e-01 2.109743175089957845e-01
-1.966276996412681943e-01 2.112681411628763717e-01
-1.961583277589817043e-01 2.115620177946503366e-01
-1.956895392531746714e-01 2.118559502461085653e-01
-1.952213281390312027e-01 2.121499413698595404e-01
-1.947536884601008544e-01 2.124439940194425835e-01
-1.942866142879484670e-01 2.127381110494719341e-01
-1.938200997218080535e-01 2.130322953157827159e-01
-1.933541388882431544e-01 2.133265496755773205e-01
-1.928887259408077759e-01 2.136208769875744817e-01
-1.924238550597150155e-01 2.139152801121591840e-01
-1.919595204515078257e-01 2.142097619115341800e-01
-1.914957163487336633e-01 2.145043252498737840e-01
-1.910324370096247171e-01 2.147989729934788594e-01
-1.905696767177804396e-01 2.150937080109335264e-01
-1.901074297818553527e-01 2.153885331732647568e-01
-1.896456905352494893e-01 2.156834513541020237e-01
-1.891844533358034708e-01 2.159784654298412543e-01
-1.887237125654975811e-01 2.162735782798086148e-01
-1.882634626279882928e-01 2.165687927839368421e-01
-1.878036979404768270e-01 2.168641118138356638e-01
-1.873444129506023625e-01 2.171595382526608498e-01
-1.868856021299416248e-01 2.174550749882139533e-01
-1.864272599723341972e-01 2.177507249115124277e-01
-1.859693809935800135e-01 2.180464909169310128e-01
-1.855119597311400415e-01 2.183423759023439548e-01
-1.850549907438404362e-01 2.186383827692685855e-01
-1.845984686115789697e-01 2.189345144230106510e-01
-1.841423879350356507e-01 2.192307737728102224e-01
-1.836867433353852608e-01 2.195271637319899105e-01
-1.832315294540131922e-01 2.198236872181040247e-01
-1.827767409522343955e-01 2.201203471530894518e-01
-1.823223725110143800e-01 2.204171464634180622e-01
-1.818684188306944616e-01 2.207140880802505867e-01
-1.814148746307183702e-01 2.210111749395925751e-01
-1.809617346493624657e-01 2.213084099824515760e-01
-1.805089936434273734e-01 2.216057961549458277e-01
-1.800566463822187158e-01 2.219033364013734133e-01
-1.796046876531451342e-01 2.222010336714852208e-01
-1.791531122646365104e-01 2.224988909245974866e-01
-1.787019150423719838e-01 2.227969111254522461e-01
-1.782510908290106943e-01 2.230950972443599134e-01
-1.778006344839244690e-01 2.233934522573436110e-01
-1.773505408829337271e-01 2.236919791462841089e-01
-1.769008049180447739e-01 2.239906808990665965e-01
-1.764514214971889539e-01 2.242895605097283140e-01
-1.760023855439649954e-01 2.245886209786079335e-01
-1.755536919973821330e-01 2.248878653124959381e-01
-1.751053358116066161e-01 2.251872965247863345e-01
-1.746573119557091325e-01 2.254869176356302241e-01
-1.742096154134147312e-01 2.257867316720904849e-01
-1.737622411828546876e-01 2.260867416682980080e-01
-1.733151842763199224e-01 2.263869506656097375e-01
-1.728684397200168088e-01 2.266873617127676543e-01
-1.724220024727386724e-01 2.269879777593131198e-01
-1.719758677753734089e-01 2.272888021158942229e-01
-1.715300305813931558e-01 2.275898377060595890e-01
-1.710844859719131139e-01 2.278910876118235840e-01
-1.706392290404789847e-01 2.281925549230528483e-01
-1.701942548928724874e-01 2.284942427376829566e-01
-1.697495586469168760e-01 2.287961541619335237e-01
-1.693051354322803459e-01 2.290982923105221447e-01
-1.688609803902776374e-01 2.294006603068772521e-01
-1.684170886736713890e-01 2.297032612833494747e-01
-1.679734554464707985e-01 2.300060983814220805e-01
-1.675300758837295345e-01 2.303091747519199484e-01
-1.670869451713420661e-01 2.306124935552174293e-01
-1.666440585058382440e-01 2.309160579614451259e-01
-1.662014110941771594e-01 2.312198711506946447e-01
-1.657589981535390333e-01 2.315239363132228778e-01
-1.653168149111154117e-01 2.318282566496551733e-01
-1.648748565987831760e-01 2.321328353639825481e-01
-1.644331181270404785e-01 2.324376752030060944e-01
-1.639915939304733006e-01 2.327427782281390189e-01
-1.635502790873686607e-01 2.330481473973599615e-01
nan nan
nan nan
-1.613467079050311670e-01 2.345791394028506338e-01
-1.609065612616652763e-01 2.348861899729333957e-01
-1.604665910019336672e-01 2.351935295939580339e-01
-1.600267926365727678e-01 2.355011618463309364e-01
-1.595871622920222166e-01 2.358090912265653760e-01
-1.591476956184831038e-01 2.361173215461234709e-01
-1.587083879497940275e-01 2.364258561557521232e-01
-1.582692346213108170e-01 2.367346984117575659e-01
-1.578302309746129062e-01 2.370438516834459108e-01
-1.573913723572403778e-01 2.373533193532484931e-01
-1.569526541224304794e-01 2.376631048168457161e-01
-1.565140716288526412e-01 2.379732114832891487e-01
-1.560756202403439930e-01 2.382836427751213182e-01
-1.556372953256431879e-01 2.385944021284944483e-01
-1.551990922581237553e-01 2.389054929932868110e-01
-1.547610064155274801e-01 2.392169188332177177e-01
-1.543230331796958121e-01 2.395286831259609006e-01
-1.538851679363023028e-01 2.398407893632551191e-01
-1.534474060745828483e-01 2.401532410510140991e-01
-1.530097429870662940e-01 2.404660417094342806e-01
-1.525721740693042339e-01 2.407791948731004272e-01
-1.521346948208225913e-01 2.410927042515016994e-01
-1.516973004786495716e-01 2.414065731497314626e-01
-1.512599865198088200e-01 2.417208052632246196e-01
-1.508227483518768675e-01 2.420354041896329023e-01
-1.503855813844969247e-01 2.423503735422255501e-01
-1.499484810291436265e-01 2.426657169500630595e-01
-1.495114426988899126e-01 2.429814380581725997e-01
-1.490744618081737138e-01 2.432975405277264802e-01
-1.486375337725654167e-01 2.436140280362222021e-01
-1.482006540085366308e-01 2.439309042776658110e-01
-1.477638179332284307e-01 2.442481729627566933e-01
-1.473270209642218165e-01 2.445658378190752325e-01
-1.468902585193072596e-01 2.448839025912729894e-01
-1.464535260162555252e-01 2.452023710412651047e-01
-1.460168188725888549e-01 2.455212469484250870e-01
-1.455801325053518724e-01 2.458405341097824603e-01
-1.451434623308844596e-01 2.461602363402226601e-01
-1.447068037645932725e-01 2.464803574726890378e-01
-1.442701522235146083e-01 2.468009013631623783e-01
-1.438335031234815875e-01 2.471218718864923447e-01
-1.433968518742567144e-01 2.474432729286125399e-01
-1.429601938839302755e-01 2.477651083945996702e-01
-1.425235245587100075e-01 2.480873822089249559e-01
-1.420868393026790688e-01 2.484100983156522502e-01
-1.416501335175561482e-01 2.487332606786389344e-01
-1.412134026024534361e-01 2.490568732817411979e-01
-1.407766419536378433e-01 2.493809401290213446e-01
-1.403398469642911928e-01 2.497054652449585410e-01
-1.399030130242704950e-01 2.500304526746638945e-01
-1.394661355198706376e-01 2.503559064840965021e-01
-1.390292098335844939e-01 2.506818307602860507e-01
-1.385922313438658071e-01 2.510082296115551670e-01
-1.381551954248909087e-01 2.513351071677477067e-01
-1.377180974463205199e-01 2.516624675804595701e-01
-1.372809327730632467e-01 2.519903150232720712e-01
-1.368436967660292269e-01 2.523186536938209490e-01
-1.364063847863306589e-01 2.526474878222959020e-01
-1.359689921825547321e-01 2.529768216486772414e-01
-1.355315142962938146e-01 2.533066594334705823e-01
-1.350939464634658416e-01 2.536370054608264035e-01
-1.346562840140532735e-01 2.539678640387655895e-01
-1.342185222718454418e-01 2.542992394994079697e-01
-1.337806565541795334e-01 2.546311361992058542e-01
-1.333426821716821864e-01 2.549635585191821763e-01
-1.329045944280131952e-01 2.552965108651719106e-01
-1.324663886196065510e-01 2.556299976680692088e-01
-1.320280600354145628e-01 2.559640233840778101e-01
-1.315896039566505915e-01 2.562985924949662264e-01
-1.311510156565317275e-01 2.566337095083277009e-01
-1.307122904000232178e-01 2.569693789578435528e-01
-1.302734234435802552e-01 2.573056054035529061e-01
-1.298344100348918784e-01 2.576423934321243614e-01
-1.293952454126238716e-01 2.579797476571343839e-01
-1.289559248122904289e-01 2.583176727316279786e-01
-1.285164434578721093e-01 2.586561733323417545e-01
-1.280767965566861621e-01 2.589952541500561423e-01
-1.276369793063644731e-01 2.593349199042644937e-01
-1.271969868945652393e-01 2.596751753434300980e-01
-1.267568144986847001e-01 2.600160252452488607e-01
-1.263164572855713652e-01 2.603574744169172561e-01
-1.258759104112377736e-01 2.606995276954069407e-01
-1.254351690205752767e-01 2.610421899477441410e-01
-1.249942282470677679e-01 2.613854660712958133e-01
-1.245530832125049253e-01 2.617293609940612997e-01
-1.241117290266978840e-01 2.620738796749693678e-01
-1.236701607871916880e-01 2.624190271041823563e-01
-1.232283735789804352e-01 2.627648083034051507e-01
-1.227863624742207282e-01 2.631112283262006524e-01
-1.223441225319447795e-01 2.634582922583111886e-01
-1.219016487977742091e-01 2.638060052179858062e-01
-1.214589363058949240e-01 2.641543723612346239e-01
-1.210159800841194011e-01 2.645033988939846092e-01
-1.205727751343381726e-01 2.648530900305370861e-01
-1.201293164426344845e-01 2.652034510162534775e-01
-1.196855989806612508e-01 2.655544871315426714e-01
-1.192416177053157444e-01 2.659062036921688854e-01
-1.187973675584144129e-01 2.662586060495671925e-01
-1.183528434663677908e-01 2.666116995911672616e-01
-1.179080403398564264e-01 2.669654897407238714e-01
-1.174629530735058353e-01 2.673199819586564163e-01
-1.170175765455626210e-01 2.676751817423947966e-01
-1.165719056175693602e-01 2.680310946267344119e-01
-1.161259351340400842e-01 2.683877261841978723e-01
-1.156796599221351224e-01 2.687450820254053130e-01
-1.152330747913350301e-01 2.691031677994522031e-01
-1.147861745331148486e-01 2.694619891942950929e-01
-1.143389539206166872e-01 2.698215519371454651e-01
-1.138914077084168530e-01 2.701818617950955126e-01
-1.134435306438558305e-01 2.705429246033382307e-01
-1.129953174478084826e-01 2.709047462210170121e-01
-1.125467628122689134e-01 2.712673325261839019e-01
-1.120978614098721432e-01 2.716306894395228433e-01
-1.116486078935103460e-01 2.719948229247034499e-01
-1.111989968959493785e-01 2.723597389887463804e-01
-1.107490230294458367e-01 2.727254436823988160e-01
-1.102986808853648748e-01 2.730919431005202624e-01
-1.098479650337974151e-01 2.734592433824789559e-01
-1.093968700231783137e-01 2.738273507125587591e-01
-1.089453903799034867e-01 2.741962713203769386e-01
-1.084935206079476050e-01 2.745660114813120445e-01
-1.080412551884806921e-01 2.749365775169427262e-01
-1.075885885794842234e-01 2.753079757954973172e-01
-1.071355152153670859e-01 2.756802127323138007e-01
-1.066820295065796093e-01 2.760532947903105994e-01
-1.062281258392274580e-01 2.764272284804684121e-01
-1.057737985801622399e-01 2.768020203766586862e-01
-1.053190420822512213e-01 2.771776771314479748e-01
-1.048638506519783270e-01 2.775542053927345654e-01
-1.044082185688528508e-01 2.779316118554274184e-01
-1.039521400868494566e-01 2.783099032668028827e-01
-1.034956094339480603e-01 2.786890864269311874e-01
-1.030386208116744751e-01 2.790691681891171450e-01
-1.025811683946421110e-01 2.794501554603546212e-01
-1.021232463300930648e-01 2.798320552017959373e-01
-1.016648487374401943e-01 2.802148744292352056e-01
-1.012059697078082215e-01 2.805986202136065422e-01
-1.007466033035752662e-01 2.809832996814962125e-01
-1.002867435579132410e-01 2.813689200156695436e-01
-9.982638447432752582e-02 2.817554884556126016e-01
-9.936552002619622459e-02 2.821430122980878030e-01
-9.890414415630732758e-02 2.825314988977046249e-01
-9.844225077639541521e-02 2.829209556675048587e-01
-9.797983376725162563e-02 2.833113900812260222e-01
-9.751688699687775796e-02 2.837028097281428796e-01
-9.705340428518746676e-02 2.840952222134632832e-01
-9.658937940819163626e-02 2.844886351713126760e-01
-9.612480610946184945e-02 2.848830562997718974e-01
-9.565967809957362511e-02 2.852784933613883855e-01
-9.519398905555066792e-02 2.856749541837071971e-01
-9.472773262031015939e-02 2.860724466598205673e-01
-9.426090240210723004e-02 2.864709787489377324e-01
-9.379349197398047233e-02 2.868705584769737915e-01
-9.332549487319598269e-02 2.872711939371577206e-01
-9.285690460069175034e-02 2.876728932906605363e-01
-9.238771462052049188e-02 2.880756647672427784e-01
-9.191791835929113974e-02 2.884795166659213095e-01
-9.144750920560978935e-02 2.888844573556563766e-01
-9.097648050951750998e-02 2.892904952760577131e-01
-9.050482558192739224e-02 2.896976389381106798e-01
-9.003253769405844542e-02 2.901058969249222796e-01
-8.955961008885626740e-02 2.905152779313783795e-01
-8.908603598191632000e-02 2.909257907711179647e-01
-8.861180851337302489e-02 2.913374442225753480e-01
-8.813692078105779537e-02 2.917502471377333428e-01
-8.766136584154125833e-02 2.921642084483243029e-01
-8.718513670943463245e-02 2.925793371664434095e-01
-8.670822635669252210e-02 2.929956423851881597e-01
-8.623062771191564169e-02 2.934131332793264990e-01
-8.575233365965453936e-02 2.938318191059907658e-01
-8.527333703971246015e-02 2.942517092053999472e-01
-8.479363064644850068e-02 2.946728130016089131e-01
-8.431320722807914003e-02 2.950951400032850724e-01
-8.383205948597863277e-02 2.955186998045125635e-01
-8.335018007397825002e-02 2.959435020856239218e-01
-8.286756159766239804e-02 2.963695566140594484e-01
-8.238419661366341851e-02 2.967968732452538894e-01
-8.190007762895268328e-02 2.972254619235510931e-01
-8.141519710080680206e-02 2.976553326856263282e-01
-8.092954744574674952e-02 2.980864956971074897e-01
-8.044312101824654948e-02 2.985189611786662200e-01
-7.995591011588493169e-02 2.989527394276181305e-01
-7.946790698349845417e-02 2.993878408367531274e-01
-7.897910381240239031e-02 2.998242758953085785e-01
-7.848949273960868778e-02 3.002620551899720103e-01
-7.799906584703908408e-02 3.007011894059158363e-01
-7.750781516073497468e-02 3.011416893278622275e-01
-7.701573265006125824e-02 3.015835658411800679e-01
-7.652281022690621270e-02 3.020268299330118311e-01
-7.602903974487457139e-02 3.024714926934320425e-01
-7.553441299847503398e-02 3.029175653166368831e-01
-7.503892172273925187e-02 3.033650591039347977e-01
-7.454255759971194217e-02 3.038139854948915253e-01
-7.404531224172339332e-02 3.042643560045992235e-01
-7.354717719520000030e-02 3.047161822429259592e-01
-7.304814394396862143e-02 3.051694759326158968e-01
-7.254820390832189547e-02 3.056242489104423754e-01
-7.204734844407799377e-02 3.060805131284007885e-01
-7.154556884163672248e-02 3.065382806549420969e-01
-7.104285632502921333e-02 3.069975636762465321e-01
-7.053920205096156359e-02 3.074583744975371014e-01
-7.003459710785264747e-02 3.079207255444342262e-01
-6.952903251486347580e-02 3.083846293643499048e-01
-6.902249922092001944e-02 3.088500986279226757e-01
-6.851498810414739793e-02 3.093171461323935834e-01
-6.800648997958497199e-02 3.097857848428816618e-01
-6.749699557987007270e-02 3.102560278116611170e-01
-6.698649555893208818e-02 3.107278881997384001e-01
-6.647498049624188388e-02 3.112013793022287422e-01
-6.596244089568102653e-02 3.116765145497363831e-01
-6.544886718440669215e-02 3.121533075097893128e-01
-6.493424971170891347e-02 3.126317718883244723e-01
-6.441857874786113825e-02 3.131119215312272996e-01
-6.390184448296316877e-02 3.135937704259222358e-01
-6.338403702577455334e-02 3.140773327030166873e-01
-6.286514640253951236e-02 3.145626226379972246e-01
-6.234516255580109523e-02 3.150496546529784059e-01
-6.182407534361895191e-02 3.155384433206206429e-01
-6.130187454918908929e-02 3.160290034219096489e-01
-6.077854985757522727e-02 3.165213498361998390e-01
-6.025409085928409153e-02 3.170154975657021312e-01
-5.972848705603099606e-02 3.175114617731564226e-01
-5.920172785935741422e-02 3.180092577834793266e-01
-5.867380258924063258e-02 3.185089010854809666e-01
-5.814470047269516134e-02 3.190104073336526569e-01
-5.761441064236554749e-02 3.195137923500224741e-01
-5.708292213510800239e-02 3.200190721260819382e-01
-5.655022389056180848e-02 3.205262628247817491e-01
-5.601630474970784035e-02 3.210353807825969130e-01
-5.548115345341401994e-02 3.215464425116624225e-01
-5.494475864136172394e-02 3.220594647042901992e-01
-5.440710886391046663e-02 3.225744643145210255e-01
-5.386819255426048003e-02 3.230914584072390738e-01
-5.332799803154193719e-02 3.236104641843223217e-01
-5.278651350855928515e-02 3.241314990412587638e-01
-5.224372709008137661e-02 3.246545805691051778e-01
-5.169962677112156790e-02 3.251797265565405382e-01
-5.115420043520826909e-02 3.257069549920127427e-01
-5.060743585264271260e-02 3.262362840659799867e-01
-5.005932067874465513e-02 3.267677321732456730e-01
-4.950984245208282092e-02 3.273013179153875796e-01
-4.895898859268973946e-02 3.278370601032810083e-01
-4.840674640026012415e-02 3.283749777597161357e-01
-4.785310305265177283e-02 3.289150901243220182e-01
-4.729804561866744056e-02 3.294574167583678159e-01
-4.674156102822903114e-02 3.300019773573040771e-01
-4.618363607404038507e-02 3.305487917732063963e-01
-4.562425742062864442e-02 3.310978800926626664e-01
-4.506341160222819553e-02 3.316492626391814302e-01
-4.450108502065260041e-02 3.322029599757259644e-01
-4.393726394315109612e-02 3.327589929073739849e-01
-4.337193450024852404e-02 3.333173824841028643e-01
-4.280508268356761348e-02 3.338781500037003580e-01
-4.223669434363019892e-02 3.344413170148012870e-01
-4.166675518763780089e-02 3.350069053200492308e-01
-4.109525077722731706e-02 3.355749369793843973e-01
-4.052216652649073825e-02 3.361454343158460367e-01
-3.994748771812674931e-02 3.367184200748015166e-01
-3.937119946689828648e-02 3.372939171474094167e-01
-3.879328671978417992e-02 3.378719485860698368e-01
-3.821373426853588023e-02 3.384525377313639671e-01
-3.763252674700256345e-02 3.390357082148955370e-01
-3.704964862843880546e-02 3.396214839623070136e-01
-3.646508422279336192e-02 3.402098891964707161e-01
-3.587881767397709670e-02 3.408009484408536238e-01
-3.529083295710600671e-02 3.413946865230574890e-01
-3.470111387571900990e-02 3.419911285785331434e-01
-3.410964405896623614e-02 3.425903000544687771e-01
-3.351640695876614146e-02 3.431922267138533544e-01
-3.292138584699266790e-02 3.437969346403706439e-01
-3.232456381867981204e-02 3.444044503080563868e-01
-3.172592377805340952e-02 3.450148004728769702e-01
-3.112544843569279782e-02 3.456280121742235090e-01
-3.052312031088934632e-02 3.462441127955925291e-01
-2.991892172846981682e-02 3.468631300691786823e-01
-2.931283481557935347e-02 3.474850920806645260e-01
-2.870484149842191662e-02 3.481100272742020385e-01
-2.809492349895364657e-02 3.487379644575901994e-01
-2.748306233152874797e-02 3.493689328076462486e-01
-2.686923929996448690e-02 3.500029618819094357e-01
-2.625343549779455762e-02 3.506400816747781701e-01
-2.563563179457917229e-02 3.512803224913939037e-01
-2.501580883718449236e-02 3.519237150120355095e-01
-2.439394704802031258e-02 3.525702903232011409e-01
-2.377002662119787751e-02 3.532200799231385857e-01
-2.314402751863649244e-02 3.538731157276279737e-01
-2.251592946611344001e-02 3.545294300760141737e-01
-2.188571194925451394e-02 3.551890557374905999e-01
-2.125335420946247375e-02 3.558520259176331524e-01
-2.061883524109279359e-02 3.565183742879188267e-01
-1.998213378872544521e-02 3.571881350230505237e-01
-1.934322833351995521e-02 3.578613426442904810e-01
-1.870209709557195052e-02 3.585380321356292921e-01
-1.805871803009010193e-02 3.592182389633787332e-01
-1.741306882271945883e-02 3.599019990828956073e-01
-1.676512688479717475e-02 3.605893489456317713e-01
-1.611486934853403191e-02 3.612803255065094588e-01
-1.546227306211815124e-02 3.619749662316225081e-01
-1.480731458473698997e-02 3.626733091062616654e-01
-1.414997018385923643e-02 3.633753927035607845e-01
-1.349021582773983659e-02 3.640812561454122021e-01
-1.282802717494673471e-02 3.647909389663897550e-01
-1.216337957505144937e-02 3.655044812670883436e-01
-1.149624806309939434e-02 3.662219237249595971e-01
-1.082660735386970635e-02 3.669433076025044316e-01
-1.015443183604493142e-02 3.676686747558941537e-01
-9.479695566282614339e-03 3.683980676440209434e-01
-8.802372263185248916e-03 3.691315293379765494e-01
-8.122435301174735223e-03 3.698691035315995745e-01
-7.439857706933408754e-03 3.706108346863795644e-01
-6.754612147427029034e-03 3.713567678042682951e-01
-6.066670924140100951e-03 3.721069484246762316e-01
-5.376005969518872843e-03 3.728614227729999397e-01
-4.682588839977147414e-03 3.736202377700231225e-01
-3.986390708789176035e-03 3.743834410418952485e-01
-3.287382358862478079e-03 3.751510809306848881e-01
-2.585534175380598074e-03 3.759232065055107541e-01
-1.880816138310364462e-03 3.766998675742453395e-01
-1.173197814814657541e-03 3.774811147123894317e-01
-4.626483515186773044e-04 3.782669994500330035e-01
2.508635349530111830e-04 3.790575738530004846e-01
9.673695642646435149e-04 3.798528907113802866e-01
1.686901900440941193e-03 3.806530036460237243e-01
2.409493160562396676e-03 3.814579671203343070e-01
3.135176423615483338e-03 3.822678364528230288e-01
3.863985239510441764e-03 3.830826678304279365e-01
4.595953638276353490e-03 3.839025183225983628e-01
5.331116139443177818e-03 3.847274458961408850e-01
6.069507762853207714e-03 3.855575095089475157e-01
6.811164041724892398e-03 3.863927692703488792e-01
7.556121022060138283e-03 3.872332858075868689e-01
8.304415277635965320e-03 3.880791206945762295e-01
9.056083921590050295e-03 3.889303365252267941e-01
9.811164617373174107e-03 3.897869969277668600e-01
1.056969558991263138e-02 3.906491665801223867e-01
1.133171563700394180e-02 3.915169112263545692e-01
1.209726414094271230e-02 3.923902976941522347e-01
1.286638108041324863e-02 3.932693939133765637e-01
1.363910704496827490e-02 3.941542690027208806e-01
1.441548324666403966e-02 3.950449932508711681e-01
1.519555152564913865e-02 3.959416379449778867e-01
1.597935436882309476e-02 3.968442755713448289e-01
1.676693492346722353e-02 3.977529798422750340e-01
1.755833701102338731e-02 3.986678257187415420e-01
1.835360514121076383e-02 3.995888894342266018e-01
1.915278452742802395e-02 4.005162485391537963e-01
1.995592110508475486e-02 4.014499819935392622e-01
2.076306153499451676e-02 4.023901699491626571e-01
2.157425322561201675e-02 4.033368939296169131e-01
2.238954435064768531e-02 4.042902368894560339e-01
2.320898386552548362e-02 4.052502832408229616e-01
2.403262152426475368e-02 4.062171188815787981e-01
2.486050789691815824e-02 4.071908312267095709e-01
2.569269439540246280e-02 4.081715093668457084e-01
2.652923327587941235e-02 4.091592438367623319e-01
2.737017765937245842e-02 4.101541266959664034e-01
2.821558155843496493e-02 4.111562516835746139e-01
2.906549989691268113e-02 4.121657142497203719e-01
2.991998853024491895e-02 4.131826115889090101e-01
3.077910426633334931e-02 4.142070426753151624e-01
3.164290489435920423e-02 4.152391083965332186e-01
3.251144920231955476e-02 4.162789115228327508e-01
3.338479697741978530e-02 4.173265564658658611e-01
3.426300905088010967e-02 4.183821496126757244e-01
3.514614732250979923e-02 4.194457993722787714e-01
3.603427478525964012e-02 4.205176162152012287e-01
3.692745555049993522e-02 4.215977127155633997e-01
3.782575487822110311e-02 4.226862036421867308e-01
3.872923922051120516e-02 4.237832061830199559e-01
3.963797619281338863e-02 4.248888393673413422e-01
4.055203463474060105e-02 4.260032244973955828e-01
4.147148464705691789e-02 4.271264852832265535e-01
4.239639762152511149e-02 4.282587478892663224e-01
4.332684627169454405e-02 4.294001409843335448e-01
4.426290466502324356e-02 4.305507957983855105e-01
4.520464828838106908e-02 4.317108464912238763e-01
4.615215401733989420e-02 4.328804295785547707e-01
4.710550015786348077e-02 4.340596840849815785e-01
4.806476651407766421e-02 4.352487519166701180e-01
4.903003442483531982e-02 4.364477779175746641e-01
5.000138680152035886e-02 4.376569099301771404e-01
5.097890816715479334e-02 4.388762988607267101e-01
5.196268472733091282e-02 4.401060990069688428e-01
5.295280439503344955e-02 4.413464679695024429e-01
5.394935673570552120e-02 4.425975659163829401e-01
5.495243310596853448e-02 4.438595564793341164e-01
5.596212670208828427e-02 4.451326068494860233e-01
5.697853260656708663e-02 4.464168878490345493e-01
5.800174783646783183e-02 4.477125740090988071e-01
5.903187139838970976e-02 4.490198436905480373e-01
6.006900436167585122e-02 4.503388793302691151e-01
6.111324984231474716e-02 4.516698670055878106e-01
6.216471309891923730e-02 4.530129968511329430e-01
6.322350160074247105e-02 4.543684632393701905e-01
6.428972508733549196e-02 4.557364648862447520e-01
6.536349564781951393e-02 4.571172050845762058e-01
6.644492775846541632e-02 4.585108916302216842e-01
6.753413832948468309e-02 4.599177368158365864e-01
6.863124681314695941e-02 4.613379578363965838e-01
6.973637527431367222e-02 4.627717769132417280e-01
7.084964846826956320e-02 4.642194214555351306e-01
7.197119394393346192e-02 4.656811243728070648e-01
7.310114203299615532e-02 4.671571236343367572e-01
7.423962598797806400e-02 4.686476627997474553e-01
7.538678208288931981e-02 4.701529912769565889e-01
7.654274969988693333e-02 4.716733644742727716e-01
7.770767145129782449e-02 4.732090441559568261e-01
7.888169323297347657e-02 4.747602983584635616e-01
8.006496426492253071e-02 4.763274012355621645e-01
8.125763727948395743e-02 4.779106337805932858e-01
8.245986862582845023e-02 4.795102840120639698e-01
8.367181838522792792e-02 4.811266472074356426e-01
8.489365054954370327e-02 4.827600264795994800e-01
8.612553294358631095e-02 4.844107318735794698e-01
8.736763745795848857e-02 4.860790812478691381e-01
8.862014021814976217e-02 4.877654007468949504e-01
8.988322171338322675e-02 4.894700250227850824e-01
9.115706698808472008e-02 4.911932977790935406e-01
9.244186572776938449e-02 4.929355717160269768e-01
9.373781226075925121e-02 4.946972080332501243e-01
9.504510589679383836e-02 4.964785777212891160e-01
9.636395108794033881e-02 4.982800618541884385e-01
9.769455760349879392e-02 5.001020519344827608e-01
9.903714085867779127e-02 5.019449509951972033e-01
1.003919216708224066e-01 5.038091717622292798e-01
1.017591266608287165e-01 5.056951381284471303e-01
1.031389885620328239e-01 5.076032860852380812e-01
1.045317464173122213e-01 5.095340640536967225e-01
1.059376458270523402e-01 5.114879334404682787e-01
1.073569391450136939e-01 5.134653689109178742e-01
1.087898855718731905e-01 5.154668581599580746e-01
1.102367515535649656e-01 5.174929031241828348e-01
1.116978110573639965e-01 5.195440205564024749e-01
1.131733458698975514e-01 5.216207426674950298e-01
1.146636457046591173e-01 5.237236168609525899e-01
1.161690086527087939e-01 5.258532070325616647e-01
1.176897415150635340e-01 5.280100942675352016e-01
1.192261602085439853e-01 5.301948778247399519e-01
1.207785898510256167e-01 5.324081746532945969e-01
1.223473652649335608e-01 5.346506207590225879e-01
1.239328314236759071e-01 5.369228722502612516e-01
1.255353439408056770e-01 5.392256065105599516e-01
1.271552692491697834e-01 5.415595219881765843e-01
1.287929850262571896e-01 5.439253390325324844e-01
1.304488808581988901e-01 5.463238016848582790e-01
1.321233587888540617e-01 5.487556788990624046e-01
1.338168337267112984e-01 5.512217651129331930e-01
1.355297336487059634e-01 5.537228799576935367e-01
1.372625005732839298e-01 5.562598710950206193e-01
1.390155911899857433e-01 5.588336155323402332e-01
1.407894775829733325e-01 5.614450212453271361e-01
1.425846471720391140e-01 5.640950256228052240e-01
1.444016039818029340e-01 5.667845991935168692e-01
1.462408694402300979e-01 5.695147473403415761e-01
1.481029834317595384e-01 5.722865129133102302e-01
1.499885041449230128e-01 5.751009740939984072e-01
1.518980094295773187e-01 5.779592480963285928e-01
1.538320979682644141e-01 5.808624939909495799e-01
1.557913902608083212e-01 5.838119146955743632e-01
1.577765294089759629e-01 5.868087581255913010e-01
1.597881821456675067e-01 5.898543191891513215e-01
1.618270402061208479e-01 5.929499429397754318e-01
1.638938213420497170e-01 5.960970262837205214e-01
1.659892707351971197e-01 5.992970210468216985e-01
1.681141624845061966e-01 6.025514371634250743e-01
1.702693007728559860e-01 6.058618445784866857e-01
1.724555216761170240e-01 6.092298773280301338e-01
1.746736948688521751e-01 6.126572370731808714e-01
1.769247250050438036e-01 6.161456953423291028e-01
1.792095541195255493e-01 6.196970991978243415e-01
1.815291634480604988e-01 6.233133746575091338e-01
1.838845747936620756e-01 6.269965284147054341e-01
1.862768544716884300e-01 6.307486582069296022e-01
1.887071144431528569e-01 6.345719532884180891e-01
1.911765140940451246e-01 6.384686970274310314e-01
1.936862650349565340e-01 6.424412794019942474e-01
1.962376339178389384e-01 6.464922024411801083e-01
1.988319450292663493e-01 6.506240846995782201e-01
2.014705827569499841e-01 6.548396651236428889e-01
2.041549967494557249e-01 6.591418154418897668e-01
2.068867049582970852e-01 6.635335452530750633e-01
2.096672989103932350e-01 6.680180140001160671e-01
2.124984471578828804e-01 6.725985366840002699e-01
2.153819015129789516e-01 6.772785980902941150e-01
2.183195009464757863e-01 6.820618591404223885e-01
2.213131792966067934e-01 6.869521748000417816e-01
2.243649673900431352e-01 6.919535940391043916e-01
2.274770087218584980e-01 6.970704013154223055e-01
2.306515598680251855e-01 7.023071099611639667e-01
2.338909955497133208e-01 7.076684698619510883e-01
2.371978238459074573e-01 7.131595053256223338e-01
2.405746934834858408e-01 7.187855278244468238e-01
2.440244047913725511e-01 7.245521591020523955e-01
2.475499205925217605e-01 7.304653531974267811e-01
2.511543795965094361e-01 7.365314249438463801e-01
2.548411038214971613e-01 7.427570599700816789e-01
2.586136228897729650e-01 7.491493731640200826e-01
2.624756753783702989e-01 7.557158988897008101e-01
