-3.399955189910938702e-01 -1.745584709123200592e-03
-3.379681382931992162e-01 -1.785246311670923109e-03
-3.359679123039745474e-01 -1.824454735565116071e-03
-3.339943591764575337e-01 -1.863219362602513930e-03
-3.320469823540131427e-01 -1.901549204781368069e-03
-3.301252954623825620e-01 -1.939453039644526431e-03
-3.282288247890657318e-01 -1.976939432755773964e-03
-3.263571082092102116e-01 -2.014016740451655268e-03
-3.245096940121977025e-01 -2.050693111009496434e-03
-3.226861448990284154e-01 -2.086976518216006066e-03
-3.208860343147190708e-01 -2.122874747779360423e-03
-3.191089397704894859e-01 -2.158395360121404503e-03
-3.173544522109782440e-01 -2.193545758135159989e-03
-3.156221733096705173e-01 -2.228333178041990315e-03
-3.139117115372333511e-01 -2.262764668999348115e-03
-3.122226853792687273e-01 -2.296847121806541280e-03
-3.105547242057750124e-01 -2.330587282849270331e-03
-3.089074616130183526e-01 -2.363991711209455227e-03
-3.072805429379057429e-01 -2.397066840415598438e-03
-3.056736209143222083e-01 -2.429818952611289152e-03
-3.040863560194694282e-01 -2.462254186839810208e-03
-3.025184147442872007e-01 -2.494378530519073336e-03
-3.009694726369268603e-01 -2.526197849442635146e-03
-2.994392125608192901e-01 -2.557717879609383311e-03
-2.979273242731070859e-01 -2.588944228979853449e-03
-2.964335043111769874e-01 -2.619882381579984217e-03
-2.949574558086628939e-01 -2.650537700870997642e-03
-2.934988875745640491e-01 -2.680915426223462201e-03
-2.920575139773736173e-01 -2.711020676046402202e-03
-2.906330545925047137e-01 -2.740858448581141513e-03
-2.892252365217984900e-01 -2.770433647975909571e-03
-2.878337950849853000e-01 -2.799751096587750013e-03
-2.864584689881209401e-01 -2.828815493357738926e-03
-2.850990022460455076e-01 -2.857631435589431078e-03
-2.837551440036940598e-01 -2.886203421063289216e-03
-2.824266490020201914e-01 -2.914535856645706410e-03
-2.811132774500492704e-01 -2.942633061094955104e-03
-2.798147939777091975e-01 -2.970499257995733427e-03
-2.785309679154988616e-01 -2.998138582043781680e-03
-2.772615731391837590e-01 -3.025555080833698760e-03
-2.760063883919525729e-01 -3.052752721789626054e-03
-2.747651970544737754e-01 -3.079735393192941425e-03
-2.735377865226581440e-01 -3.106506900551583156e-03
-2.723239483349614298e-01 -3.133070971038886838e-03
-2.711234781139121308e-01 -3.159431255881473000e-03
-2.699361755233471438e-01 -3.185591332879309390e-03
-2.687618446166312181e-01 -3.211554713561027251e-03
-2.676002928377024803e-01 -3.237324834350482124e-03
-2.664513313108144987e-01 -3.262905062627064097e-03
-2.653147747234682607e-01 -3.288298698000413807e-03
-2.641904416521989041e-01 -3.313508979036485728e-03
-2.630781541570089699e-01 -3.338539080992137652e-03
-2.619777374556815919e-01 -3.363392114213669976e-03
-2.608890200219979305e-01 -3.388071127752061412e-03
-2.598118335040153770e-01 -3.412579110701387513e-03
-2.587460126475152333e-01 -3.436918993533926315e-03
-2.576913952326472246e-01 -3.461093649543319026e-03
-2.566478222711134904e-01 -3.485105899770513799e-03
-2.556151377192292240e-01 -3.508958511458521758e-03
-2.545931883641838200e-01 -3.532654198656039624e-03
-2.535818238685387804e-01 -3.556195624937908556e-03
-2.525808967364728819e-01 -3.579585405057275193e-03
-2.515902622859394477e-01 -3.602826106651735999e-03
-2.506097785629737840e-01 -3.625920251088410404e-03
-2.496393052109836808e-01 -3.648870298957153976e-03
-2.486787046035827120e-01 -3.671678667980141520e-03
-2.477278418577905095e-01 -3.694347735231612740e-03
-2.467865845142461212e-01 -3.716879834353214312e-03
-2.458548024970172441e-01 -3.739277256738600917e-03
-2.449323680764527444e-01 -3.761542252728372615e-03
-2.440191557901500163e-01 -3.783677032123200848e-03
-2.431150419382731021e-01 -3.805683757962554509e-03
-2.422199051129005909e-01 -3.827564556195568214e-03
-2.413336260998143190e-01 -3.849321515812216023e-03
-2.404560877456792811e-01 -3.870956688330663351e-03
-2.395871749188125122e-01 -3.892472088685964508e-03
-2.387267744717423146e-01 -3.913869696114207451e-03
-2.378747751828731993e-01 -3.935151454657709498e-03
-2.370310675689017432e-01 -3.956319271460094662e-03
-2.361955440571718856e-01 -3.977375020956778855e-03
-2.353680989081615160e-01 -3.998320544973429751e-03
-2.345486281575119292e-01 -4.019157653091021999e-03
-2.337370295826860234e-01 -4.039888123383986347e-03
-2.329332026710103087e-01 -4.060513703153890118e-03
-2.321370485661557737e-01 -4.081036109255038735e-03
-2.313484699366041286e-01 -4.101457026990018052e-03
-2.305673711013964955e-01 -4.121778113486630236e-03
-2.297936579567176063e-01 -4.142000997597651037e-03
-2.290272379344908960e-01 -4.162127280317044591e-03
-2.282680199740024507e-01 -4.182158535397165894e-03
-2.275159144946213297e-01 -4.202096309961994222e-03
-2.267708333485188021e-01 -4.221942124723144368e-03
-2.260326897340970143e-01 -4.241697473417116275e-03
-2.253013982776714275e-01 -4.261363825346932942e-03
-2.245768749718232149e-01 -4.280942625265227869e-03
-2.238590371451904260e-01 -4.300435293805864208e-03
-2.231478034385521447e-01 -4.319843228011136307e-03
-2.224430937818556442e-01 -4.339167801855088949e-03
-2.217448293283649785e-01 -4.358410365904652126e-03
-2.210529323712165095e-01 -4.377572246573206878e-03
-2.203673264966448941e-01 -4.396654750022486666e-03
-2.196879364879215368e-01 -4.415659161189147697e-03
-2.190146883000482769e-01 -4.434586744159459658e-03
-2.183475090407158425e-01 -4.453438742649258597e-03
-2.176863269521362165e-01 -4.472216380484068075e-03
-2.170310713937100844e-01 -4.490920862081309792e-03
-2.163816728255616995e-01 -4.509553372934608888e-03
-2.157380627929177674e-01 -4.528115080101757783e-03
-2.151001738717489564e-01 -4.546607131859029156e-03
-2.144679393007707102e-01 -4.565030650632157828e-03
-2.138412934919086406e-01 -4.583386744428150257e-03
-2.132201719212772906e-01 -4.601676505351973666e-03
-2.126045110356014900e-01 -4.619901008360917903e-03
-2.119942482368797343e-01 -4.638061311648403878e-03
-2.113893218676971553e-01 -4.656158457028453795e-03
-2.107896711972046533e-01 -4.674193470321040891e-03
-2.101952364077289415e-01 -4.692167361739990952e-03
-2.096059585820433391e-01 -4.710081126283275146e-03
-2.090217796902768821e-01 -4.727935744104352737e-03
-2.084426423428059061e-01 -4.745732175542955941e-03
-2.078684899528724928e-01 -4.763471365326241505e-03
-2.072992668931918636e-01 -4.781154246775388451e-03
-2.067349183460959194e-01 -4.798781739038309943e-03
-2.061753902910095637e-01 -4.816354747396341118e-03
-2.056206294924020350e-01 -4.833874163571784746e-03
-2.050705834882286804e-01 -4.851340866036346795e-03
-2.045252005788779082e-01 -4.868755720320501815e-03
-2.039844298165919279e-01 -4.886119579325298203e-03
-2.034482209953876464e-01 -4.903433283636258154e-03
-2.029165245578620769e-01 -4.920697659813335831e-03
-2.023892914842010671e-01 -4.937913518162873223e-03
-2.018664735904744101e-01 -4.955081660458226372e-03
-2.013480233807164177e-01 -4.972202876906095699e-03
-2.008338940282138607e-01 -4.989277946191699072e-03
-2.003240393655276452e-01 -5.006307635724690543e-03
-1.998184138748701211e-01 -5.023292701886028847e-03
-1.993169726788628637e-01 -5.040233890275388866e-03
-1.988196715316564167e-01 -5.057131935960094450e-03
-1.983264668104363360e-01 -5.073987563725150182e-03
-1.978373154887751728e-01 -5.090801487849375313e-03
-1.973521749811597836e-01 -5.107574408523799132e-03
-1.968710033603968956e-01 -5.124307017836522878e-03
-1.963937593037587692e-01 -5.140999998851078501e-03
-1.959204020537951563e-01 -5.157654025022457428e-03
-1.954508914100051842e-01 -5.174269760395779766e-03
-1.949851877208081674e-01 -5.190847859804645185e-03
-1.945232518757844253e-01 -5.207388969070443109e-03
-1.940650452982086716e-01 -5.223893725202129537e-03
-1.936105299378598488e-01 -5.240362756597354357e-03
-1.931596682634803552e-01 -5.256796683226800868e-03
-1.927124231603465354e-01 -5.273196114216150386e-03
-1.922687580005616459e-01 -5.289561650088758782e-03
-1.918286366954616295e-01 -5.305893884575331280e-03
-1.913920236366210004e-01 -5.322193403373296806e-03
-1.909588836889143104e-01 -5.338460784308461660e-03
-1.905291821837910571e-01 -5.354696597497011004e-03
-1.901028849127854026e-01 -5.370901405507301322e-03
-1.896799581212338381e-01 -5.387075763522653805e-03
-1.892603685022221927e-01 -5.403220219504595301e-03
-1.888440831907466366e-01 -5.419335314357362141e-03
-1.884310697224852449e-01 -5.435421581065547417e-03
-1.880212959917574866e-01 -5.451479543772276733e-03
-1.876147303673871558e-01 -5.467509721421657393e-03
-1.872113416310546841e-01 -5.483512626304155521e-03
-1.868110989686254664e-01 -5.499488764107548361e-03
-1.864139719644999915e-01 -5.515438634049046017e-03
-1.860199305961305616e-01 -5.531362729007852086e-03
-1.856289452287226416e-01 -5.547261535657547343e-03
-1.852409866100985514e-01 -5.563135534599444876e-03
-1.848560258657412081e-01 -5.578985200496338996e-03
-1.844740344816350464e-01 -5.594811001832238236e-03
-1.840949842156048288e-01 -5.610613398476862156e-03
-1.837188472364962022e-01 -5.626392846149744914e-03
-1.833455960837921117e-01 -5.642149795481892979e-03
-1.829752036451623987e-01 -5.657884691596527620e-03
-1.826076431519846055e-01 -5.673597974227409524e-03
-1.822428881750086938e-01 -5.689290077838409822e-03
-1.818809126201763327e-01 -5.704961431744061222e-03
-1.815216907246042788e-01 -5.720612460230848142e-03
-1.811651970527107525e-01 -5.736243582680268863e-03
-1.808114064925031295e-01 -5.751855213693072080e-03
-1.804602942520126818e-01 -5.767447763215415545e-03
-1.801118358558951027e-01 -5.783021636666344813e-03
-1.797660071403819615e-01 -5.798577235009871877e-03
-1.794227840769555549e-01 -5.814114949271954012e-03
-1.790821429388373687e-01 -5.829635166060593773e-03
-1.787440603823371998e-01 -5.845138270449150644e-03
-1.784085133503974518e-01 -5.860624643091969475e-03
-1.780754790689001166e-01 -5.876094660315130808e-03
-1.777449350430956032e-01 -5.891548694207250636e-03
-1.774168590541343460e-01 -5.906987112711324477e-03
-1.770912291557173168e-01 -5.922410279716982563e-03
-1.767680236708538688e-01 -5.937818555153849195e-03
-1.764472211887418152e-01 -5.953212295085351380e-03
-1.761288005617508701e-01 -5.968591851804059233e-03
-1.758127409025249388e-01 -5.983957573927894610e-03
-1.754990215811912946e-01 -5.999309806497915738e-03
-1.751876221668209332e-01 -6.014648889158807389e-03
-1.748785223875652106e-01 -6.029975154931982960e-03
-1.745717023043695248e-01 -6.045288936349210197e-03
-1.742671422197576148e-01 -6.060590562526533415e-03
-1.739648226713515211e-01 -6.075880359117275496e-03
-1.736647244289837300e-01 -6.091158648384797404e-03
-1.733668284918902236e-01 -6.106425749276005351e-03
-1.730711160859998154e-01 -6.121681977494997616e-03
-1.727775686613009787e-01 -6.136927645577827661e-03
-1.724861678893011285e-01 -6.152163062967750361e-03
-1.721968956605671175e-01 -6.167388536091605346e-03
-1.719097340823618203e-01 -6.182604368436664388e-03
-1.716246654763581847e-01 -6.197810860628978451e-03
-1.713416723613661319e-01 -6.213008309965768229e-03
-1.710607373615413151e-01 -6.228197007219746922e-03
-1.707818433632147803e-01 -6.243377242449979839e-03
-1.705049734693094010e-01 -6.258549303523245136e-03
-1.702301109790915479e-01 -6.273713475528530821e-03
-1.699572393857945452e-01 -6.288870040834147052e-03
-1.696863423742994148e-01 -6.304019279145591306e-03
-1.694174038188863141e-01 -6.319161467563559273e-03
-1.691504077810473405e-01 -6.334296880642679116e-03
-1.688853385073729174e-01 -6.349425790450346357e-03
-1.686221804274961322e-01 -6.364548466626589185e-03
-1.683609181521078246e-01 -6.379665176444357030e-03
-1.681015364710326254e-01 -6.394776184870805749e-03
-1.678440203504196482e-01 -6.409881754592314067e-03
-1.675883548663089639e-01 -6.424982143598454397e-03
-1.673345252703299924e-01 -6.440077607792095947e-03
-1.670825170130354753e-01 -6.455168402020578129e-03
-1.668323157099295961e-01 -6.470254778905924070e-03
-1.665839071395035231e-01 -6.485336988890454298e-03
-1.663372772413171941e-01 -6.500415280282904364e-03
-1.660924121141395260e-01 -6.515489899304390681e-03
-1.658492980141317297e-01 -6.530561090135165656e-03
-1.656079213530861627e-01 -6.545629094961498591e-03
-1.653682686967115345e-01 -6.560694154023278234e-03
-1.651303267629760374e-01 -6.575756505661668229e-03
-1.648940824204950806e-01 -6.590816386367712339e-03
-1.646595226869694839e-01 -6.605874030831566761e-03
-1.644266347026831221e-01 -6.620929670985366451e-03
-1.641954057170926518e-01 -6.635983535552385237e-03
-1.639658231588194404e-01 -6.651035852966885945e-03
-1.637378745970365090e-01 -6.666086849935221048e-03
-1.635115477387044935e-01 -6.681136751426613486e-03
-1.632868304269865789e-01 -6.696185780710573777e-03
-1.630637106397070935e-01 -6.711234159394262495e-03
-1.628421764878462130e-01 -6.726282107460400915e-03
-1.626222162140811556e-01 -6.741329843305059362e-03
-1.624038181913605161e-01 -6.756377583776234860e-03
-1.621869709215224553e-01 -6.771425544212578834e-03
-1.619716630339488317e-01 -6.786473938482818699e-03
-1.617578832842659353e-01 -6.801522979025225422e-03
-1.615456205462506012e-01 -6.816572876599878532e-03
-1.613348637750278425e-01 -6.831623838818067299e-03
-1.611256020713016379e-01 -6.846676072931470215e-03
-1.609178246608151397e-01 -6.861729785064523378e-03
-1.607115208863875155e-01 -6.876785179966213649e-03
-1.605066802065939768e-01 -6.891842461040477083e-03
-1.603032921944834988e-01 -6.906901830376312862e-03
-1.601013465363221311e-01 -6.921963488778580705e-03
-1.599008330303703929e-01 -6.937027635798751445e-03
-1.597017415856893940e-01 -6.952094469766217054e-03
-1.595040622209835668e-01 -6.967164187819456685e-03
-1.593077850634697368e-01 -6.982236985937944306e-03
-1.591129003477771697e-01 -6.997313058974433640e-03
-1.589193984140196136e-01 -7.012392600649069649e-03
-1.587272696648493187e-01 -7.027475801726490792e-03
-1.585365046147398094e-01 -7.042562852251247479e-03
-1.583470938998456090e-01 -7.057653942070449965e-03
-1.581590282567132411e-01 -7.072749259971524045e-03
-1.579722985212468900e-01 -7.087848993710513072e-03
-1.577868956277054813e-01 -7.102953330040434610e-03
-1.576028106077245472e-01 -7.118062454740298889e-03
-1.574200345893718433e-01 -7.133176552644070016e-03
-1.572385587962258635e-01 -7.148295807670491941e-03
-1.570583745464826375e-01 -7.163420402853340301e-03
-1.568794732520956692e-01 -7.178550520371800893e-03
-1.567018464179380510e-01 -7.193686341581793584e-03
-1.565254856409964701e-01 -7.208828047047589373e-03
-1.563503826095897220e-01 -7.223975816574277481e-03
-1.561765291026208091e-01 -7.239129829240389426e-03
-1.560039169888517985e-01 -7.254290263431612505e-03
-1.558325382262098491e-01 -7.269457296874905737e-03
-1.556623848388748732e-01 -7.284631105632625656e-03
-1.554934488340301846e-01 -7.299811860242995561e-03
-1.553257223801481068e-01 -7.314999734103951219e-03
-1.551591977423941171e-01 -7.330194900540964661e-03
-1.549938672672812601e-01 -7.345397532151755858e-03
-1.548297233818603513e-01 -7.360607800827704411e-03
-1.546667585929262234e-01 -7.375825877775903962e-03
-1.545049654862448163e-01 -7.391051933541527980e-03
-1.543443367258049981e-01 -7.406286138030061979e-03
-1.541848650530863729e-01 -7.421528660530331105e-03
-1.540265432863504869e-01 -7.436779669737598845e-03
-1.538693643199498806e-01 -7.452039333777304986e-03
-1.537133211236622887e-01 -7.467307820228732441e-03
-1.535584067420409649e-01 -7.482585296149550126e-03
-1.534046142937882384e-01 -7.497871928100493730e-03
-1.532519369711470292e-01 -7.513167882170804571e-03
-1.531003680393174249e-01 -7.528473324003651101e-03
-1.529499008358900236e-01 -7.543788418822488899e-03
-1.528005287274535606e-01 -7.559113329338298069e-03
-1.526522451220687915e-01 -7.574448216389589525e-03
-1.525050435448387365e-01 -7.589793242734328357e-03
-1.523589175885051994e-01 -7.605148570670617475e-03
-1.522138609125101016e-01 -7.620514362040136692e-03
-1.520698672423682063e-01 -7.635890778245695530e-03
-1.519269303690508333e-01 -7.651277980269466893e-03
-1.517850441483881430e-01 -7.666676128691193859e-03
-1.516442025004843541e-01 -7.682085383706945513e-03
-1.515043994091533619e-01 -7.697505905147693228e-03
-1.513656289213655415e-01 -7.712937852498577378e-03
-1.512278851467112606e-01 -7.728381384918526185e-03
-1.510911622568831547e-01 -7.743836661259755755e-03
-1.509554544851699764e-01 -7.759303840088091486e-03
-1.508207561259692908e-01 -7.774783079703381436e-03
-1.506870615343127717e-01 -7.790274538160555859e-03
-1.505543651254116488e-01 -7.805778373290624302e-03
-1.504226613708175286e-01 -7.821294742545959952e-03
-1.502919447456278479e-01 -7.836823800289030931e-03
-1.501622098064155642e-01 -7.852365701870383033e-03
-1.500334511832714657e-01 -7.867920603271386440e-03
-1.499056635619985811e-01 -7.883488660222651850e-03
-1.497788416836036973e-01 -7.899070028218413073e-03
-1.496529803437985640e-01 -7.914664862531353706e-03
-1.495280743925166411e-01 -7.930273318227159737e-03
-1.494041187334385345e-01 -7.945895550179691430e-03
-1.492811083235291991e-01 -7.961531713086378997e-03
-1.491590381725901859e-01 -7.977181961483396228e-03
-1.490379033428205491e-01 -7.992846449761571367e-03
-1.489176989483912139e-01 -8.008525332182237291e-03
-1.487984201550296981e-01 -8.024218762893654128e-03
-1.486800621796197375e-01 -8.039926895947211577e-03
-1.485626202898095161e-01 -8.055649885314389302e-03
-1.484460898036339405e-01 -8.071387884903760690e-03
-1.483304660891464066e-01 -8.087141048578562127e-03
-1.482157445509684479e-01 -8.102909529458062615e-03
-1.481019206085434914e-01 -8.118693478752807974e-03
-1.479889897604148852e-01 -8.134493049308922849e-03
-1.478769475548688261e-01 -8.150308394048422569e-03
-1.477657895867504068e-01 -8.166139665830414451e-03
-1.476555114970607985e-01 -8.181987017463188822e-03
-1.475461089725614017e-01 -8.197850601716743721e-03
-1.474375777453905412e-01 -8.213730571334980010e-03
-1.473299135926858516e-01 -8.229627079048543528e-03
-1.472231123362176541e-01 -8.245540277587549288e-03
-1.471171698420295770e-01 -8.261470319694779255e-03
-1.470120820200911949e-01 -8.277417358138593889e-03
-1.469078448239572732e-01 -8.293381545726466464e-03
-1.468044542504355898e-01 -8.309363035318742888e-03
-1.467019063392670242e-01 -8.325361979842179488e-03
-1.466001971728113917e-01 -8.341378532304186827e-03
-1.464993228757442978e-01 -8.357412845807045756e-03
-1.463992796147053077e-01 -8.373465073559438129e-03
-1.463000635754078960e-01 -8.389535367594579823e-03
-1.462016709824177640e-01 -8.405623879921742328e-03
-1.461040981160910135e-01 -8.421730763531294281e-03
-1.460073412964995876e-01 -8.437856171507430308e-03
-1.459113968831094454e-01 -8.454000257038619265e-03
-1.458162612744625108e-01 -8.470163173428614523e-03
-1.457219309078679470e-01 -8.486345074107351505e-03
-1.456284022590982885e-01 -8.502546112642258083e-03
-1.455356718420959539e-01 -8.518766442749209356e-03
-1.454437362086839769e-01 -8.535006218304099987e-03
-1.453525919482840378e-01 -8.551265593354560532e-03
-1.452622356876440146e-01 -8.567544722131418752e-03
-1.451726640905698085e-01 -8.583843759060795844e-03
-1.450838738576660791e-01 -8.600162858776140215e-03
-1.449958617260822258e-01 -8.616502176130684532e-03
-1.449086244692683045e-01 -8.632861866209675522e-03
-1.448221588967352758e-01 -8.649242084343240419e-03
-1.447364618509344447e-01 -8.665642985946213003e-03
-1.446515301871491854e-01 -8.682064725335929961e-03
-1.445673608091870010e-01 -8.698507457888917174e-03
-1.444839506597332401e-01 -8.714971339495279287e-03
-1.444012967154647831e-01 -8.731456526292305162e-03
-1.443193959867962173e-01 -8.747963174673939468e-03
-1.442382455176289824e-01 -8.764491441300840610e-03
-1.441578423851075930e-01 -8.781041483110285997e-03
-1.440781836993798859e-01 -8.797613457326457220e-03
-1.439992666033652891e-01 -8.814207521470388690e-03
-1.439210882725260321e-01 -8.830823833370523429e-03
-1.438436459146456570e-01 -8.847462551173131823e-03
-1.437669367696113309e-01 -8.864123833353144966e-03
-1.436909581092042365e-01 -8.880807838724663617e-03
-1.436157072368932641e-01 -8.897514726452060430e-03
-1.435411814876344505e-01 -8.914244656061245248e-03
-1.434673782276776333e-01 -8.930997787450640699e-03
-1.433942948543769080e-01 -8.947774280902853414e-03
-1.433219287845307055e-01 -8.964574296378332793e-03
-1.432502774507894150e-01 -8.981397993304851904e-03
-1.431793383354551807e-01 -8.998245532713047487e-03
-1.431091089512488701e-01 -9.015117076062001758e-03
-1.430395868405223148e-01 -9.032012785211984696e-03
-1.429707695750736807e-01 -9.048932822435023712e-03
-1.429026547559698601e-01 -9.065877350425138523e-03
-1.428352400133717504e-01 -9.082846532309228268e-03
-1.427685230063658328e-01 -9.099840531657830273e-03
-1.427025014227994437e-01 -9.116859512496345436e-03
-1.426371729791230669e-01 -9.133903639315918421e-03
-1.425725354202355688e-01 -9.150973077084968363e-03
-1.425085865193349011e-01 -9.168067991260903452e-03
-1.424453240777750207e-01 -9.185188547801540621e-03
-1.423827459249261407e-01 -9.202334913177269426e-03
-1.423208499180410036e-01 -9.219507254383065009e-03
-1.422596339421251244e-01 -9.236705738951059633e-03
-1.421990959098134999e-01 -9.253930534962751669e-03
-1.421392337612510381e-01 -9.271181811062005618e-03
-1.420800454639783994e-01 -9.288459736467911607e-03
-1.420215290128221952e-01 -9.305764480988206952e-03
-1.419636824297918209e-01 -9.323096215032409748e-03
-1.419065037639795634e-01 -9.340455109625632468e-03
-1.418499910827724642e-01 -9.357841335849171813e-03
-1.417941424236616732e-01 -9.375255061667399359e-03
-1.417389558903538183e-01 -9.392696458274847615e-03
-1.416844296228071121e-01 -9.410165698155227923e-03
-1.416305617862277655e-01 -9.427662954376194240e-03
-1.415773505709359281e-01 -9.445188400598786976e-03
-1.415247941922339048e-01 -9.462742211087567246e-03
-1.414728908902790072e-01 -9.480324560720523874e-03
-1.414216389299588206e-01 -9.497935624999452250e-03
-1.413710366007719377e-01 -9.515575580059941127e-03
-1.413210822167109970e-01 -9.533244602681956170e-03
-1.412717741161491347e-01 -9.550942870300595244e-03
-1.412231106617315435e-01 -9.568670561016489814e-03
-1.411750902402693908e-01 -9.586427853606896768e-03
-1.411277112626378727e-01 -9.604214927536634111e-03
-1.410809721636775427e-01 -9.622031962969485042e-03
-1.410348714021002203e-01 -9.639879140779227321e-03
-1.409894074603975644e-01 -9.657756642561380819e-03
-1.409445788447536985e-01 -9.675664650644790268e-03
-1.409003840849612221e-01 -9.693603348103698933e-03
-1.408568217343416917e-01 -9.711572918769487486e-03
-1.408138903696687649e-01 -9.729573547243094631e-03
-1.407715885910954257e-01 -9.747605418907338837e-03
-1.407299150217279082e-01 -9.765668719914971305e-03
-1.406888682764078080e-01 -9.783763635034449513e-03
-1.406484469977011265e-01 -9.801890350152071135e-03
-1.406086498685177044e-01 -9.820049053174136067e-03
-1.405694755939652374e-01 -9.838239932786589648e-03
-1.405309229012571270e-01 -9.856463178465332126e-03
-1.404929905396238299e-01 -9.874718980486325154e-03
-1.404556772802263986e-01 -9.893007529936135441e-03
-1.404189819160740205e-01 -9.911329018722074211e-03
-1.403829032619430262e-01 -9.929683639582985444e-03
-1.403474401542997296e-01 -9.948071586099853716e-03
-1.403125914512252936e-01 -9.966493052706873468e-03
-1.402783560323442869e-01 -9.984948234702084591e-03
-1.402447327987553505e-01 -1.000343732825866201e-02
-1.402117206729646959e-01 -1.002196053043633711e-02
-1.401793185988232382e-01 -1.004051803919246352e-02
-1.401475255414656174e-01 -1.005911005339379417e-02
-1.401163404872523555e-01 -1.007773677282805015e-02
-1.400857624437148730e-01 -1.009639839821601694e-02
-1.400557904395036135e-01 -1.011509513122320347e-02
-1.400264235243385003e-01 -1.013382717447221595e-02
-1.399976607689624730e-01 -1.015259473155499803e-02
-1.399695012650975234e-01 -1.017139800704551685e-02
-1.399419441254043106e-01 -1.019023720651210732e-02
-1.399149884742303951e-01 -1.020911253585823388e-02
-1.398886334424322975e-01 -1.022802420095250860e-02
-1.398628781986941683e-01 -1.024697240992833089e-02
-1.398377219327208432e-01 -1.026595737197785914e-02
-1.398131638544579114e-01 -1.028497929731046756e-02
-1.397892031940428936e-01 -1.030403839716445558e-02
-1.397658392017595841e-01 -1.032313488381831658e-02
-1.397430711479936694e-01 -1.034226897060274916e-02
-1.397208983231914281e-01 -1.036144087191245150e-02
-1.396993200378202349e-01 -1.038065080321838238e-02
-1.396783356223319228e-01 -1.039989898107960241e-02
-1.396579444271280890e-01 -1.041918562315582997e-02
-1.396381458225278149e-01 -1.043851094821977854e-02
-1.396189391987375794e-01 -1.045787517617001276e-02
-1.396003239658240302e-01 -1.047727852804336210e-02
-1.395822995536883937e-01 -1.049672122602799545e-02
-1.395648654120434928e-01 -1.051620349347666926e-02
-1.395480210103934304e-01 -1.053572555491960779e-02
-1.395317658380149650e-01 -1.055528763607809992e-02
-1.395160994039417457e-01 -1.057488996387793458e-02
-1.395010212369503788e-01 -1.059453276646333056e-02
-1.394865308855495201e-01 -1.061421627321047258e-02
-1.394726279179704931e-01 -1.063394071474175681e-02
nan nan
nan nan
nan nan
nan nan
nan nan
nan nan
nan nan
nan nan
nan nan
nan nan
nan nan
nan nan
nan nan
nan nan
nan nan
nan nan
-1.394054644533443410e-01 -1.148090214297752508e-02
-1.394160849385149004e-01 -1.150257127761565926e-02
-1.394272919179146974e-01 -1.152429256519989058e-02
-1.394390857815682727e-01 -1.154606630152026775e-02
-1.394514669391727635e-01 -1.156789278424462906e-02
-1.394644358201047318e-01 -1.158977231293415594e-02
-1.394779928734293240e-01 -1.161170518905849797e-02
-1.394921385679111503e-01 -1.163369171601166471e-02
-1.395068733920283577e-01 -1.165573219912782385e-02
-1.395221978539882834e-01 -1.167782694569762837e-02
-1.395381124817461072e-01 -1.169997626498417778e-02
-1.395546178230250567e-01 -1.172218046823975818e-02
-1.395717144453395842e-01 -1.174443986872246437e-02
-1.395894029360204847e-01 -1.176675478171340140e-02
-1.396076839022426519e-01 -1.178912552453349229e-02
-1.396265579710548321e-01 -1.181155241656104381e-02
-1.396460257894117096e-01 -1.183403577924955347e-02
-1.396660880242088509e-01 -1.185657593614520937e-02
-1.396867453623190924e-01 -1.187917321290517421e-02
-1.397079985106320088e-01 -1.190182793731579813e-02
-1.397298481960951855e-01 -1.192454043931138845e-02
-1.397522951657584611e-01 -1.194731105099264799e-02
-1.397753401868194745e-01 -1.197014010664589415e-02
-1.397989840474006817e-01 -1.199302794282469838e-02
-1.398232275733363728e-01 -1.201597489980844521e-02
-1.398480715968831722e-01 -1.203898131893656361e-02
-1.398735169618911811e-01 -1.206204754305952725e-02
-1.398995645330440019e-01 -1.208517391734595381e-02
-1.399262151958970690e-01 -1.210836078930118201e-02
-1.399534698569190327e-01 -1.213160850878673182e-02
-1.399813294435353350e-01 -1.215491742803967434e-02
-1.400097949041751999e-01 -1.217828790169266616e-02
-1.400388672083215380e-01 -1.220172028679368872e-02
-1.400685473465629050e-01 -1.222521494282660832e-02
-1.400988363306490125e-01 -1.224877223173174642e-02
-1.401297351935484603e-01 -1.227239251792706758e-02
-1.401612449895103252e-01 -1.229607616832910366e-02
-1.401933667941269168e-01 -1.231982355237464660e-02
-1.402261017044007241e-01 -1.234363504204282792e-02
-1.402594508388135264e-01 -1.236751101187690341e-02
-1.402934153373990023e-01 -1.239145183900704043e-02
-1.403279963618167814e-01 -1.241545790317291793e-02
-1.403631950954306040e-01 -1.243952958674713651e-02
-1.403990127433887569e-01 -1.246366727475826594e-02
-1.404354505327077840e-01 -1.248787135491489543e-02
-1.404725097123578625e-01 -1.251214221762953632e-02
-1.405101915533520651e-01 -1.253648025604330550e-02
-1.405484973668622573e-01 -1.256088586766113298e-02
-1.405874284916140693e-01 -1.258535945325362469e-02
-1.406269862579532515e-01 -1.260990141365578993e-02
-1.406671720190134645e-01 -1.263451215255992528e-02
-1.407079871511391911e-01 -1.265919207657104431e-02
-1.407494330539548200e-01 -1.268394159523039515e-02
-1.407915111504386974e-01 -1.270876112103989236e-02
-1.408342228870003154e-01 -1.273365106948623135e-02
-1.408775697335613586e-01 -1.275861185906611295e-02
-1.409215531836396917e-01 -1.278364391131136917e-02
-1.409661747544375399e-01 -1.280874765081496149e-02
-1.410114359869339418e-01 -1.283392350525680917e-02
-1.410573384459790913e-01 -1.285917190543050398e-02
-1.411038837203939245e-01 -1.288449328527021924e-02
-1.411510734230724540e-01 -1.290988808187831967e-02
-1.411989091910887117e-01 -1.293535673555287410e-02
-1.412473926858056339e-01 -1.296089968981601302e-02
-1.412965255929891084e-01 -1.298651739144285160e-02
-1.413463096229250482e-01 -1.301221029049021323e-02
-1.413967465105405441e-01 -1.303797884032650845e-02
-1.414478380155274051e-01 -1.306382349766152702e-02
-1.414995859224706942e-01 -1.308974472257719117e-02
-1.415519920409808174e-01 -1.311574297855814218e-02
-1.416050582166691052e-01 -1.314181873352939997e-02
-1.416587863610445086e-01 -1.316797246266231819e-02
-1.417131783556016267e-01 -1.319420463949431618e-02
-1.417682360999110436e-01 -1.322051574039082196e-02
-1.418239615203842896e-01 -1.324690624537778506e-02
-1.418803565703704028e-01 -1.327337663817107320e-02
-1.419374232302564598e-01 -1.329992740620575958e-02
-1.419951635075740182e-01 -1.332655904066670956e-02
-1.420535794371088623e-01 -1.335327203651917420e-02
-1.421126730810170491e-01 -1.338006689254046984e-02
-1.421724465289463668e-01 -1.340694411135162807e-02
-1.422329018981604576e-01 -1.343390419945005888e-02
-1.422940413336702958e-01 -1.346094766724263009e-02
-1.423558670083691358e-01 -1.348807502907958811e-02
-1.424183811231736485e-01 -1.351528680328852733e-02
-1.424815859071681956e-01 -1.354258351220946101e-02
-1.425454836177557916e-01 -1.356996568223024259e-02
-1.426100765408128135e-01 -1.359743384382288908e-02
-1.426753669908500666e-01 -1.362498853158000157e-02
-1.427413573111765421e-01 -1.365263028425217108e-02
-1.428080498740701698e-01 -1.368035964478618929e-02
-1.428754470809531774e-01 -1.370817716036331138e-02
-1.429435513625708920e-01 -1.373608338243860819e-02
-1.430123651797750584e-01 -1.376407886683831371e-02
-1.430818910427005541e-01 -1.379216417563124998e-02
-1.431521314770532738e-01 -1.382033987391076760e-02
-1.432230890276889601e-01 -1.384860653015284118e-02
-1.432947662702395708e-01 -1.387696471735635345e-02
-1.433671658112978253e-01 -1.390541501308440418e-02
-1.434402902886082465e-01 -1.393395799950579959e-02
-1.435141423712616993e-01 -1.396259426343762419e-02
-1.435887247598972571e-01 -1.399132439638871295e-02
-1.436640401869087869e-01 -1.402014899460317203e-02
-1.437400914166579724e-01 -1.404906865910537407e-02
-1.438168812456906420e-01 -1.407808399574507659e-02
-1.438944125029606724e-01 -1.410719561524387961e-02
-1.439726880500593886e-01 -1.413640413324175962e-02
-1.440517107814484055e-01 -1.416571017034481614e-02
-1.441314836247001574e-01 -1.419511435217358022e-02
-1.442120095407425917e-01 -1.422461730941236742e-02
-1.442932915241108005e-01 -1.425421967785885959e-02
-1.443753326078120736e-01 -1.428392209893095295e-02
-1.444581358729377096e-01 -1.431372522064830281e-02
-1.445417044130782869e-01 -1.434362969413683145e-02
-1.446260413543668522e-01 -1.437363617563051227e-02
-1.447111498585848255e-01 -1.440374532680491031e-02
-1.447970331233965346e-01 -1.443395781482769043e-02
-1.448836943825895784e-01 -1.446427431240925737e-02
-1.449711369063234889e-01 -1.449469549785508890e-02
-1.450593640013829455e-01 -1.452522205511838291e-02
-1.451483790114404537e-01 -1.455585467385424672e-02
-1.452381853173258519e-01 -1.458659404947417956e-02
-1.453287863373006472e-01 -1.461744088320186818e-02
-1.454201855273419275e-01 -1.464839588213018122e-02
-1.455123863814316854e-01 -1.467945975927841852e-02
-1.456053924318551074e-01 -1.471063323365132298e-02
-1.456992072495025548e-01 -1.474191703029841503e-02
-1.457938344441819523e-01 -1.477331188037496988e-02
-1.458892776649359790e-01 -1.480481852120319082e-02
-1.459855406160557034e-01 -1.483643769792948597e-02
-1.460826270401944793e-01 -1.486817016184726302e-02
-1.461805406986549649e-01 -1.490001666841679617e-02
-1.462792853941979887e-01 -1.493197797960731446e-02
-1.463788649713849144e-01 -1.496405486396352146e-02
-1.464792833168767905e-01 -1.499624809666760816e-02
-1.465805443597403557e-01 -1.502855845960263462e-02
-1.466826520717651183e-01 -1.506098674141664873e-02
-1.467856104677859874e-01 -1.509353373758831780e-02
-1.468894236060185043e-01 -1.512620025049406236e-02
-1.469940955884006528e-01 -1.515898708947565482e-02
-1.470996305609459653e-01 -1.519189507090991896e-02
-1.472060327141019587e-01 -1.522492501827891684e-02
-1.473133062831210038e-01 -1.525807776224213409e-02
-1.474214555484396894e-01 -1.529135414070923078e-02
-1.475304848360644572e-01 -1.532475499891446102e-02
-1.476403985179693956e-01 -1.535828118949228611e-02
-1.477512010152605693e-01 -1.539193357284195790e-02
-1.478628968274151023e-01 -1.542571302021453553e-02
-1.479754904682448469e-01 -1.545962040708188240e-02
-1.480889864875548356e-01 -1.549365661541386718e-02
-1.482033894845370126e-01 -1.552782253510849413e-02
-1.483187041081311108e-01 -1.556211906406730627e-02
-1.484349350573934967e-01 -1.559654710827151382e-02
-1.485520870818811678e-01 -1.563110758186051288e-02
-1.486701649820474647e-01 -1.566580140721125433e-02
-1.487891736096465245e-01 -1.570062951501961790e-02
-1.489091178681525296e-01 -1.573559284438328515e-02
-1.490300027131893634e-01 -1.577069234288651020e-02
-1.491518331529735342e-01 -1.580592896668599548e-02
-1.492746142487656469e-01 -1.584130368059878322e-02
-1.493983511153369748e-01 -1.587681745819173595e-02
-1.495230489214458836e-01 -1.591247128187288015e-02
-1.496487128903280506e-01 -1.594826614298402306e-02
-1.497753483001947328e-01 -1.598420304189523966e-02
-1.499029605019545075e-01 -1.602028298994049790e-02
-1.500315549271314108e-01 -1.605650701031948249e-02
-1.501611370102621246e-01 -1.609287612984179952e-02
-1.502917122414608730e-01 -1.612939138457074317e-02
-1.504232861702323176e-01 -1.616605382027529181e-02
-1.505558644059213635e-01 -1.620286449252295036e-02
-1.506894526181741800e-01 -1.623982446677488603e-02
-1.508240565374191211e-01 -1.627693481848320120e-02
-1.509596819553606639e-01 -1.631419663319048918e-02
-1.510963347254915268e-01 -1.635161100663110392e-02
-1.512340207636160005e-01 -1.638917904483473340e-02
-1.513727460483932918e-01 -1.642690186423262019e-02
-1.515125166218937725e-01 -1.646478059176506581e-02
-1.516533385901735198e-01 -1.650281636499209906e-02
-1.517952181238598208e-01 -1.654101033220548023e-02
-1.519381614587566598e-01 -1.657936365254380345e-02
-1.520821748964651388e-01 -1.661787749610909790e-02
-1.522272648053054345e-01 -1.665655304411769663e-02
-1.523734376694808046e-01 -1.669539149433731454e-02
-1.525207000138511793e-01 -1.673439405292084098e-02
-1.526690583915189248e-01 -1.677356193307285789e-02
-1.528185194270046121e-01 -1.681289635982155875e-02
-1.529690898168030166e-01 -1.685239857013412501e-02
-1.531207763299569646e-01 -1.689206981303400731e-02
-1.532735858086541614e-01 -1.693191134972192244e-02
-1.534275251688402286e-01 -1.697192445369876540e-02
-1.535826014008558060e-01 -1.701211041089219569e-02
-1.537388215700944694e-01 -1.705247051978539541e-02
-1.538961928176767469e-01 -1.709300609154888392e-02
-1.540547223611491434e-01 -1.713371845017538572e-02
-1.542144174952006785e-01 -1.717460893261760907e-02
-1.543752855924031553e-01 -1.721567888892868575e-02
-1.545373341039663062e-01 -1.725692968240558067e-02
-1.547005705605188630e-01 -1.729836268973600211e-02
-1.548650025729065849e-01 -1.733997930114742833e-02
-1.550306378474495261e-01 -1.738178092217856907e-02
-1.551974842501908092e-01 -1.742376898096443388e-02
-1.553655496295175686e-01 -1.746594490841621439e-02
-1.555348418989803139e-01 -1.750831014753093454e-02
-1.557053690600774531e-01 -1.755086615600931835e-02
-1.558771392029331959e-01 -1.759361440639864091e-02
-1.560501605070077069e-01 -1.763655638624021457e-02
-1.562244412418353490e-01 -1.767969359822004968e-02
-1.563999897677858242e-01 -1.772302756032345314e-02
-1.565768145368585662e-01 -1.776655980599366538e-02
-1.567549240935016963e-01 -1.781029188429447685e-02
-1.569343270754620934e-01 -1.785422536007637284e-02
-1.571150322146579736e-01 -1.789836181414668562e-02
-1.572970483380842777e-01 -1.794270284344426369e-02
-1.574803843687432869e-01 -1.798725006121723244e-02
-1.576650493266057163e-01 -1.803200509720576453e-02
-1.578510523295944823e-01 -1.807696959782792087e-02
-1.580384025946010573e-01 -1.812214522637054653e-02
-1.582271094586493732e-01 -1.816753366549367366e-02
-1.584171823690715686e-01 -1.821313661619208477e-02
-1.586086308344917539e-01 -1.825895579223575302e-02
-1.588014644675192766e-01 -1.830499292513800350e-02
-1.589956929866595814e-01 -1.835124976445422912e-02
-1.591913262173897947e-01 -1.839772807798648394e-02
-1.593883740932711124e-01 -1.844442965199335344e-02
-1.595868466570890543e-01 -1.849135629140334636e-02
-1.597867540620277194e-01 -1.853850982003403883e-02
-1.599881065728694651e-01 -1.858589208081480940e-02
-1.601909145672307522e-01 -1.863350493601523966e-02
-1.603951885368291030e-01 -1.868135026747763314e-02
-1.606009390887752908e-01 -1.872942997685429767e-02
-1.608081769534804029e-01 -1.877774598661798369e-02
-1.610169130050557729e-01 -1.882630024254059592e-02
-1.612271581974514534e-01 -1.887509470632499700e-02
-1.614389236010253248e-01 -1.892413135995255416e-02
-1.616522204105749760e-01 -1.897341220671382514e-02
-1.618670599466171811e-01 -1.902293927145336239e-02
-1.620834536567109796e-01 -1.907271460082003711e-02
-1.623014131168132035e-01 -1.912274026352310877e-02
-1.625209500326798284e-01 -1.917301835059487258e-02
-1.627420762413062383e-01 -1.922355097565859108e-02
-1.629648037124014903e-01 -1.927434027520241386e-02
-1.631891445499082660e-01 -1.932538840885965684e-02
-1.634151109935582658e-01 -1.937669755969509758e-02
-1.636427154216099633e-01 -1.942826993463231053e-02
-1.638719703891989565e-01 -1.948010776911765496e-02
-1.641028885587650643e-01 -1.953221331897289637e-02
-1.643354827133612917e-01 -1.958458886206297656e-02
-1.645697657829833516e-01 -1.963723670152875064e-02
-1.648057508460975540e-01 -1.969015916608093247e-02
-1.650434511312260932e-01 -1.974335861030230427e-02
-1.652828800185784652e-01 -1.979683741495626495e-02
-1.655240510417373967e-01 -1.985059798730406944e-02
-1.657669778893877954e-01 -1.990464276142839620e-02
-1.660116744071023220e-01 -1.995897419856569599e-02
-1.662581545991776433e-01 -2.001359478744553846e-02
-1.665064326305137343e-01 -2.006850704463756727e-02
-1.667565228285513568e-01 -2.012371351490671936e-02
-1.670084397169988299e-01 -2.017921677541168607e-02
-1.672621979926351699e-01 -2.023501943304657422e-02
-1.675178124600142371e-01 -2.029112411666294385e-02
-1.677752980974497043e-01 -2.034753348515450783e-02
-1.680346700597882270e-01 -2.040425022792498322e-02
-1.682959436802998754e-01 -2.046127706525183859e-02
-1.685591344726256047e-01 -2.051861674865827767e-02
-1.688242581327968339e-01 -2.057627206129626976e-02
-1.690913305413206114e-01 -2.063424581833860766e-02
-1.693603677653222894e-01 -2.069254086738069043e-02
-1.696313860607616686e-01 -2.075116008885275962e-02
-1.699044018747089546e-01 -2.081010639644197829e-02
-1.701794318476913814e-01 -2.086938273752441883e-02
-1.704564928337727880e-01 -2.092899209577723726e-02
-1.707356019458015906e-01 -2.098893749690292770e-02
-1.710167763996287282e-01 -2.104922198965043789e-02
-1.713000336052551975e-01 -2.110984865712641975e-02
-1.715853911839598789e-01 -2.117082061905543877e-02
-1.718728669705440748e-01 -2.123214103221757187e-02
-1.721624790156572604e-01 -2.129381309089727753e-02
-1.724542455882134007e-01 -2.135584002734640732e-02
-1.727481851778848720e-01 -2.141822511225855569e-02
-1.730443164976896431e-01 -2.148097165525774885e-02
-1.733426584866649967e-01 -2.154408300539941215e-02
-1.736432303126183851e-01 -2.160756255168424025e-02
-1.739460513749734594e-01 -2.167141372358586185e-02
-1.742511413111707264e-01 -2.173563999202503261e-02
-1.745585200872139808e-01 -2.180024488085759160e-02
-1.748682078251523886e-01 -2.186523194555179891e-02
-1.751802248426400643e-01 -2.193060477825961238e-02
-1.754945917110345421e-01 -2.199636701524672333e-02
-1.758113292581373333e-01 -2.206252233742895391e-02
-1.761304585710365134e-01 -2.212907447092349669e-02
-1.764520009990694915e-01 -2.219602718761836194e-02
-1.767759781568978283e-01 -2.226338430575783289e-02
-1.771024119276845554e-01 -2.233114969054442872e-02
-1.774313244663930644e-01 -2.239932725475865874e-02
-1.777627382031917724e-01 -2.246792095939559655e-02
-1.780966758469761102e-01 -2.253693481431864182e-02
-1.784331603889925399e-01 -2.260637287893009495e-02
-1.787722151985437768e-01 -2.267623927452503546e-02
-1.791138639422064083e-01 -2.274653817431792485e-02
-1.794581304185529913e-01 -2.281727378265385048e-02
-1.798050387331339151e-01 -2.288845035738375222e-02
-1.801546133034497010e-01 -2.296007221073103136e-02
-1.805068788622980758e-01 -2.303214370995452717e-02
-1.808618604612637071e-01 -2.310466927803362172e-02
-1.812195834743713652e-01 -2.317765339437683619e-02
-1.815800736018849115e-01 -2.325110059555303768e-02
-1.819433568742654661e-01 -2.332501547604563102e-02
-1.823094596562714331e-01 -2.339940268902938186e-02
-1.826784086512215077e-01 -2.347426694717147724e-02
-1.830502309054035381e-01 -2.354961302345569274e-02
-1.834249538303107108e-01 -2.362544575430591820e-02
-1.838026052426639523e-01 -2.370177004502418971e-02
-1.841832132262657129e-01 -2.377859085226277300e-02
-1.845668062199474491e-01 -2.385591319559415488e-02
-1.849534130345406036e-01 -2.393374215997667170e-02
-1.853430628577566186e-01 -2.401208289666864962e-02
-1.857357852592314007e-01 -2.409094062416871143e-02
-1.861316101957481151e-01 -2.417032062918307231e-02
-1.865305680166196856e-01 -2.425022826761920325e-02
-1.869326894692543151e-01 -2.433066896560765607e-02
-1.873380057077026761e-01 -2.441164822091808004e-02
-1.877465483537785196e-01 -2.449317161124073966e-02
-1.881583493820564446e-01 -2.457524477952082245e-02
-1.885734411615348216e-01 -2.465787343967440481e-02
-1.889918564964893355e-01 -2.474106338223536206e-02
-1.894136286322134211e-01 -2.482482047543810300e-02
-1.898387912609647288e-01 -2.490915066633214367e-02
-1.902673785281417673e-01 -2.499405998193276676e-02
-1.906994250386793155e-01 -2.507955453040527222e-02
-1.911349658636511684e-01 -2.516564050228320415e-02
-1.915740365471039208e-01 -2.525232417172252122e-02
-1.920166731645011615e-01 -2.533961190457331702e-02
-1.924629122707024464e-01 -2.542751015190931885e-02
-1.929127908301808414e-01 -2.551602544116192070e-02
-1.933663463185564257e-01 -2.560516438987640864e-02
-1.938236167300183832e-01 -2.569493370708311741e-02
-1.942846405843942637e-01 -2.578534019462933730e-02
-1.947494569344858095e-01 -2.587639074855262525e-02
-1.952181053736983252e-01 -2.596809236050029099e-02
-1.956906260439512657e-01 -2.606045211919250440e-02
-1.961670596438563896e-01 -2.615347721192909716e-02
-1.966474474675164452e-01 -2.624717493019033954e-02
-1.971318314578447695e-01 -2.634155267721374066e-02
-1.976202539909453493e-01 -2.643661793964094051e-02
-1.981127580301956792e-01 -2.653237830848300879e-02
-1.986093871525979604e-01 -2.662884148309945659e-02
-1.991101855571332513e-01 -2.672601527278460967e-02
-1.996151980734917897e-01 -2.682390759841309091e-02
-2.001244701711547003e-01 -2.692252649413993254e-02
-2.006380479688570917e-01 -2.702188010916095617e-02
-2.011559782444094502e-01 -2.712197670952912198e-02
-2.016783084531680870e-01 -2.722282468114825202e-02
-2.022050868745798313e-01 -2.732443255008989644e-02
-2.027363623163933315e-01 -2.742680894320324511e-02
-2.032721842246309751e-01 -2.752996260341031287e-02
-2.038126027758715986e-01 -2.763390240270299433e-02
-2.043576688871635849e-01 -2.773863734404340489e-02
-2.049074342264133874e-01 -2.784417656333693092e-02
-2.054619512232677414e-01 -2.795052933148288107e-02
-2.060212730804643066e-01 -2.805770505649827704e-02
-2.065854537856825768e-01 -2.816571328572085517e-02
-2.071545481238694919e-01 -2.827456370808657457e-02
-2.077286118256586878e-01 -2.838426617501544486e-02
-2.083077014120529868e-01 -2.849483067988239221e-02
-2.088918740331707491e-01 -2.860626733653527654e-02
-2.094811877130671462e-01 -2.871858641333641105e-02
-2.100757013625848546e-01 -2.883179833558999899e-02
-2.106754747918733461e-01 -2.894591368793522634e-02
-2.112805687235393415e-01 -2.906094321683821979e-02
-2.118910448064500740e-01 -2.917689783318479224e-02
-2.125069656301596666e-01 -2.929378861497273015e-02
-2.131283947399953416e-01 -2.941162681010815044e-02
-2.137553967296695612e-01 -2.953042384992509220e-02
-2.143880373491753033e-01 -2.965019136490367260e-02
-2.150263829988872111e-01 -2.977094111550425068e-02
-2.156705010940763168e-01 -2.989268504318630046e-02
-2.163204601186600740e-01 -3.001543527863661381e-02
-2.169763296405324282e-01 -3.013920414471054840e-02
-2.176381803277581961e-01 -3.026400415950692216e-02
-2.183060839656009444e-01 -3.038984803957423333e-02
-2.189801134744084887e-01 -3.051674870325098501e-02
-2.196603429283220388e-01 -3.064471927413827540e-02
-2.203468475802091708e-01 -3.077377308545799217e-02
-2.210397039566881772e-01 -3.090392369423398955e-02
-2.217389897061991244e-01 -3.103518486099422075e-02
-2.224447836815169333e-01 -3.116757056218477651e-02
-2.231571660048302652e-01 -3.130109500021339974e-02
-2.238762180903640375e-01 -3.143577260758967373e-02
-2.246020226678920040e-01 -3.157161805121194015e-02
-2.253346638125121038e-01 -3.170864623755641210e-02
-2.260742270055315639e-01 -3.184687232227634279e-02
-2.268207990534228113e-01 -3.198631169984066797e-02
-2.275744681733822550e-01 -3.212698001661992014e-02
-2.283353240399983997e-01 -3.226889317855299866e-02
-2.291034578120805520e-01 -3.241206735605042105e-02
-2.298789621606059375e-01 -3.255651898907927638e-02
-2.306619313095198687e-01 -3.270226479409691495e-02
-2.314524611082551531e-01 -3.284932177552364607e-02
-2.322506489070274016e-01 -3.299770720925911116e-02
-2.330565936869025689e-01 -3.314743866232291308e-02
-2.338703961125851716e-01 -3.329853400160959903e-02
-2.346921585638584440e-01 -3.345101139964966330e-02
-2.355219851684158539e-01 -3.360488934059654986e-02
-2.363599818590234880e-01 -3.376018662972007922e-02
-2.372062564500677373e-01 -3.391692240572299899e-02
-2.380609184666733769e-01 -3.407511611771172483e-02
-2.389240793302408739e-01 -3.423478755308149990e-02
-2.397958524159488347e-01 -3.439595684720592184e-02
-2.406763530895898728e-01 -3.455864449021135015e-02
-2.415656987461818617e-01 -3.472287133403907655e-02
-2.424640089412081201e-01 -3.488865861287246406e-02
-2.433714054875734945e-01 -3.505602795874428884e-02
-2.442880119313395604e-01 -3.522500132765631758e-02
-2.452139540511082128e-01 -3.539560107298155706e-02
-2.461493599359567963e-01 -3.556784995842297847e-02
-2.470943600219498437e-01 -3.574177116505067309e-02
-2.480490871316238244e-01 -3.591738829880354589e-02
-2.490136767902434711e-01 -3.609472543814422341e-02
-2.499882672123947824e-01 -3.627380713416748087e-02
-2.509729981804842414e-01 -3.645465824974242208e-02
-2.519680121636186931e-01 -3.663730412339759324e-02
-2.529734544020922349e-01 -3.682177058366117861e-02
-2.539894729346012792e-01 -3.700808395513238702e-02
-2.550162186313157386e-01 -3.719627106543284961e-02
-2.560538451495203427e-01 -3.738635924088151014e-02
-2.571025090458409212e-01 -3.757837632501750263e-02
-2.581623700598228432e-01 -3.777235072229528229e-02
-2.592335909184351750e-01 -3.796831137187137162e-02
-2.603163373984349049e-01 -3.816628775901887566e-02
-2.614107784017204450e-01 -3.836630992850639105e-02
-2.625170860358397862e-01 -3.856840849880294186e-02
-2.636354355164106100e-01 -3.877261465016416941e-02
-2.647660054890259018e-01 -3.897896017438808730e-02
-2.659089784300732173e-01 -3.918747753649258481e-02
-2.670645403239663707e-01 -3.939819983001206088e-02
-2.682328807785621660e-01 -3.961116079670895518e-02
-2.694141927380876989e-01 -3.982639478689314200e-02
-2.706086734709770569e-01 -4.004393690813813633e-02
-2.718165242248882230e-01 -4.026382297746657069e-02
-2.730379502685575388e-01 -4.048608953058211585e-02
-2.742731609491317335e-01 -4.071077383343818523e-02
-2.755223695657810223e-01 -4.093791386656110004e-02
-2.767857939846983806e-01 -4.116754841952912497e-02
-2.780636568660619368e-01 -4.139971712823619504e-02
-2.793561853447665277e-01 -4.163446043095497123e-02
-2.806636111835152936e-01 -4.187181959458086827e-02
-2.819861704956598825e-01 -4.211183667676081377e-02
-2.833241047804123114e-01 -4.235455468396043949e-02
-2.846776610487243286e-01 -4.260001759439638325e-02
-2.860470913618274325e-01 -4.284827029310428470e-02
-2.874326530073963437e-01 -4.309935860219561710e-02
-2.888346065976317156e-01 -4.335332899936199941e-02
-2.902532208470408048e-01 -4.361022933826781689e-02
-2.916887718876426949e-01 -4.387010875171341862e-02
-2.931415409743861056e-01 -4.413301731181872023e-02
-2.946118148331557385e-01 -4.439900608637022822e-02
-2.960998857746943713e-01 -4.466812716017129481e-02
-2.976060526045667398e-01 -4.494043377670493833e-02
-2.991306208043140735e-01 -4.521598037045782004e-02
-3.006739026428422168e-01 -4.549482258885449715e-02
-3.022362175924408478e-01 -4.577701736043350567e-02
-3.038178940502624381e-01 -4.606262316132533896e-02
-3.054192663281304343e-01 -4.635169956519991780e-02
-3.070406763618603319e-01 -4.664430750744503335e-02
-3.086824733679197630e-01 -4.694050923875820597e-02
-3.103450181369163396e-01 -4.724036898423834147e-02
-3.120286756033703313e-01 -4.754395182003670617e-02
-3.137338214274127401e-01 -4.785132468037777559e-02
-3.154608411339563934e-01 -4.816255623429024219e-02
-3.172101269306977778e-01 -4.847771640682148331e-02
-3.189820815938047005e-01 -4.879687697855224215e-02
-3.207771211401264089e-01 -4.912011200282880019e-02
-3.225956655664047323e-01 -4.944749639633495841e-02
-3.244381454494860706e-01 -4.977910695482207909e-02
-3.263050055701980368e-01 -5.011502291772852030e-02
-3.281967009606414631e-01 -5.045532537131169198e-02
-3.301136980627959461e-01 -5.080009743474676875e-02
-3.320564757887263241e-01 -5.114942443212500828e-02
-3.340255230686558496e-01 -5.150339352388132175e-02
-3.360213142486842552e-01 -5.186208991727014189e-02
