-3.399820598542370731e-01 -3.492703432869599320e-03
-3.379901776149351056e-01 -3.570671970491105535e-03
-3.360245042619283695e-01 -3.647765448783283834e-03
-3.340845840692965307e-01 -3.724001692033501905e-03
-3.321699457376605658e-01 -3.799397815415118604e-03
-3.302801275057443142e-01 -3.873970496856263181e-03
-3.284146791889793193e-01 -3.947736015437573395e-03
-3.265731618730798869e-01 -4.020710264480477705e-03
-3.247551457377300665e-01 -4.092908740533766389e-03
-3.229602145304557581e-01 -4.164346614305843366e-03
-3.211879629185614982e-01 -4.235038715509618565e-03
-3.194379890689382218e-01 -4.304999448765558026e-03
-3.177099028596961361e-01 -4.374242911758310752e-03
-3.160033248392341010e-01 -4.442782897658294206e-03
-3.143178824558426898e-01 -4.510632856554922139e-03
-3.126532114405354834e-01 -4.577805925753487652e-03
-3.110089574098512943e-01 -4.644314965773325976e-03
-3.093847738390945734e-01 -4.710172543889314112e-03
-3.077803193036125484e-01 -4.775390902774640650e-03
-3.061952629538784998e-01 -4.839982054472925788e-03
-3.046292809789724054e-01 -4.903957738868685440e-03
-3.030820547261934284e-01 -4.967329403120369045e-03
-3.015532737191032320e-01 -5.030108259516176059e-03
-3.000426347358784995e-01 -5.092305281740234536e-03
-2.985498411111139894e-01 -5.153931203384882337e-03
-2.970746024521203621e-01 -5.214996522520307792e-03
-2.956166347786171600e-01 -5.275511513322838318e-03
-2.941756596240003852e-01 -5.335486219114036338e-03
-2.927514037842496308e-01 -5.394930455763841635e-03
-2.913435990623456928e-01 -5.453853814570809068e-03
-2.899519823926878237e-01 -5.512265671919766054e-03
-2.885762999079227176e-01 -5.570175275254371505e-03
-2.872163018265539436e-01 -5.627591656304121656e-03
-2.858717427006549072e-01 -5.684523641960865896e-03
-2.845423819612609706e-01 -5.740979871594275273e-03
-2.832279838238540570e-01 -5.796968802223267415e-03
-2.819283180724679316e-01 -5.852498731761360956e-03
-2.806431588968473223e-01 -5.907577782649121520e-03
-2.793722847817292076e-01 -5.962213905908033545e-03
-2.781154785396595108e-01 -6.016414888105297079e-03
-2.768725272109852087e-01 -6.070188355465198742e-03
-2.756432225428871452e-01 -6.123541790668075857e-03
-2.744273602456745453e-01 -6.176482522967392114e-03
-2.732247398505218694e-01 -6.229017730718455249e-03
-2.720351647147873364e-01 -6.281154447066068791e-03
-2.708584419834444978e-01 -6.332899564615386036e-03
-2.696943827150261042e-01 -6.384259843929737492e-03
-2.685428017861393180e-01 -6.435241916942441645e-03
-2.674035173076981242e-01 -6.485852278358481514e-03
-2.662763507983479938e-01 -6.536097294621943422e-03
-2.651611270943232124e-01 -6.585983206640262308e-03
-2.640576747157585280e-01 -6.635516143821170408e-03
-2.629658253016255443e-01 -6.684702115074154898e-03
-2.618854134642539244e-01 -6.733547009612456113e-03
-2.608162768419550748e-01 -6.782056602651489324e-03
-2.597582560246040062e-01 -6.830236557859947419e-03
-2.587111944839061706e-01 -6.878092429804212767e-03
-2.576749385168725648e-01 -6.925629666626486637e-03
-2.566493374403813199e-01 -6.972853619445714551e-03
-2.556342433071424058e-01 -7.019769538956378147e-03
-2.546295108067346269e-01 -7.066382576666765947e-03
-2.536349973084673914e-01 -7.112697789941434603e-03
-2.526505628303044038e-01 -7.158720145023684395e-03
-2.516760700130870609e-01 -7.204454520155436845e-03
-2.507113840759942480e-01 -7.249905708109501655e-03
-2.497563717927309690e-01 -7.295078390040700238e-03
-2.488109023019642319e-01 -7.339977161657444509e-03
-2.478748473977096523e-01 -7.384606545317355664e-03
-2.469480811377320617e-01 -7.428970982114485241e-03
-2.460304798063277232e-01 -7.473074834046086225e-03
-2.451219218798345312e-01 -7.516922386197466034e-03
-2.442222879883482745e-01 -7.560517848750208242e-03
-2.433314604751604660e-01 -7.603865346351599760e-03
-2.424493236678621211e-01 -7.646968929160455689e-03
-2.415757640237620185e-01 -7.689832580366160256e-03
-2.407106699303721287e-01 -7.732460212881678459e-03
-2.398539316690157797e-01 -7.774855670975248240e-03
-2.390054413800681288e-01 -7.817022731891895906e-03
-2.381650930285995338e-01 -7.858965107427484317e-03
-2.373327822409573851e-01 -7.900686441146319641e-03
-2.365084063568426986e-01 -7.942190312549501918e-03
-2.356918644731862411e-01 -7.983480241056644527e-03
-2.348830573533062793e-01 -8.024559685461825007e-03
-2.340818873958554758e-01 -8.065432045290796270e-03
-2.332882586050332718e-01 -8.106100662147978572e-03
-2.325020765616766238e-01 -8.146568821041639055e-03
-2.317232483064349813e-01 -8.186839748553522561e-03
-2.309516823589892742e-01 -8.226916615649238970e-03
-2.301872887564957448e-01 -8.266802541213256680e-03
-2.294299789808916246e-01 -8.306500591627356128e-03
-2.286796659323700187e-01 -8.346013781906953463e-03
-2.279362639038612082e-01 -8.385345076828101818e-03
-2.271996885564490920e-01 -8.424497392044556082e-03
-2.264698568386015187e-01 -8.463473593062131525e-03
-2.257466869847576663e-01 -8.502276497060598862e-03
-2.250300985450190416e-01 -8.540908875893687274e-03
-2.243200123288376091e-01 -8.579373455851772509e-03
-2.236163503825857046e-01 -8.617672918631857915e-03
-2.229190359679556754e-01 -8.655809902300507300e-03
-2.222279935411857199e-01 -8.693787002251504234e-03
-2.215431486499782332e-01 -8.731606768882708633e-03
-2.208644279538401756e-01 -8.769271709993977162e-03
-2.201917592998592910e-01 -8.806784295436922982e-03
-2.195250716407400882e-01 -8.844146955542834740e-03
-2.188642950167769552e-01 -8.881362082001636668e-03
-2.182093605385972968e-01 -8.918432028740817460e-03
-2.175602003706734455e-01 -8.955359112805833660e-03
-2.169167477156040968e-01 -8.992145615243611265e-03
-2.162789367991649059e-01 -9.028793781990684247e-03
-2.156467028561282473e-01 -9.065305824767553797e-03
-2.150199820583247601e-01 -9.101683919503366846e-03
-2.143987111840807147e-01 -9.137930193611899787e-03
-2.137828281462344493e-01 -9.174046749533072698e-03
-2.131722718301080344e-01 -9.210035659385577486e-03
-2.125669820245529029e-01 -9.245898963384421507e-03
-2.119668994079430824e-01 -9.281638670543400360e-03
-2.113719655347433557e-01 -9.317256759379360931e-03
-2.107821228226706700e-01 -9.352755178618393436e-03
-2.101973145404348042e-01 -9.388135847905916195e-03
-2.096174847960640963e-01 -9.423400658521549969e-03
-2.090425785258150093e-01 -9.458551474100008322e-03
-2.084725412918986553e-01 -9.493590122626374000e-03
-2.079073193459587965e-01 -9.528518400256816984e-03
-2.073468598648495753e-01 -9.563338083197351139e-03
-2.067911107812415716e-01 -9.598050921189706444e-03
-2.062400207720359313e-01 -9.632658638071271706e-03
-2.056935392472716284e-01 -9.667162932337932529e-03
-2.051516163394730141e-01 -9.701565477708369925e-03
-2.046142028934385404e-01 -9.735867923690709469e-03
-2.040812504564692431e-01 -9.770071896152502863e-03
-2.035527112690421747e-01 -9.804178997894581402e-03
-2.030285382248188664e-01 -9.838190807723603409e-03
-2.025086846747872760e-01 -9.872108871855338891e-03
-2.019931047283954062e-01 -9.905934719348370721e-03
-2.014817531650521243e-01 -9.939669858843433806e-03
-2.009745853906929058e-01 -9.973315777384124045e-03
-2.004715574285260982e-01 -1.000687394086775817e-02
-1.999726259101129999e-01 -1.004034579449681643e-02
-1.994777480667818403e-01 -1.007373276323166728e-02
-1.989868817213751861e-01 -1.010703625224520369e-02
-1.984999852803311093e-01 -1.014025764738012148e-02
-1.980170177260981157e-01 -1.017339831560951438e-02
-1.975379385097834894e-01 -1.020645960032943306e-02
-1.970627075728735023e-01 -1.023944282317001443e-02
-1.965912854839644286e-01 -1.027234929185438621e-02
-1.961236333423263811e-01 -1.030518029604507273e-02
-1.956597127700209771e-01 -1.033793710770122137e-02
-1.951994859044109132e-01 -1.037062098144203061e-02
-1.947429153909224220e-01 -1.040323315491096384e-02
-1.942899643760634676e-01 -1.043577484914104923e-02
-1.938405965006978759e-01 -1.046824726892171993e-02
-1.933947758935748162e-01 -1.050065160316782618e-02
-1.929524671500817690e-01 -1.053298902447067330e-02
-1.925136352256906769e-01 -1.056526068393018672e-02
-1.920782455915326370e-01 -1.059746772026270122e-02
-1.916462641897622443e-01 -1.062961125807680707e-02
-1.912176574078801317e-01 -1.066169240712802786e-02
-1.907923920724410305e-01 -1.069371226261510953e-02
-1.903704354429615608e-01 -1.072567190547651581e-02
-1.899517552060266956e-01 -1.075757240268756208e-02
-1.895363194695947329e-01 -1.078941480755862825e-02
-1.891240967575044118e-01 -1.082120016003454074e-02
-1.887150560041748193e-01 -1.085292948699631381e-02
-1.883091664966253242e-01 -1.088460379950778080e-02
-1.879063978793238388e-01 -1.091622409361096661e-02
-1.875067202336912764e-01 -1.094779135548879997e-02
-1.871101040225290058e-01 -1.097930655884114294e-02
-1.867165200845390671e-01 -1.101077066511739998e-02
-1.863259396291684633e-01 -1.104218462375877209e-02
-1.859383342316091314e-01 -1.107354937244077811e-02
-1.855536758279547338e-01 -1.110486583731637791e-02
-1.851719367105124636e-01 -1.113613493326000813e-02
-1.847930895232712811e-01 -1.116735756411285120e-02
-1.844171072460671357e-01 -1.119853462223380919e-02
-1.840439631090731443e-01 -1.122966698377144898e-02
-1.836736307266670365e-01 -1.126075551723578275e-02
-1.833060840597884045e-01 -1.129180108173924967e-02
-1.829412973939892051e-01 -1.132280452614385299e-02
-1.825792453353214106e-01 -1.135376668927819306e-02
-1.822199028063599124e-01 -1.138468840015620549e-02
-1.818632450423651181e-01 -1.141557047819760293e-02
-1.815092475875839662e-01 -1.144641373345037065e-02
-1.811578862916892740e-01 -1.147721896681554166e-02
-1.808091373063583918e-01 -1.150798697027462236e-02
-1.804629770819894952e-01 -1.153871852711985807e-02
-1.801193823645573788e-01 -1.156941441218768685e-02
-1.797783301926069721e-01 -1.160007539209562989e-02
-1.794397977901394658e-01 -1.163070221872600923e-02
-1.791037625544467937e-01 -1.166129562870376300e-02
-1.787702022884364861e-01 -1.169185635884298705e-02
-1.784390950650890373e-01 -1.172238513783452167e-02
-1.781104192220101246e-01 -1.175288268627983079e-02
-1.777841533581213662e-01 -1.178334971685789621e-02
-1.774602763304584108e-01 -1.181378693449267568e-02
-1.771387672510672251e-01 -1.184419503652191924e-02
-1.768196054840029396e-01 -1.187457471286736989e-02
-1.765027706424297793e-01 -1.190492664620654804e-02
-1.761882425858226353e-01 -1.193525151214634879e-02
-1.758760014172699448e-01 -1.196554997939863925e-02
-1.755660274808780175e-01 -1.199582270995807470e-02
-1.752583013514185939e-01 -1.202607035874312703e-02
-1.749528037160840432e-01 -1.205629356578391542e-02
-1.746495155372809471e-01 -1.208649296765151697e-02
-1.743484180358010061e-01 -1.211666919668989706e-02
-1.740494926529305153e-01 -1.214682287874841934e-02
-1.737527210477625150e-01 -1.217695463331504822e-02
-1.734580850945894315e-01 -1.220706507365008561e-02
-1.731655668803689374e-01 -1.223715480692135447e-02
-1.728751487022727185e-01 -1.226722443434001726e-02
-1.725868130653107624e-01 -1.229727455129788274e-02
-1.723005426800341966e-01 -1.232730574750614226e-02
-1.720163204603161189e-01 -1.235731860713564466e-02
-1.717341295212103658e-01 -1.238731370895895453e-02
-1.714539531768883851e-01 -1.241729162649429612e-02
-1.711757749001793227e-01 -1.244725292535385323e-02
-1.708995782811177921e-01 -1.247719816044856080e-02
-1.706253471685496015e-01 -1.250712788653854726e-02
-1.703530655999155041e-01 -1.253704265344343476e-02
-1.700827177950964830e-01 -1.256694300586261304e-02
-1.698142881542474836e-01 -1.259682948348061701e-02
-1.695477612556900437e-01 -1.262670262107316171e-02
-1.692831218538659033e-01 -1.265656294861367166e-02
-1.690203548773459019e-01 -1.268641099138117373e-02
-1.687594454269022992e-01 -1.271624727006866705e-02
-1.685003787736376601e-01 -1.274607230089285295e-02
-1.682431403571740813e-01 -1.277588659570504624e-02
-1.679877157839008428e-01 -1.280569066210342395e-02
-1.677340908236577832e-01 -1.283548500342245741e-02
-1.674822513436780569e-01 -1.286527011389710859e-02
-1.672321833817525805e-01 -1.289504648444613107e-02
-1.669838731590185810e-01 -1.292481460391077877e-02
-1.667373070503273269e-01 -1.295457495702014537e-02
-1.664924715824452062e-01 -1.298432802447507979e-02
-1.662493534322997124e-01 -1.301407428303252324e-02
-1.660079394252718665e-01 -1.304381420559035110e-02
-1.657682165335334912e-01 -1.307354826127290343e-02
-1.655301718744320028e-01 -1.310327691551697524e-02
-1.652937927089173087e-01 -1.313300063015907133e-02
-1.650590664400179708e-01 -1.316271986352309659e-02
-1.648259806113611114e-01 -1.319243507050926745e-02
-1.645945229057385051e-01 -1.322214670268405737e-02
-1.643646811298847543e-01 -1.325185520725600391e-02
-1.641364431790123535e-01 -1.328156102438672430e-02
-1.639097971165933698e-01 -1.331126459379886398e-02
-1.636847311408719252e-01 -1.334096635229247915e-02
-1.634612335788777904e-01 -1.337066673345201594e-02
-1.632392928849694114e-01 -1.340036616771466196e-02
-1.630188976394129075e-01 -1.343006508243906050e-02
-1.628000365469968458e-01 -1.345976390197452070e-02
-1.625826984356826543e-01 -1.348946304773076393e-02
-1.623668722552912003e-01 -1.351916293824831534e-02
-1.621525470762245902e-01 -1.354886398926962582e-02
-1.619397120882253571e-01 -1.357856661381071084e-02
-1.617283565991685934e-01 -1.360827122223414419e-02
-1.615184700337874979e-01 -1.363797822231358099e-02
-1.613100419004096509e-01 -1.366768801658597467e-02
-1.611030618164077388e-01 -1.369740100463729196e-02
-1.608975195307721928e-01 -1.372711758518742678e-02
-1.606934049022208377e-01 -1.375683815440845691e-02
-1.604907078979805335e-01 -1.378656310598014821e-02
-1.602894185925965442e-01 -1.381629283114571560e-02
-1.600895271667701902e-01 -1.384602771876796562e-02
-1.598910239062248384e-01 -1.387576815538583454e-02
-1.596938992005996760e-01 -1.390551452527140179e-02
-1.594981435423719618e-01 -1.393526721048742555e-02
-1.593037475258066715e-01 -1.396502659094549931e-02
-1.591107018459365086e-01 -1.399479304446463353e-02
-1.589189972975661724e-01 -1.402456694683098214e-02
-1.587286247664839445e-01 -1.405434867116505879e-02
-1.585395751920315177e-01 -1.408413858472944667e-02
-1.583518396399360983e-01 -1.411393705549823969e-02
-1.581654092773595033e-01 -1.414374445011058051e-02
-1.579802753647977231e-01 -1.417356113329210944e-02
-1.577964292551440328e-01 -1.420338746790694023e-02
-1.576138623927776372e-01 -1.423322381501027599e-02
-1.574325663126770469e-01 -1.426307053390171893e-02
-1.572525326395591283e-01 -1.429292798217932092e-02
-1.570737530870430221e-01 -1.432279651579443369e-02
-1.568962194568395696e-01 -1.435267648910740386e-02
-1.567199236379657745e-01 -1.438256825494417177e-02
-1.565448576059845776e-01 -1.441247216465381051e-02
-1.563710134222694725e-01 -1.444238856816712491e-02
-1.561983832332958511e-01 -1.447231781405605364e-02
-1.560269592699546626e-01 -1.450226024959467078e-02
-1.558567338468941910e-01 -1.453221622082083962e-02
-1.556876993618853400e-01 -1.456218607259933580e-02
-1.555198482719328534e-01 -1.459217014650185211e-02
-1.553531730170347458e-01 -1.462216877371747339e-02
-1.551876661917025169e-01 -1.465218229122132280e-02
-1.550233204797460684e-01 -1.468221103582441518e-02
-1.548601286408905764e-01 -1.471225534303280576e-02
-1.546980835100323359e-01 -1.474231554708759981e-02
-1.545371779965138137e-01 -1.477239198100551570e-02
-1.543774050834167966e-01 -1.480248497661990070e-02
-1.542187578268739423e-01 -1.483259486462230187e-02
-1.540612293553994261e-01 -1.486272197460464933e-02
-1.539048128692371009e-01 -1.489286663510205888e-02
-1.537495016397290581e-01 -1.492302917363610808e-02
-1.535952890086995648e-01 -1.495320991675922785e-02
-1.534421683878605391e-01 -1.498340919009939938e-02
-1.532901332582340403e-01 -1.501362731840582936e-02
-1.531391771695933268e-01 -1.504386462559541456e-02
-1.529892937399228436e-01 -1.507412143480001826e-02
-1.528404766548961125e-01 -1.510439806841465740e-02
-1.526927196484807736e-01 -1.513469484627407574e-02
-1.525460164607929658e-01 -1.516501208153340011e-02
-1.524003609477720123e-01 -1.519535009161200600e-02
-1.522557470344010344e-01 -1.522570919368528702e-02
-1.521121687081382901e-01 -1.525608970412689787e-02
-1.519696200183363322e-01 -1.528649193854170023e-02
-1.518280950756756009e-01 -1.531691621179911977e-02
-1.516875880516114772e-01 -1.534736283806700796e-02
-1.515480931778369067e-01 -1.537783213084571547e-02
-1.514096047457567096e-01 -1.540832440300314403e-02
-1.512721171059784042e-01 -1.543883996680984159e-02
-1.511356246678159376e-01 -1.546937913397491461e-02
-1.510001218988078486e-01 -1.549994221568245720e-02
-1.508656033242493366e-01 -1.553052952262857014e-02
-1.507320635267388464e-01 -1.556114136505908074e-02
-1.505994971457381704e-01 -1.559177805280786630e-02
-1.504678988771474824e-01 -1.562243989533593398e-02
-1.503372634728934731e-01 -1.565312720177117894e-02
-1.502075857223046651e-01 -1.568384027904567296e-02
-1.500788604260820669e-01 -1.571457942922481130e-02
-1.499510824796807251e-01 -1.574534495827889860e-02
-1.498242468341492439e-01 -1.577613717209872327e-02
-1.496983484924326313e-01 -1.580695637618662053e-02
-1.495733825089119451e-01 -1.583780287568343700e-02
-1.494493439889525987e-01 -1.586867697539628627e-02
-1.493262280884656013e-01 -1.589957897982622118e-02
-1.492040300134781783e-01 -1.593050919319645431e-02
-1.490827450197154680e-01 -1.596146791948096708e-02
-1.489623684121926805e-01 -1.599245546243353161e-02
-1.488428955448181656e-01 -1.602347212561713863e-02
-1.487243218200069994e-01 -1.605451821243392141e-02
-1.486066426883050628e-01 -1.608559402615552386e-02
-1.484898536480242226e-01 -1.611669986995401330e-02
-1.483739502448878089e-01 -1.614783604693325811e-02
-1.482589280716868074e-01 -1.617900286016091607e-02
-1.481447827679467644e-01 -1.621020061270093265e-02
-1.480315100035999032e-01 -1.624142960589060672e-02
-1.479191054661893323e-01 -1.627269013797742053e-02
-1.478075649180859152e-01 -1.630398251045570013e-02
-1.476968841670570076e-01 -1.633530702492181838e-02
-1.475870590644213776e-01 -1.636666398293585081e-02
-1.474780855046811112e-01 -1.639805368604459190e-02
-1.473699594251624001e-01 -1.642947643580476222e-02
-1.472626768056638502e-01 -1.646093253380653820e-02
-1.471562336681135619e-01 -1.649242228169733523e-02
-1.470506260762339257e-01 -1.652394598120595498e-02
-1.469458501352146340e-01 -1.655550393416703805e-02
-1.468419019913938806e-01 -1.658709644254583934e-02
-1.467387778319478309e-01 -1.661872380846343700e-02
-1.466364738845878091e-01 -1.665038633422224676e-02
-1.465349864172661720e-01 -1.668208432233199076e-02
-1.464343117378896775e-01 -1.671381807553605839e-02
-1.463344461940415397e-01 -1.674558789683834245e-02
-1.462353861727117565e-01 -1.677739408953029046e-02
-1.461371280868661582e-01 -1.680923695570425355e-02
-1.460396683715546318e-01 -1.684111679584245416e-02
-1.459430035200976195e-01 -1.687303391303298164e-02
-1.458471300636665358e-01 -1.690498861068868985e-02
-1.457520445704398038e-01 -1.693698119250469647e-02
-1.456577436453131980e-01 -1.696901196247893248e-02
-1.455642239296162932e-01 -1.700108122493298665e-02
-1.454714821008353254e-01 -1.703318928453310260e-02
-1.453795148723424357e-01 -1.706533644631154020e-02
-1.452883189931316044e-01 -1.709752301568816940e-02
-1.451978912475601902e-01 -1.712974929849233469e-02
-1.451082284550978541e-01 -1.716201560098509077e-02
-1.450193274700808943e-01 -1.719432222988165684e-02
-1.449311851814737429e-01 -1.722666949237431494e-02
-1.448437985126360683e-01 -1.725905769615561011e-02
-1.447571644210973452e-01 -1.729148714944169982e-02
-1.446712798983362525e-01 -1.732395816099655331e-02
-1.445861419695678163e-01 -1.735647104015607123e-02
-1.445017476813655610e-01 -1.738902609538819574e-02
-1.444180941031157073e-01 -1.742162363449967222e-02
-1.443351783520453735e-01 -1.745426396769616736e-02
-1.442529975776245532e-01 -1.748694740576182960e-02
-1.441715489611582190e-01 -1.751967426005718656e-02
-1.440908297155572559e-01 -1.755244484253803278e-02
-1.440108370851136133e-01 -1.758525946577449428e-02
-1.439315683452809524e-01 -1.761811844297032914e-02
-1.438530208024600132e-01 -1.765102208798245351e-02
-1.437751917937890034e-01 -1.768397071534070705e-02
-1.436980786869389570e-01 -1.771696464026791332e-02
-1.436216788799145327e-01 -1.775000417869996086e-02
-1.435459898008586421e-01 -1.778308964730663036e-02
-1.434710089078632955e-01 -1.781622136351224475e-02
-1.433967336887847221e-01 -1.784939964551680164e-02
-1.433231616610637360e-01 -1.788262481231740406e-02
-1.432502903715509313e-01 -1.791589718372998963e-02
-1.431781173963369014e-01 -1.794921708041134073e-02
-1.431066403253523911e-01 -1.798258482196708058e-02
-1.430358567707248618e-01 -1.801600072802450950e-02
-1.429657643889516716e-01 -1.804946512106466242e-02
-1.428963608646325878e-01 -1.808297832442918793e-02
-1.428276439102674489e-01 -1.811654066233612734e-02
-1.427596112660905747e-01 -1.815015245989998194e-02
-1.426922606999098675e-01 -1.818381404315210642e-02
-1.426255900069502980e-01 -1.821752573906139719e-02
-1.425595970097017218e-01 -1.825128787555529639e-02
-1.424942795577718024e-01 -1.828510078154088267e-02
-1.424296355277421544e-01 -1.831896478692679117e-02
-1.423656628230303145e-01 -1.835288022264493571e-02
-1.423023593737552384e-01 -1.838684742067282080e-02
-1.422397231366078207e-01 -1.842086671405617285e-02
-1.421777520947253848e-01 -1.845493843693191138e-02
-1.421164442575711118e-01 -1.848906292455146372e-02
-1.420557976608175788e-01 -1.852324051330450985e-02
-1.419958103662349314e-01 -1.855747154074305696e-02
-1.419364804615834696e-01 -1.859175634560591983e-02
-1.418778060605106195e-01 -1.862609526784361758e-02
-1.418197853024525668e-01 -1.866048864864366941e-02
-1.417624163525399994e-01 -1.869493683045630322e-02
-1.417056974015087623e-01 -1.872944015702060483e-02
-1.416496266625879297e-01 -1.876399897299026176e-02
-1.415942023212757306e-01 -1.879861361729854088e-02
-1.415394226127956179e-01 -1.883328443342394132e-02
-1.414852858144452497e-01 -1.886801176844315336e-02
-1.414317902274726813e-01 -1.890279597067114764e-02
-1.413789341769549346e-01 -1.893763738968036112e-02
-1.413267160116801202e-01 -1.897253637632009826e-02
-1.412751341040329178e-01 -1.900749328273625832e-02
-1.412241868498829989e-01 -1.904250846239120484e-02
-1.411738726684771128e-01 -1.907758227008398560e-02
-1.411241900023341989e-01 -1.911271506197071909e-02
-1.410751373171440504e-01 -1.914790719558532098e-02
-1.410267131016689490e-01 -1.918315902986048385e-02
-1.409789158676487963e-01 -1.921847092514891372e-02
-1.409317441497095758e-01 -1.925384324324486141e-02
-1.408851965052747568e-01 -1.928927634740598002e-02
-1.408392715144805574e-01 -1.932477060237549824e-02
-1.407939677800940370e-01 -1.936032637440443863e-02
-1.407492839274344931e-01 -1.939594403127471375e-02
-1.407052186042982989e-01 -1.943162394232196555e-02
-1.406617704808871550e-01 -1.946736647845902918e-02
-1.406189382497391449e-01 -1.950317201219966060e-02
-1.405767206256636759e-01 -1.953904091768263185e-02
-1.405351163456791397e-01 -1.957497357069611435e-02
-1.404941241599541868e-01 -1.961097034744621950e-02
-1.404537428110113340e-01 -1.964703162166746633e-02
-1.404139710899338089e-01 -1.968315777249052614e-02
-1.403748078123504550e-01 -1.971934918114075577e-02
-1.403362518150296778e-01 -1.975560623049521514e-02
-1.402983019558002309e-01 -1.979192930510294615e-02
-1.402609571134747768e-01 -1.982831879120548063e-02
-1.402242161877758631e-01 -1.986477507675737594e-02
-1.401880780992643127e-01 -1.990129855144750701e-02
-1.401525417892702519e-01 -1.993788960672002175e-02
-1.401176062198269678e-01 -1.997454863579585863e-02
-1.400832703736068496e-01 -2.001127603369446187e-02
-1.400495332538603255e-01 -2.004807219725572576e-02
-1.400163938843568268e-01 -2.008493752516221642e-02
-1.399838513093289161e-01 -2.012187241796167814e-02
-1.399519045934184691e-01 -2.015887727808977903e-02
-1.399205528216256322e-01 -2.019595250989316554e-02
-1.398897950992601946e-01 -2.023309851965278405e-02
-1.398596305518958471e-01 -2.027031571560750783e-02
-1.398300583253263285e-01 -2.030760450797802763e-02
-1.398010775855248744e-01 -2.034496530899108230e-02
-1.397726875186056372e-01 -2.038239853290395309e-02
-1.397448873307878814e-01 -2.041990459602936389e-02
-1.397176762483628987e-01 -2.045748391676038488e-02
-1.396910534972927442e-01 -2.049513691260756304e-02
-1.396650183136771139e-01 -2.053286400173708406e-02
-1.396395699751851460e-01 -2.057066560761636187e-02
-1.396147077787773527e-01 -2.060854215578750148e-02
-1.395904310405868820e-01 -2.064649407387859556e-02
-1.395667390958668375e-01 -2.068452179162457230e-02
-1.395436312989391248e-01 -2.072262574088818560e-02
-1.395211070231456851e-01 -2.076080635568131397e-02
-1.394991656608011721e-01 -2.079906407218631501e-02
-1.394778066231474878e-01 -2.083739932877768514e-02
-1.394570293403105954e-01 -2.087581256604386509e-02
-1.394368332612586636e-01 -2.091430422680930212e-02
-1.394172178537623485e-01 -2.095287475615671691e-02
-1.393981826043570738e-01 -2.099152460144936699e-02
-1.393797270183066983e-01 -2.103025421235405271e-02
-1.393618506195694606e-01 -2.106906404086379345e-02
-1.393445529507657266e-01 -2.110795454132102095e-02
-1.393278335731472917e-01 -2.114692617044094253e-02
-1.393116920665689873e-01 -2.118597938733511946e-02
-1.392961280294616466e-01 -2.122511465353531246e-02
-1.392811410788074022e-01 -2.126433243301756315e-02
-1.392667308501164547e-01 -2.130363319222649404e-02
-1.392528969974059228e-01 -2.134301740009990692e-02
nan nan
nan nan
nan nan
nan nan
nan nan
nan nan
nan nan
nan nan
nan nan
nan nan
nan nan
nan nan
-1.390938342436449926e-01 -2.235618458754531218e-02
-1.390949337333642066e-01 -2.239791326393207258e-02
-1.390966074417982479e-01 -2.243973912991717445e-02
-1.390988555545844829e-01 -2.248166273790043468e-02
-1.391016782757407977e-01 -2.252368464357966740e-02
-1.391050758276783650e-01 -2.256580540598058376e-02
-1.391090484512161329e-01 -2.260802558748702465e-02
-1.391135964055970897e-01 -2.265034575387148488e-02
-1.391187199685064435e-01 -2.269276647432603294e-02
-1.391244194360917730e-01 -2.273528832149353945e-02
-1.391306951229847877e-01 -2.277791187149924221e-02
-1.391375473623251147e-01 -2.282063770398276570e-02
-1.391449765057856669e-01 -2.286346640213011983e-02
-1.391529829236002047e-01 -2.290639855270673250e-02
-1.391615670045923958e-01 -2.294943474609017695e-02
-1.391707291562069293e-01 -2.299257557630361715e-02
-1.391804698045423228e-01 -2.303582164104952743e-02
-1.391907893943856167e-01 -2.307917354174376240e-02
-1.392016883892489287e-01 -2.312263188355008492e-02
-1.392131672714079227e-01 -2.316619727541497503e-02
-1.392252265419417212e-01 -2.320987033010288997e-02
-1.392378667207751497e-01 -2.325365166423186414e-02
-1.392510883467225624e-01 -2.329754189830954628e-02
-1.392648919775972549e-01 -2.334154165678031106e-02
-1.392792782124066819e-01 -2.338565157178080708e-02
-1.392942476600090573e-01 -2.342987227793008956e-02
-1.393098009286788397e-01 -2.347420441058663612e-02
-1.393259386464343885e-01 -2.351864860927913720e-02
-1.393426614610616399e-01 -2.356320551774091984e-02
-1.393599700401408625e-01 -2.360787578394436814e-02
-1.393778650710755518e-01 -2.365266006013606523e-02
-1.393963472611240428e-01 -2.369755900287235512e-02
-1.394154173374334282e-01 -2.374257327305545270e-02
-1.394350760470762507e-01 -2.378770353596998399e-02
-1.394553241570893887e-01 -2.383295046132009182e-02
-1.394761624545157730e-01 -2.387831472326701343e-02
-1.394975917464484350e-01 -2.392379700046720278e-02
-1.395196128600771357e-01 -2.396939797611094547e-02
-1.395422266427372993e-01 -2.401511833796150797e-02
-1.395654339619618600e-01 -2.406095877839482117e-02
-1.395892357055351363e-01 -2.410691999443970862e-02
-1.396136327815495903e-01 -2.415300268781862478e-02
-1.396386261184649202e-01 -2.419920756498904549e-02
-1.396642166651696493e-01 -2.424553533718505974e-02
-1.396904053910452137e-01 -2.429198672046015833e-02
-1.397171932860327426e-01 -2.433856243572996708e-02
-1.397445813607020304e-01 -2.438526320881585080e-02
-1.397725706496292519e-01 -2.443208977106690535e-02
-1.398011622352688943e-01 -2.447904286357659512e-02
-1.398303571920398447e-01 -2.452612322744799483e-02
-1.398601566070064584e-01 -2.457333160741608652e-02
-1.398905615888791920e-01 -2.462066875345148356e-02
-1.399215732680662572e-01 -2.466813542080271981e-02
-1.399531927967282707e-01 -2.471573237003920134e-02
-1.399854213488365695e-01 -2.476346036709480003e-02
-1.400182601202343557e-01 -2.481132018331222433e-02
-1.400517103287011456e-01 -2.485931259548804576e-02
-1.400857732140207146e-01 -2.490743838591817985e-02
-1.401204500380520135e-01 -2.495569834244469251e-02
-1.401557420848031643e-01 -2.500409325850265138e-02
-1.401916506605091206e-01 -2.505262393316809097e-02
-1.402281770937121030e-01 -2.510129117120654327e-02
-1.402653227353455878e-01 -2.515009578312238370e-02
-1.403030889588212093e-01 -2.519903858520890216e-02
-1.403414771601190769e-01 -2.524812039959905760e-02
-1.403804887578813665e-01 -2.529734205431708252e-02
-1.404201251935088823e-01 -2.534670438333080575e-02
-1.404603879312609493e-01 -2.539620822660469679e-02
-1.405012784583586360e-01 -2.544585443015376022e-02
-1.405427982850909752e-01 -2.549564384609817255e-02
-1.405849489449244594e-01 -2.554557733271870662e-02
-1.406277320124781627e-01 -2.559565575776405130e-02
-1.406711491110974044e-01 -2.564587999989445186e-02
-1.407152018359774659e-01 -2.569625093471706798e-02
-1.407598918040049996e-01 -2.574676944386154048e-02
-1.408052206568350395e-01 -2.579743641557698600e-02
-1.408511900609679124e-01 -2.584825274478436130e-02
-1.408978017078308664e-01 -2.589921933312973323e-02
-1.409450573138643914e-01 -2.595033708903861716e-02
-1.409929586206124519e-01 -2.600160692777118282e-02
-1.410415073948171338e-01 -2.605302977147845589e-02
-1.410907054285178153e-01 -2.610460654925957427e-02
-1.411405545391547223e-01 -2.615633819721998113e-02
-1.411910565696766484e-01 -2.620822565853065528e-02
-1.412422133886532261e-01 -2.626026988348839977e-02
-1.412940268903913887e-01 -2.631247182957705336e-02
-1.413464989950563855e-01 -2.636483246152991969e-02
-1.413996316487968752e-01 -2.641735275139287312e-02
-1.414534268238746284e-01 -2.647003367858912978e-02
-1.415078865187985313e-01 -2.652287622998449404e-02
-1.415630127584626696e-01 -2.657588139995399265e-02
-1.416188075942892699e-01 -2.662905019044948043e-02
-1.416752731043753044e-01 -2.668238361106840123e-02
-1.417324113936442587e-01 -2.673588267912361052e-02
-1.417902245940336203e-01 -2.678954841972037981e-02
-1.418487148805906983e-01 -2.684338186884419053e-02
-1.419078844494984504e-01 -2.689738406926181838e-02
-1.419677355097918592e-01 -2.695155606898178360e-02
-1.420282702985968815e-01 -2.700589892417243690e-02
-1.420894910812853795e-01 -2.706041369923499126e-02
-1.421514001516346049e-01 -2.711510146687773001e-02
-1.422139998319918996e-01 -2.716996330819147418e-02
-1.422772924734439781e-01 -2.722500031272634055e-02
-1.423412804559910649e-01 -2.728021357856943649e-02
-1.424059661887258355e-01 -2.733560421242441085e-02
-1.424713521100174074e-01 -2.739117332969172661e-02
-1.425374406876997735e-01 -2.744692205455041834e-02
-1.426042344192654243e-01 -2.750285152004117856e-02
-1.426717358320631346e-01 -2.755896286815061672e-02
-1.427399474835018556e-01 -2.761525724989701003e-02
-1.428088719612578827e-01 -2.767173582541720273e-02
-1.428785118834878798e-01 -2.772839976405489307e-02
-1.429488698992171236e-01 -2.778525024448351075e-02
-1.430199487037456252e-01 -2.784228845775331418e-02
-1.430917510138858539e-01 -2.789951560253460874e-02
-1.431642795665152568e-01 -2.795693288486894232e-02
-1.432375371307996192e-01 -2.801454152059153907e-02
-1.433115265083891032e-01 -2.807234273541958647e-02
-1.433862505336196691e-01 -2.813033776504267336e-02
-1.434617120737214091e-01 -2.818852785521426541e-02
-1.435379140290325428e-01 -2.824691426184507831e-02
-1.436148593332199630e-01 -2.830549825109799494e-02
-1.436925509535056378e-01 -2.836428109948467557e-02
-1.437709918908993967e-01 -2.842326409396374667e-02
-1.438501851804378229e-01 -2.848244853204074181e-02
-1.439301338914287520e-01 -2.854183572186953788e-02
-1.440108411277033484e-01 -2.860142698235580358e-02
-1.440923100278727609e-01 -2.866122364326180103e-02
-1.441745437655917172e-01 -2.872122704531311632e-02
-1.442575455498281700e-01 -2.878143854030703816e-02
-1.443413186256795600e-01 -2.884185949133069582e-02
-1.444258662945090976e-01 -2.890249127684704419e-02
-1.445111918782080174e-01 -2.896333528361898918e-02
-1.445972987230265683e-01 -2.902439290751119769e-02
-1.446841902128139512e-01 -2.908566555618988941e-02
-1.447718697692665923e-01 -2.914715464923192667e-02
-1.448603408521850211e-01 -2.920886161823531280e-02
-1.449496069597383252e-01 -2.927078790693207408e-02
-1.450396716287358778e-01 -2.933293497130308805e-02
-1.451305384349084737e-01 -2.939530427969529527e-02
-1.452222109931955996e-01 -2.945789731294073607e-02
-1.453146929580416413e-01 -2.952071556447788403e-02
-1.454079880236994471e-01 -2.958376054047512013e-02
-1.455020999245419944e-01 -2.964703375995638227e-02
-1.455970324353817180e-01 -2.971053675492897617e-02
-1.456927893717979150e-01 -2.977427107051366234e-02
-1.457893745904716432e-01 -2.983823826507689056e-02
-1.458867919895287246e-01 -2.990243991036541094e-02
-1.459850455103392786e-01 -2.996687759194016296e-02
-1.460841391664959021e-01 -3.003155291520145931e-02
-1.461840769874080403e-01 -3.009646749388743617e-02
-1.462848630308997699e-01 -3.016162295269756224e-02
-1.463865013992803055e-01 -3.022702093065610107e-02
-1.464889962396510592e-01 -3.029266308124514001e-02
-1.465923517442231649e-01 -3.035855107254035665e-02
-1.466965721506447162e-01 -3.042468658734944278e-02
-1.468016617423396342e-01 -3.049107132335353298e-02
-1.469076248488554171e-01 -3.055770699325115539e-02
-1.470144658462221310e-01 -3.062459532490514891e-02
-1.471221891573209761e-01 -3.069173806149235254e-02
-1.472307992522638165e-01 -3.075913696165617425e-02
-1.473403006487825906e-01 -3.082679379966199798e-02
-1.474506979126290196e-01 -3.089471036555554648e-02
-1.475619956579847236e-01 -3.096288846532417940e-02
-1.476741985478814689e-01 -3.103132992106077959e-02
-1.477873112946318512e-01 -3.110003657113134118e-02
-1.479013386634429605e-01 -3.116901027101346214e-02
-1.480162855109142805e-01 -3.123825290150396977e-02
-1.481321567029793285e-01 -3.130776635151726051e-02
-1.482489571405005424e-01 -3.137755252351907137e-02
-1.483666917775701422e-01 -3.144761333746107917e-02
-1.484853656218889095e-01 -3.151795073094468269e-02
-1.486049837351591796e-01 -3.158856665938852837e-02
-1.487255512334916263e-01 -3.165946309619976223e-02
-1.488470732878254543e-01 -3.173064203294890390e-02
-1.489695551243624405e-01 -3.180210547954845368e-02
-1.490930020250144095e-01 -3.187385546443525369e-02
-1.492174193278643091e-01 -3.194589403475664446e-02
-1.493428124276412472e-01 -3.201822325656016044e-02
-1.494691867762086013e-01 -3.209084521498765247e-02
-1.495965478830661999e-01 -3.216376201447262995e-02
-1.497249013158657160e-01 -3.223697577894180794e-02
-1.498542527009400216e-01 -3.231048865202051923e-02
-1.499846077238457809e-01 -3.238430279724204691e-02
-1.501159721357869792e-01 -3.245842039952953617e-02
-1.502483517995251705e-01 -3.253284367523965465e-02
-1.503817525816280587e-01 -3.260757484897155306e-02
-1.505161803938493414e-01 -3.268261616256058072e-02
-1.506516412121494952e-01 -3.275796987928603077e-02
-1.507881410771779451e-01 -3.283363828407694085e-02
-1.509256860947728873e-01 -3.290962368372264690e-02
-1.510642824364786807e-01 -3.298592840708820806e-02
-1.512039363400816405e-01 -3.306255480533480673e-02
-1.513446541101631238e-01 -3.313950525214500592e-02
-1.514864421186709886e-01 -3.321678214395278744e-02
-1.516293068055082627e-01 -3.329438790017916899e-02
-1.517732546791401294e-01 -3.337232496347219274e-02
-1.519182923172185673e-01 -3.345059579995244420e-02
-1.520644263672247809e-01 -3.352920289946348387e-02
-1.522116635471286727e-01 -3.360814877582735810e-02
-1.523600106460680226e-01 -3.368743596710566807e-02
-1.525094745250433481e-01 -3.376706703586546815e-02
-1.526600621300070737e-01 -3.384704457219443047e-02
-1.528117805557650810e-01 -3.392737120802146594e-02
-1.529646368777528576e-01 -3.400804957994705419e-02
-1.531186382267807344e-01 -3.408908234585780045e-02
-1.532737918124233989e-01 -3.417047219022893018e-02
-1.534301049236041492e-01 -3.425222182437877294e-02
-1.535875849292037965e-01 -3.433433398672944281e-02
-1.537462392786935750e-01 -3.441681144307479068e-02
-1.539060755027926997e-01 -3.449965698685441423e-02
-1.540671012141500429e-01 -3.458287343943470399e-02
-1.542293241080501809e-01 -3.466646365039659228e-02
-1.543927519631438372e-01 -3.475043049783010235e-02
-1.545573926422026401e-01 -3.483477688863587107e-02
-1.547232540928970002e-01 -3.491950575883328439e-02
-1.548903443486008835e-01 -3.500462007387614843e-02
-1.550586715292181506e-01 -3.509012282897484153e-02
-1.552282438420344024e-01 -3.517601704942580759e-02
-1.553990695825928636e-01 -3.526230579094809248e-02
-1.555711571425819340e-01 -3.534899214161480591e-02
-1.557445150342138818e-01 -3.543607922755127176e-02
-1.559191518188824399e-01 -3.552357019686964990e-02
-1.560950761437705780e-01 -3.561146822810026119e-02
-1.562722967504114879e-01 -3.569977653228267184e-02
-1.564508224756157584e-01 -3.578849835332719581e-02
-1.566306622524261116e-01 -3.587763696838355831e-02
-1.568118251110986461e-01 -3.596719568821798302e-02
-1.569943201801117794e-01 -3.605717785759841171e-02
-1.571781566872002822e-01 -3.614758685568733587e-02
-1.573633439604193163e-01 -3.623842609644363499e-02
-1.575498914292325636e-01 -3.632969902903192966e-02
-1.577378086256285006e-01 -3.642140913824049725e-02
-1.579271051852636221e-01 -3.651355994490759760e-02
-1.581177908688143341e-01 -3.660615501102849889e-02
-1.583098755398522073e-01 -3.669919793482318698e-02
-1.585033691399165001e-01 -3.679269234511283598e-02
-1.586982817209890428e-01 -3.688664190899266365e-02
-1.588946234466885876e-01 -3.698105033228445832e-02
-1.590924045933967135e-01 -3.707592135997513777e-02
-1.592916355514179261e-01 -3.717125877666611899e-02
-1.594923268261743132e-01 -3.726706640703227047e-02
-1.596944890394342842e-01 -3.736334811629152264e-02
-1.598981329305758370e-01 -3.746010781068477569e-02
-1.601032693578842148e-01 -3.755734943796634057e-02
-1.603099092998822028e-01 -3.765507698790455243e-02
-1.605180638566980345e-01 -3.775329449279369448e-02
-1.607277442558521507e-01 -3.785200602900923306e-02
-1.609389618848954540e-01 -3.795121572490570139e-02
-1.611517282134404538e-01 -3.805092774265850242e-02
-1.613660548277443818e-01 -3.815114628657214485e-02
-1.615819534455122108e-01 -3.825187560676982651e-02
-1.617994359172343355e-01 -3.835311999971849350e-02
-1.620185142275676893e-01 -3.845488380876687512e-02
-1.622392004967608548e-01 -3.855717142469661241e-02
-1.624615069821227220e-01 -3.865998728628614045e-02
-1.626854460795348623e-01 -3.876333588088856641e-02
-1.629110303250076996e-01 -3.886722174502211385e-02
-1.631382723962803427e-01 -3.897164946497436167e-02
-1.633671851144640474e-01 -3.907662367741990966e-02
-1.635977814457280910e-01 -3.918214907005134612e-02
-1.638300745301314865e-01 -3.928823038872328310e-02
-1.640640776690696079e-01 -3.939487243471248568e-02
-1.642998042538567349e-01 -3.950208004780237508e-02
-1.645372678300875968e-01 -3.960985812192242828e-02
-1.647764821007979275e-01 -3.971821160615451179e-02
-1.650174609280976867e-01 -3.982714550537664461e-02
-1.652602183348610698e-01 -3.993666488092355304e-02
-1.655047685064734153e-01 -4.004677485126428849e-02
-1.657511257926345127e-01 -4.015748059269656778e-02
-1.659993047092186147e-01 -4.026878734005905069e-02
-1.662493199401911259e-01 -4.038070038746016666e-02
-1.665011863395818026e-01 -4.049322508902475359e-02
-1.667549189335145177e-01 -4.060636685965819670e-02
-1.670105329261208360e-01 -4.072013117676140381e-02
-1.672680437678467080e-01 -4.083452359718858088e-02
-1.675274670174242420e-01 -4.094954972389627107e-02
-1.677888183821887869e-01 -4.106521521598575919e-02
-1.680521137574033097e-01 -4.118152579857702750e-02
-1.683173692281786094e-01 -4.129848726357807781e-02
-1.685846010714680820e-01 -4.141610547047635399e-02
-1.688538257581368163e-01 -4.153438634715223704e-02
-1.691250599551060996e-01 -4.165333589071510551e-02
-1.693983205275721993e-01 -4.177296016836181541e-02
-1.696736245412996114e-01 -4.189326531825800920e-02
-1.699509892649896103e-01 -4.201425755044187887e-02
-1.702304321727225456e-01 -4.213594314775169491e-02
-1.705119709464753275e-01 -4.225832846677572696e-02
-1.707956235128837152e-01 -4.238141994730505735e-02
-1.710814080594983133e-01 -4.250522411675973500e-02
-1.713693428763176096e-01 -4.262974755118145026e-02
-1.716594464707414669e-01 -4.275499690403266467e-02
-1.719517375775335699e-01 -4.288097890902687476e-02
-1.722462351612379650e-01 -4.300770038109338195e-02
-1.725429584186929932e-01 -4.313516821737091445e-02
-1.728419267816415916e-01 -4.326338939823046181e-02
-1.731431599194391824e-01 -4.339237098832742640e-02
-1.734466777418586236e-01 -4.352212013768339688e-02
-1.737525004019919717e-01 -4.365264408279771052e-02
-1.740606482992493043e-01 -4.378395014778863059e-02
-1.743711420824545499e-01 -4.391604574556548513e-02
-1.746840026550224578e-01 -4.404893837953077762e-02
-1.749992513065277699e-01 -4.418263567720315255e-02
-1.753169094868237687e-01 -4.431714533372752007e-02
-1.756369988177819974e-01 -4.445247511510588834e-02
-1.759595411972507684e-01 -4.458863288481859644e-02
-1.762845588018422671e-01 -4.472562660497051562e-02
-1.766120740898571018e-01 -4.486346433747764872e-02
-1.769421098043372220e-01 -4.500215424529193514e-02
-1.772746889762537026e-01 -4.514170459366637772e-02
-1.776098349278271982e-01 -4.528212375146014462e-02
-1.779475712759804873e-01 -4.542342019248374330e-02
-1.782879219359242151e-01 -4.556560249688497433e-02
-1.786309111248746695e-01 -4.570867935257545006e-02
-1.789765633659040345e-01 -4.585265955669850374e-02
-1.793249035090919430e-01 -4.599755202154171690e-02
-1.796759567678992420e-01 -4.614336578439934278e-02
-1.800297485891121374e-01 -4.629010997470870553e-02
-1.803863047356881744e-01 -4.643779383575340203e-02
-1.807456513019669309e-01 -4.658642672908833160e-02
-1.811078147179064624e-01 -4.673601813616130862e-02
-1.814728217534743726e-01 -4.688657765998281018e-02
-1.818406995231814927e-01 -4.703811502684106943e-02
-1.822114754907676604e-01 -4.719064008806522076e-02
-1.825851774740347433e-01 -4.734416282183574742e-02
-1.829618336499916897e-01 -4.749869333508515562e-02
-1.833414726085583479e-01 -4.765424187802996120e-02
-1.837241232753025755e-01 -4.781081882472154598e-02
-1.841098149065817091e-01 -4.796843467231754615e-02
-1.844985771455792400e-01 -4.812710005622890946e-02
-1.848904400272537718e-01 -4.828682575203025601e-02
-1.852854339834783259e-01 -4.844762267742878936e-02
-1.856835898483694680e-01 -4.860950189429312507e-02
-1.860849388638060875e-01 -4.877247461074213364e-02
-1.864895126851379148e-01 -4.893655218329411027e-02
-1.868973433870844414e-01 -4.910174611907702075e-02
-1.873084634884025490e-01 -4.926806808298683782e-02
-1.877229059949082346e-01 -4.943552990972572420e-02
-1.881407042485912784e-01 -4.960414356479656700e-02
-1.885618920306281199e-01 -4.977392117223630036e-02
-1.889865035817441530e-01 -4.994487502069941409e-02
-1.894145736082596676e-01 -5.011701756579202416e-02
-1.898461372883800125e-01 -5.029036143248213908e-02
-1.902812302787291743e-01 -5.046491941758681626e-02
-1.907198887211274119e-01 -5.064070449233656207e-02
-1.911621492496119734e-01 -5.081772980501766956e-02
-1.916080489978271018e-01 -5.099600868372577284e-02
-1.920576256920965841e-01 -5.117555466196554992e-02
-1.925109175188610688e-01 -5.135638144423108203e-02
-1.929679631034489640e-01 -5.153850290107437476e-02
-1.934288016137030441e-01 -5.172193309752023960e-02
-1.938934727670637848e-01 -5.190668629583020111e-02
-1.943620168379642243e-01 -5.209277695836368044e-02
-1.948344746655469029e-01 -5.228021975053984832e-02
-1.953108876616981293e-01 -5.246902954389964097e-02
-1.957912978194004949e-01 -5.265922141926895200e-02
-1.962757477214029933e-01 -5.285081067002338900e-02
-1.967642805819270202e-01 -5.304381281427562878e-02
-1.972569403319082426e-01 -5.323824361889154672e-02
-1.977537713276184550e-01 -5.343411902190148277e-02
-1.982548185397392249e-01 -5.363145518433744263e-02
-1.987601275917090793e-01 -5.383026850160305132e-02
-1.992697447684285417e-01 -5.403057560687904437e-02
-1.997837170253860262e-01 -5.423239337465995263e-02
-2.003020919982043402e-01 -5.443573892442255674e-02
-2.008249180126076006e-01 -5.464062962442737398e-02
-2.013522440948089243e-01 -5.484708309565395484e-02
-2.018841199823631638e-01 -5.505511721588308288e-02
-2.024205962874143228e-01 -5.526475016540666196e-02
-2.029617242686156953e-01 -5.547600036608229396e-02
-2.035075557695366633e-01 -5.568888646551854033e-02
-2.040581434136575778e-01 -5.590342739143959461e-02
-2.046135406147059077e-01 -5.611964235577001497e-02
-2.051738015875497756e-01 -5.633755085889266545e-02
-2.057389813596489370e-01 -5.655717269408100378e-02
-2.063091357830629247e-01 -5.677852795210700659e-02
-2.068843215470154984e-01 -5.700163702602514815e-02
-2.074645961910160374e-01 -5.722652061613524993e-02
-2.080500181709797058e-01 -5.745319974960545056e-02
-2.086406470151014603e-01 -5.768169582503447634e-02
-2.092365428140268435e-01 -5.791203047305575058e-02
-2.098377665394075831e-01 -5.814422564552183120e-02
-2.104443801128678404e-01 -5.837830363605105849e-02
-2.110564464192240253e-01 -5.861428708522324615e-02
-2.116740293204439627e-01 -5.885219898600638905e-02
-2.122971936703385021e-01 -5.909206268941448459e-02
-2.129260053299864008e-01 -5.933390191039802225e-02
-2.135605311838919829e-01 -5.957774073396900072e-02
-2.142008391568750725e-01 -5.982360362156153438e-02
-2.148469982925722277e-01 -6.007151543465197308e-02
-2.154990786798870184e-01 -6.032150141596592102e-02
-2.161571514328845811e-01 -6.057358718552519061e-02
-2.168212887896321106e-01 -6.082779877002633673e-02
-2.174915641316781112e-01 -6.108416261011759968e-02
-2.181680520043190463e-01 -6.134270556793497420e-02
-2.188508281376526643e-01 -6.160345493489872287e-02
-2.195399695002546447e-01 -6.186643844874398918e-02
-2.202355542699930557e-01 -6.213168428727693093e-02
-2.209376618348199706e-01 -6.239922107054338835e-02
-2.216463728699661906e-01 -6.266907788460249207e-02
-2.223617693610006329e-01 -6.294128429012353643e-02
-2.230839346277758983e-01 -6.321587033127873401e-02
-2.238129533493293244e-01 -6.349286654495307769e-02
-2.245489116332087809e-01 -6.377230398261947431e-02
-2.252918969777945868e-01 -6.405421420192264348e-02
-2.260419982531479133e-01 -6.433862926346640976e-02
-2.267993058127694972e-01 -6.462558176486864203e-02
-2.275639115207170604e-01 -6.491510485088301807e-02
-2.283359087795454045e-01 -6.520723222380921114e-02
-2.291153925594499319e-01 -6.550199815430043926e-02
-2.299024594849063130e-01 -6.579943750868351426e-02
-2.306972077916809027e-01 -6.609958573930238557e-02
-2.314997372759881322e-01 -6.640247887252954950e-02
-2.323101494508957865e-01 -6.670815355619398590e-02
-2.331285475785467021e-01 -6.701664707160773227e-02
-2.339550367027497524e-01 -6.732799734576122574e-02
-2.347897236831205658e-01 -6.764224296402825132e-02
-2.356327173860106594e-01 -6.795942322815687331e-02
-2.364841285437823959e-01 -6.827957811886539718e-02
-2.373440694933601214e-01 -6.860274822327938615e-02
-2.382126545988603461e-01 -6.892897485981924754e-02
-2.390900002874110086e-01 -6.925830009184134883e-02
-2.399762250813172182e-01 -6.959076674028800980e-02
-2.408714496328232257e-01 -6.992641839715477148e-02
-2.417757970992965300e-01 -7.026529953795900008e-02
-2.426893928631075337e-01 -7.060745544426892673e-02
-2.436123637521614427e-01 -7.095293198026697556e-02
-2.445448390224631841e-01 -7.130177588159256064e-02
-2.454869503997478553e-01 -7.165403477140393218e-02
-2.464388321030550888e-01 -7.200975717124512288e-02
-2.474006208733853796e-01 -7.236899251344629247e-02
-2.483724559313556235e-01 -7.273179113278943619e-02
-2.493544790710214842e-01 -7.309820429801286434e-02
-2.503468349312895636e-01 -7.346828429561283458e-02
-2.513496708078360453e-01 -7.384208437917129386e-02
-2.523631367060896746e-01 -7.421965878922590076e-02
-2.533873854068671161e-01 -7.460106277696815225e-02
-2.544225725364509527e-01 -7.498635262937718149e-02
-2.554688565147567036e-01 -7.537558565852114922e-02
-2.565263986935667484e-01 -7.576882024689993167e-02
-2.575953638971666404e-01 -7.616611601203698845e-02
-2.586759200693497518e-01 -7.656753370758727362e-02
-2.597682383583977406e-01 -7.697313525355660435e-02
-2.608724929492460820e-01 -7.738298369169202551e-02
-2.619888616217984634e-01 -7.779714335618492793e-02
-2.631175258407794093e-01 -7.821567990618090438e-02
-2.642586706332408775e-01 -7.863866029527349921e-02
-2.654124846238453683e-01 -7.906615278776954470e-02
-2.665791600280608686e-01 -7.949822696247357823e-02
-2.677588927868008728e-01 -7.993495375868869823e-02
-2.689518832773832857e-01 -8.037640569470942686e-02
-2.701583358523997336e-01 -8.082265673702099251e-02
-2.713784589336416531e-01 -8.127378233485473003e-02
-2.726124649787366461e-01 -8.172985941676477739e-02
-2.738605705852920069e-01 -8.219096642841312861e-02
-2.751229976028143898e-01 -8.265718367333055316e-02
-2.763999723792016083e-01 -8.312859309476307301e-02
-2.776917258491196638e-01 -8.360527830955565010e-02
-2.789984930095567583e-01 -8.408732445750984053e-02
-2.803205126806789238e-01 -8.457481813582368169e-02
-2.816580323988687740e-01 -8.506784888312829418e-02
-2.830113045191998133e-01 -8.556650801509153859e-02
-2.843805860940455399e-01 -8.607088859548489568e-02
-2.857661391154842634e-01 -8.658108551724563728e-02
-2.871682307532646972e-01 -8.709719558265929806e-02
-2.885871342124383676e-01 -8.761931777214082562e-02
-2.900231285968286055e-01 -8.814755321249823083e-02
-2.914764991776715441e-01 -8.868200526821455598e-02
-2.929475380586879507e-01 -8.922277975398999750e-02
-2.944365450545302076e-01 -8.976998521361349848e-02
-2.959438248002118077e-01 -9.032373205019336715e-02
-2.974696885473313568e-01 -9.088413308280185454e-02
-2.990144575431663010e-01 -9.145130459066440343e-02
-3.005784577902176347e-01 -9.202536472484283692e-02
-3.021620226818054755e-01 -9.260643432375992301e-02
-3.037654949363701729e-01 -9.319463751861058187e-02
-3.053892250607496694e-01 -9.379010127646845996e-02
-3.070335700245907518e-01 -9.439295500537303596e-02
-3.086988968611716344e-01 -9.500333167301130977e-02
-3.103855836575131200e-01 -9.562136812800427210e-02
-3.120940117015943982e-01 -9.624720269602057843e-02
-3.138245725713407763e-01 -9.688097737355881589e-02
-3.155776706599180415e-01 -9.752283862498266342e-02
-3.173537188953765575e-01 -9.817293607908163244e-02
-3.191531408156286220e-01 -9.883142318548962524e-02
-3.209763708561269024e-01 -9.949845732104584117e-02
-3.228238523975601182e-01 -1.001741992016361160e-01
-3.246960137790991241e-01 -1.008588054458463279e-01
