-3.394376250248696825e-01 -1.954734553528901173e-02
-3.381256278817846295e-01 -1.983488437974748400e-02
-3.368249244039947521e-01 -2.012032551630157928e-02
-3.355354025814007435e-01 -2.040369882908918062e-02
-3.342569251811487452e-01 -2.068503215691283245e-02
-3.329893572087387899e-01 -2.096435288676304007e-02
-3.317325659711546360e-01 -2.124168796996450670e-02
-3.304864200435349009e-01 -2.151706386734253754e-02
-3.292507903968588390e-01 -2.179050663074219921e-02
-3.280255504711509507e-01 -2.206204192089753630e-02
-3.268105757085932317e-01 -2.233169498886625540e-02
-3.256057425031089747e-01 -2.259949061394897832e-02
-3.244109303309714587e-01 -2.286545325903918333e-02
-3.232260210145846413e-01 -2.312960703457115491e-02
-3.220508986405071772e-01 -2.339197570524027478e-02
-3.208854487564304359e-01 -2.365258264304322469e-02
-3.197295562221795784e-01 -2.391145067447380049e-02
-3.185831092886494686e-01 -2.416860238630745214e-02
-3.174459982666155700e-01 -2.442406004147106013e-02
-3.163181153388622824e-01 -2.467784557551587488e-02
-3.151993542351072541e-01 -2.492998058102239081e-02
-3.140896092038513721e-01 -2.518048623354135832e-02
-3.129887768526791181e-01 -2.542938344393922551e-02
-3.118967555856490548e-01 -2.567669282481958165e-02
-3.108134455035110322e-01 -2.592243469190916305e-02
-3.097387486002359802e-01 -2.616662908982965441e-02
-3.086725656311833377e-01 -2.640929553437578944e-02
-3.076148017207241403e-01 -2.665045349168194272e-02
-3.065653624830440016e-01 -2.689012206153609807e-02
-3.055241551491497121e-01 -2.712832008011085289e-02
-3.044910883105601540e-01 -2.736506610566652453e-02
-3.034660709667629797e-01 -2.760037833927267426e-02
-3.024490140960278128e-01 -2.783427477158349761e-02
-3.014398301324122120e-01 -2.806677314483304458e-02
-3.004384328012782990e-01 -2.829789094520983664e-02
-2.994447370758429594e-01 -2.852764540569907928e-02
-2.984586591337386463e-01 -2.875605350864220491e-02
-2.974801163135756821e-01 -2.898313198801618848e-02
-2.965090271972548597e-01 -2.920889734381876962e-02
-2.955453115459185653e-01 -2.943336584240966239e-02
-2.945888900718783288e-01 -2.965655349992621370e-02
-2.936396845030607161e-01 -2.987847609398176785e-02
-2.926976175419109816e-01 -3.009914916493049847e-02
-2.917626128241330163e-01 -3.031858801684612220e-02
-2.908345948774352929e-01 -3.053680771823442594e-02
-2.899134892284758180e-01 -3.075382311819829448e-02
-2.889992240466552342e-01 -3.096964902798677102e-02
-2.880917278892707878e-01 -3.118429999121817911e-02
-2.871909299011983774e-01 -3.139779030780370794e-02
-2.862967601773121484e-01 -3.161013407713653134e-02
-2.854091497403874467e-01 -3.182134520076242146e-02
-2.845280305190011072e-01 -3.203143738490774745e-02
-2.836533353254305223e-01 -3.224042414286387714e-02
-2.827849979861395413e-01 -3.244831881473522750e-02
-2.819229534974923568e-01 -3.265513459096062998e-02
-2.810671374878268014e-01 -3.286088445575000017e-02
-2.802174864238020646e-01 -3.306558121484683144e-02
-2.793739376044034883e-01 -3.326923749934494051e-02
-2.785364291429968664e-01 -3.347186576803153762e-02
-2.777048999493821335e-01 -3.367347830961376492e-02
-2.768792897163383504e-01 -3.387408724537665367e-02
-2.760595391250611486e-01 -3.407370455877332255e-02
-2.752455896223523490e-01 -3.427234207302939928e-02
-2.744373833242463312e-01 -3.447001144317841936e-02
-2.736348630903386869e-01 -3.466672416909324234e-02
-2.728379725085422480e-01 -3.486249159755846344e-02
-2.720466558798437240e-01 -3.505732492424368935e-02
-2.712608582030624493e-01 -3.525123519557697011e-02
-2.704805252534851490e-01 -3.544423332282242711e-02
-2.697056035075665048e-01 -3.563633007633076888e-02
-2.689360402306720244e-01 -3.582753610102085845e-02
-2.681717832290553272e-01 -3.601786188733727134e-02
-2.674127809656937638e-01 -3.620731778985440685e-02
-2.666589825459355634e-01 -3.639591402886878380e-02
-2.659103377034464089e-01 -3.658366069193799697e-02
-2.651667967864492215e-01 -3.677056773537068501e-02
-2.644283108783189729e-01 -3.695664500440252326e-02
-2.636948317353772220e-01 -3.714190222841644989e-02
-2.629663115976721977e-01 -3.732634899772600129e-02
-2.622427032910512601e-01 -3.750999478078614197e-02
-2.615239602172301225e-01 -3.769284892593017383e-02
-2.608100363441966940e-01 -3.787492066308965899e-02
-2.601008861970021124e-01 -3.805621910551027637e-02
-2.593964648489475167e-01 -3.823675325146438236e-02
-2.586967279131578978e-01 -3.841653198596554908e-02
-2.580016315345502464e-01 -3.859556408248573239e-02
-2.573111323911402848e-01 -3.877385820602850114e-02
-2.566251877903125700e-01 -3.895142293062544420e-02
-2.559437555168304623e-01 -3.912826671951087631e-02
-2.552667938451103069e-01 -3.930439792959285195e-02
-2.545942615603516423e-01 -3.947982481737696836e-02
-2.539261179541149049e-01 -3.965455554104081737e-02
-2.532623228203433885e-01 -3.982859816254832180e-02
-2.526028364518219105e-01 -4.000196064980945931e-02
-2.519476196370794563e-01 -4.017465087888653225e-02
-2.512966336577279192e-01 -4.034667663625195883e-02
-2.506498402862409325e-01 -4.051804562110046526e-02
-2.500072016219647697e-01 -4.068876542131859980e-02
-2.493686798701981455e-01 -4.085884347904745334e-02
-2.487342379750889232e-01 -4.102828719562245929e-02
-2.481038393354762783e-01 -4.119710388841337639e-02
-2.474774477806110373e-01 -4.136530078922946024e-02
-2.468550275653165760e-01 -4.153288504583484836e-02
-2.462365433653725399e-01 -4.169986372347212616e-02
-2.456219602731275764e-01 -4.186624380639324128e-02
-2.450112437933334164e-01 -4.203203219940210983e-02
-2.444043598392084959e-01 -4.219723572940801276e-02
-2.438012747273426428e-01 -4.236186114675432463e-02
-2.432019550165763766e-01 -4.252591509923007301e-02
-2.426063676394435153e-01 -4.268940415649703779e-02
-2.420144799854216378e-01 -4.285233482685358447e-02
-2.414262598139184923e-01 -4.301471354421389920e-02
-2.408416752495263213e-01 -4.317654666926181578e-02
-2.402606947774153512e-01 -4.333784049059737076e-02
-2.396832872388600932e-01 -4.349860122587865391e-02
-2.391094218269008975e-01 -4.365883502295946766e-02
-2.385390680821434795e-01 -4.381854796102302441e-02
-2.379721958886894806e-01 -4.397774605171434620e-02
-2.374087754605039569e-01 -4.413643523846681738e-02
-2.368487772828818949e-01 -4.429462138734326787e-02
-2.362921722011204484e-01 -4.445231030517989013e-02
-2.357389313917261087e-01 -4.460950773609368564e-02
-2.351890263487204924e-01 -4.476621936067146784e-02
-2.346424288796534752e-01 -4.492245079692804705e-02
-2.340991111017209914e-01 -4.507820760125870463e-02
-2.335590454379903036e-01 -4.523349526938629656e-02
-2.330222046137269409e-01 -4.538831923730516499e-02
-2.324885616528299392e-01 -4.554268488222102534e-02
-2.319580898743694164e-01 -4.569659752348888271e-02
-2.314307628660569605e-01 -4.585006241895860785e-02
-2.309065544742854859e-01 -4.600308476444418815e-02
-2.303854388551486165e-01 -4.615566970534527858e-02
-2.298673904424264058e-01 -4.630782233188086849e-02
-2.293523839436096556e-01 -4.645954767979131039e-02
-2.288403943365350801e-01 -4.661085073113716004e-02
-2.283313968661005999e-01 -4.676173641509427659e-02
-2.278253670410667064e-01 -4.691220960874378093e-02
-2.273222806309390387e-01 -4.706227513785906508e-02
-2.268221136629336165e-01 -4.721193777768994265e-02
-2.263248424179360452e-01 -4.736120225351533874e-02
-2.258304433996358440e-01 -4.751007323552801365e-02
-2.253388933644258629e-01 -4.765855534636276314e-02
-2.248501693215985420e-01 -4.780665316251158509e-02
-2.243642485206332193e-01 -4.795437121298164185e-02
-2.238811084483147140e-01 -4.810171397997991399e-02
-2.234007268259179668e-01 -4.824868589959496745e-02
-2.229230816064640963e-01 -4.839529136247421037e-02
-2.224481509720419026e-01 -4.854153471449942220e-02
-2.219759133312008692e-01 -4.868742025745879942e-02
-2.215063473164095020e-01 -4.883295224971831439e-02
-2.210394317690667909e-01 -4.897813490411696835e-02
-2.205751457057368581e-01 -4.912297238158107315e-02
-2.201134683926749269e-01 -4.926746880875014500e-02
-2.196543793126539412e-01 -4.941162827187745021e-02
-2.191978581581121577e-01 -4.955545481645980133e-02
-2.187438848288558446e-01 -4.969895244785515337e-02
-2.182924394298226822e-01 -4.984212513190013072e-02
-2.178435022689088896e-01 -4.998497679552784539e-02
-2.173970538548614384e-01 -5.012751132738554188e-02
-2.169530748952307464e-01 -5.026973257845421955e-02
-2.165115462943892344e-01 -5.041164436266870608e-02
-2.160724491516102519e-01 -5.055325045754083951e-02
-2.156357647592128390e-01 -5.069455460478398262e-02
-2.152014746007665791e-01 -5.083556051094152706e-02
-2.147695603493620098e-01 -5.097627184801791639e-02
-2.143400038659421525e-01 -5.111669225411413775e-02
-2.139127871424280625e-01 -5.125682532082440762e-02
-2.134878922382510147e-01 -5.139667457865881167e-02
-2.130653015018528773e-01 -5.153624355096452642e-02
-2.126449974629016082e-01 -5.167553572933052813e-02
-2.122269628234468020e-01 -5.181455457241798679e-02
-2.118111804561040867e-01 -5.195330350645398221e-02
-2.113976334022860948e-01 -5.209178592572572680e-02
-2.109863048704812283e-01 -5.223000519307528788e-02
-2.105771782345822185e-01 -5.236796464039449039e-02
-2.101702370322595381e-01 -5.250566756912185967e-02
-2.097654649633856616e-01 -5.264311725074010545e-02
-2.093628458885043453e-01 -5.278031692727649243e-02
-2.089623638273498674e-01 -5.291726981180448763e-02
-2.085640029574124255e-01 -5.305397908894867592e-02
-2.081677476125508852e-01 -5.319044791539257605e-02
-2.077735822816549893e-01 -5.332667942038921138e-02
-2.073814915499827272e-01 -5.346267669148647983e-02
-2.069914600864898868e-01 -5.359844277175889599e-02
-2.066034727892673006e-01 -5.373398069807520938e-02
-2.062175147025153699e-01 -5.386929348068158346e-02
-2.058335710132360996e-01 -5.400438410313287974e-02
-2.054516270497741826e-01 -5.413925552268905594e-02
-2.050716682803951918e-01 -5.427391067071100916e-02
-2.046936803118983017e-01 -5.440835245305774420e-02
-2.043176488882668673e-01 -5.454258375048331997e-02
-2.039435598893528934e-01 -5.467660741903554444e-02
-2.035713993295997226e-01 -5.481042629045512760e-02
-2.032011533567989470e-01 -5.494404317257679804e-02
-2.028328082508835395e-01 -5.507746084973231399e-02
-2.024663504227578736e-01 -5.521068208315473708e-02
-2.021017664131617153e-01 -5.534370961138605077e-02
-2.017390428915721290e-01 -5.547654615068631223e-02
-2.013781665996108305e-01 -5.560919438011299037e-02
-2.010191243751297263e-01 -5.574165694857986797e-02
-2.006619032324120921e-01 -5.587393649770874826e-02
-2.003064903061557989e-01 -5.600603564714989879e-02
-1.999528728501608621e-01 -5.613795699487309637e-02
-1.996010382361420865e-01 -5.626970311748701048e-02
-1.992509739525716028e-01 -5.640127657055767768e-02
-1.989026676035457464e-01 -5.653267988892800994e-02
-1.985561069076821339e-01 -5.666391558703713638e-02
-1.982112796970418311e-01 -5.679498615924084837e-02
-1.978681739160789987e-01 -5.692589408013284252e-02
-1.975267776206192649e-01 -5.705664180486667153e-02
-1.971870789768626619e-01 -5.718723176947969333e-02
-1.968490662604161223e-01 -5.731766639121761014e-02
-1.965127278553508439e-01 -5.744794806886163729e-02
-1.961780522530788828e-01 -5.757807918299520655e-02
-1.958450280013745437e-01 -5.770806208157384237e-02
-1.955136437492008272e-01 -5.783789909348126951e-02
-1.951838882797325703e-01 -5.796759253889227637e-02
-1.948557504770929982e-01 -5.809714472010463204e-02
-1.945292193253616297e-01 -5.822655792179717155e-02
-1.942042839076005001e-01 -5.835583441128849164e-02
-1.938809334049037825e-01 -5.848497643879495278e-02
-1.935591570954664220e-01 -5.861398623768929173e-02
-1.932389443536740026e-01 -5.874286602475956021e-02
-1.929202846492142076e-01 -5.887161800046793181e-02
-1.926031675462076820e-01 -5.900024434921109090e-02
-1.922875827023610984e-01 -5.912874723958036483e-02
-1.919735198681392918e-01 -5.925712882462375736e-02
-1.916609688859597926e-01 -5.938539124210823889e-02
-1.913499196894068444e-01 -5.951353661478387541e-02
-1.910403623014467478e-01 -5.964156705033112071e-02
-1.907322867935376809e-01 -5.976948462904062287e-02
-1.904256833337166221e-01 -5.989729141919387240e-02
-1.901205421940202756e-01 -6.002498947994245465e-02
-1.898168537317174720e-01 -6.015258085594304971e-02
-1.895146083884950983e-01 -6.028006757756933925e-02
-1.892137966896585144e-01 -6.040745166112439918e-02
-1.889144092433485689e-01 -6.053473510905322402e-02
-1.886164367397760167e-01 -6.066191991015471019e-02
-1.883198699504699536e-01 -6.078900803979474243e-02
-1.880246997275447085e-01 -6.091600146011892647e-02
-1.877309170029808072e-01 -6.104290212026653589e-02
-1.874385127879237833e-01 -6.116971195658437582e-02
-1.871474781719979219e-01 -6.129643289284193719e-02
-1.868578043226362395e-01 -6.142306684044743226e-02
-1.865694824844274236e-01 -6.154961569866422566e-02
-1.862825039764361423e-01 -6.167608135415358211e-02
-1.859968601600081872e-01 -6.180246567068992808e-02
-1.857125424844246475e-01 -6.192877050460849492e-02
-1.854295424822021421e-01 -6.205499770372627233e-02
-1.851478517582104133e-01 -6.218114910415457192e-02
-1.848674619889975890e-01 -6.230722653047463672e-02
-1.845883649221294054e-01 -6.243323179591276501e-02
-1.843105523755389774e-01 -6.255916670251612799e-02
-1.840340162368914179e-01 -6.268503304132790055e-02
-1.837587484629591705e-01 -6.281083259256352302e-02
-1.834847410790116928e-01 -6.293656712578626911e-02
-1.832119861782162129e-01 -6.306223840008416681e-02
-1.829404759210522258e-01 -6.318784816424663497e-02
-1.826702025347381741e-01 -6.331339815694220219e-02
-1.824011583126700087e-01 -6.343889010689687802e-02
-1.821333356138738757e-01 -6.356432573307287115e-02
-1.818667268581843355e-01 -6.368970674334828441e-02
-1.816013244937214055e-01 -6.381503482342691658e-02
-1.813371210544275636e-01 -6.394031165727007138e-02
-1.810741091447561069e-01 -6.406553892216952650e-02
-1.808122814311017845e-01 -6.419071828610335706e-02
-1.805516306412687233e-01 -6.431585140789433663e-02
-1.802921495639502880e-01 -6.444093993736826897e-02
-1.800338310482194615e-01 -6.456598551551372134e-02
-1.797766680030311315e-01 -6.469098977464160516e-02
-1.795206533967343698e-01 -6.481595433854651922e-02
-1.792657802565972014e-01 -6.494088082266825934e-02
-1.790120416683413929e-01 -6.506577083425464647e-02
-1.787594307756883716e-01 -6.519062597252572866e-02
-1.785079407799170514e-01 -6.531544782883833000e-02
-1.782575649394315676e-01 -6.544023798685290327e-02
-1.780082965693409180e-01 -6.556499802270071564e-02
-1.777601290410490975e-01 -6.568972950515308828e-02
-1.775130557818560550e-01 -6.581443399579220421e-02
-1.772670702745703375e-01 -6.593911304918274874e-02
-1.770221660571315025e-01 -6.606376821304625613e-02
-1.767783367222449664e-01 -6.618840102843627504e-02
-1.765355758694114319e-01 -6.631301301203049170e-02
-1.762938771231025992e-01 -6.643760566299782011e-02
-1.760532342137605955e-01 -6.656218049375256518e-02
-1.758136409231445263e-01 -6.668673900984811720e-02
-1.755750910836260947e-01 -6.681128271000040530e-02
-1.753375785777628038e-01 -6.693581308621260328e-02
-1.751010973378805680e-01 -6.706033162389966884e-02
-1.748656413456626535e-01 -6.718483980201413186e-02
-1.746312046317485267e-01 -6.730933909317153574e-02
-1.743977812753396694e-01 -6.743383096377708608e-02
-1.741653654038134991e-01 -6.755831687415292386e-02
-1.739339511923463921e-01 -6.768279827866538478e-02
-1.737035328635434528e-01 -6.780727662585411819e-02
-1.734741046870774961e-01 -6.793175335856087294e-02
-1.732456609793349700e-01 -6.805622991406019839e-02
-1.730181961030713145e-01 -6.818070772419017322e-02
-1.727917044670724267e-01 -6.830518821548500763e-02
-1.725661805258263126e-01 -6.842967280930785379e-02
-1.723416187792009280e-01 -6.855416292198535100e-02
-1.721180137721305958e-01 -6.867865996494329495e-02
-1.718953600878345700e-01 -6.880316534225078273e-02
-1.716736523061588859e-01 -6.892768043411234835e-02
-1.714528850814447114e-01 -6.905220662818735422e-02
-1.712330531201747275e-01 -6.917674531100231894e-02
-1.710141511709471207e-01 -6.930129786419284010e-02
-1.707961740241336901e-01 -6.942586566460649811e-02
-1.705791165115423391e-01 -6.955045008440674525e-02
-1.703629735060877837e-01 -6.967505249117658672e-02
-1.701477399214665620e-01 -6.979967424802331621e-02
-1.699334107118400106e-01 -6.992431671368312673e-02
-1.697199808715219582e-01 -7.004898124262701198e-02
-1.695074454346739701e-01 -7.017366918516645957e-02
-1.692957994750056150e-01 -7.029838188756036554e-02
-1.690850381054814222e-01 -7.042312069212257331e-02
-1.688751564780343883e-01 -7.054788693732977345e-02
-1.686661497832845635e-01 -7.067268195793077745e-02
-1.684580132502650485e-01 -7.079750708505597179e-02
-1.682507421461531816e-01 -7.092236364632817369e-02
-1.680443317760080546e-01 -7.104725296597433348e-02
-1.678387774825144119e-01 -7.117217636493773647e-02
-1.676340746457322117e-01 -7.129713516099205062e-02
-1.674302186579575413e-01 -7.142213065823577178e-02
-1.672272049366006763e-01 -7.154716415266272611e-02
-1.670250289604271743e-01 -7.167223694785446186e-02
-1.668236862435261147e-01 -7.179735034414905237e-02
-1.666231723349804461e-01 -7.192250563870522528e-02
-1.664234828185908455e-01 -7.204770412558861303e-02
-1.662246133126053793e-01 -7.217294709585864165e-02
-1.660265594694537994e-01 -7.229823583765487838e-02
-1.658293169754857799e-01 -7.242357163628478089e-02
-1.656328815507152052e-01 -7.254895577431103026e-02
-1.654372489485678721e-01 -7.267438953163987692e-02
-1.652424149556342703e-01 -7.279987418560976420e-02
-1.650483753914277207e-01 -7.292541101108036827e-02
-1.648551261081459829e-01 -7.305100128052252617e-02
-1.646626629904387185e-01 -7.317664626410831652e-02
-1.644709819551784802e-01 -7.330234722980229212e-02
-1.642800789512375292e-01 -7.342810544345279578e-02
-1.640899499592679833e-01 -7.355392216888471946e-02
-1.639005909914877379e-01 -7.367979866799212463e-02
-1.637119980914703565e-01 -7.380573620083236142e-02
-1.635241673297234133e-01 -7.393173602381471199e-02
-1.633370947804157203e-01 -7.405779937930719037e-02
-1.631507765666836696e-01 -7.418392751624725001e-02
-1.629652088464441650e-01 -7.431012168397406470e-02
-1.627803878071253652e-01 -7.443638313003021756e-02
-1.625963096654400586e-01 -7.456271310023522558e-02
-1.624129706671632312e-01 -7.468911283875892537e-02
-1.622303670869124081e-01 -7.481558358819577481e-02
-1.620484952279324931e-01 -7.494212658963876617e-02
-1.618673514218832710e-01 -7.506874308275440777e-02
-1.616869320286315193e-01 -7.519543430585721999e-02
-1.615072334360457551e-01 -7.532220149598560510e-02
-1.613282520597953129e-01 -7.544904588897710651e-02
-1.611499843431526136e-01 -7.557596871954494477e-02
-1.609724267567987921e-01 -7.570297122135462298e-02
-1.607955757986337386e-01 -7.583005462710097622e-02
-1.606194279935883873e-01 -7.595722016858613701e-02
-1.604439798934419736e-01 -7.608446907679747295e-02
-1.602692280766417343e-01 -7.621180258198655133e-02
-1.600951691481263539e-01 -7.633922191374875599e-02
-1.599217997391537138e-01 -7.646672830110302910e-02
-1.597491164940738895e-01 -7.659432296631263348e-02
-1.595771160787182730e-01 -7.672200712899300556e-02
-1.594057951963868680e-01 -7.684978201395049890e-02
-1.592351505754723007e-01 -7.697764884543517594e-02
-1.590651789692704987e-01 -7.710560884720490948e-02
-1.588958771557990590e-01 -7.723366324259078874e-02
-1.587272419376178356e-01 -7.736181325456316371e-02
-1.585592701416523032e-01 -7.749006010579817527e-02
-1.583919586190202233e-01 -7.761840501874393838e-02
-1.582253042448605040e-01 -7.774684921568791873e-02
-1.580593039181656945e-01 -7.787539391882386530e-02
-1.578939545616164508e-01 -7.800404035031964500e-02
-1.577292531214191385e-01 -7.813278973238553526e-02
-1.575651965671466814e-01 -7.826164328734225295e-02
-1.574017818915812716e-01 -7.839060223769050983e-02
-1.572390061105608805e-01 -7.851966780617990194e-02
-1.570768662628276024e-01 -7.864884121587925603e-02
-1.569153594098795512e-01 -7.877812369024676797e-02
-1.567544826358249765e-01 -7.890751645320120966e-02
-1.565942330472394894e-01 -7.903702072919326083e-02
-1.564346077704629467e-01 -7.916663774198064163e-02
-1.562756039394347374e-01 -7.929636870858115805e-02
-1.561172187203764550e-01 -7.942621485187309482e-02
-1.559594493034430485e-01 -7.955617739654721743e-02
-1.558022929001171564e-01 -7.968625756792757642e-02
-1.556457467430584773e-01 -7.981645659203151499e-02
-1.554898080859556664e-01 -7.994677569563007902e-02
-1.553344742033812009e-01 -8.007721610630826048e-02
-1.551797423906471074e-01 -8.020777905252601814e-02
-1.550256099636644624e-01 -8.033846576367914549e-02
-1.548720742588035604e-01 -8.046927747016097143e-02
-1.547191326327575223e-01 -8.060021540342379720e-02
-1.545667824624071540e-01 -8.073128079604133256e-02
-1.544150211446888576e-01 -8.086247488177095155e-02
-1.542638460964639302e-01 -8.099379889561665602e-02
-1.541132547543904163e-01 -8.112525407389253873e-02
-1.539632445747972922e-01 -8.125684165428613548e-02
-1.538138130335602316e-01 -8.138856287592304006e-02
-1.536649576259803696e-01 -8.152041897943117232e-02
-1.535166758666643427e-01 -8.165241120700597599e-02
-1.533689652894060507e-01 -8.178454080247569979e-02
-1.532218234383700695e-01 -8.191680900671509391e-02
-1.530752478748916845e-01 -8.204921706135824555e-02
-1.529292361862248650e-01 -8.218176621361331091e-02
-1.527837859780560303e-01 -8.231445771240492038e-02
-1.526388948743834240e-01 -8.244729280843209052e-02
-1.524945605173968488e-01 -8.258027275422726021e-02
-1.523507805673604276e-01 -8.271339880421477164e-02
-1.522075527024965569e-01 -8.284667221477030885e-02
-1.520648746188715539e-01 -8.298009424428071101e-02
-1.519227440302838850e-01 -8.311366615320348039e-02
-1.517811586681530878e-01 -8.324738920412777521e-02
-1.516401162814116355e-01 -8.338126466183469476e-02
-1.514996146363976892e-01 -8.351529379335857761e-02
-1.513596515167499601e-01 -8.364947786804895202e-02
-1.512202247233047636e-01 -8.378381815763215335e-02
-1.510813320739939070e-01 -8.391831593627428754e-02
-1.509429714037454906e-01 -8.405297248064377835e-02
-1.508051405643853204e-01 -8.418778906997537170e-02
-1.506678374245412344e-01 -8.432276698613362653e-02
-1.505310598695480118e-01 -8.445790751367787674e-02
-1.503948058013550859e-01 -8.459321193992691557e-02
-1.502590731384353118e-01 -8.472868155502465137e-02
-1.501238598086395426e-01 -8.486431764801787014e-02
-1.499891637492151153e-01 -8.500012150693231350e-02
-1.498549829236591746e-01 -8.513609442841517383e-02
-1.497213153114824447e-01 -8.527223771209067882e-02
-1.495881589079276486e-01 -8.540855266051392003e-02
-1.494555117238718367e-01 -8.554504057922804328e-02
-1.493233717857307963e-01 -8.568170277682082836e-02
-1.491917371353637944e-01 -8.581854056498290639e-02
-1.490606058299809300e-01 -8.595555525856497792e-02
-1.489299759420505409e-01 -8.609274817563654369e-02
-1.487998455592091929e-01 -8.623012063754402490e-02
-1.486702127841721677e-01 -8.636767396897006288e-02
-1.485410757346458388e-01 -8.650540949799254142e-02
-1.484124325432412406e-01 -8.664332855614427509e-02
-1.482842813573886920e-01 -8.678143247847341923e-02
-1.481566203392544745e-01 -8.691972260360347757e-02
-1.480294476656578984e-01 -8.705820027379472525e-02
-1.479027615279909502e-01 -8.719686683500510460e-02
-1.477765601321378020e-01 -8.733572363695238372e-02
-1.476508416983969840e-01 -8.747477203317612082e-02
-1.475256044614041695e-01 -8.761401338110046122e-02
-1.474008466700561792e-01 -8.775344904209757269e-02
-1.472765665846769156e-01 -8.789308037990369027e-02
-1.471527624735763651e-01 -8.803290875864909493e-02
-1.470294326253262229e-01 -8.817293555028229979e-02
-1.469065753427249432e-01 -8.831316213109551005e-02
-1.467841889422631940e-01 -8.845358988151105772e-02
-1.466622717540461696e-01 -8.859422018614049321e-02
-1.465408221217168183e-01 -8.873505443384392677e-02
-1.464198384023807642e-01 -8.887609401778906459e-02
-1.462993189665314220e-01 -8.901734033551156333e-02
-1.461792621979774442e-01 -8.915879478897488497e-02
-1.460596664937697520e-01 -8.930045878463138687e-02
-1.459405302641310076e-01 -8.944233373348284277e-02
-1.458218519323855600e-01 -8.958442105114231002e-02
-1.457036299348900277e-01 -8.972672215789591343e-02
-1.455858627209662137e-01 -8.986923847876489291e-02
-1.454685487528334653e-01 -9.001197144356866409e-02
-1.453516865055436980e-01 -9.015492248698769862e-02
-1.452352744669162532e-01 -9.029809304862740360e-02
-1.451193111374743938e-01 -9.044148457308184841e-02
-1.450037950303829093e-01 -9.058509850999858781e-02
-1.448887246713863042e-01 -9.072893631414367943e-02
-1.447740985987485129e-01 -9.087299944546692321e-02
-1.446599153633804369e-01 -9.101728936928592251e-02
-1.445461735294204797e-01 -9.116180755675652725e-02
-1.444328716726980821e-01 -9.130655548401125920e-02
-1.443200083812362644e-01 -9.145153463257620075e-02
-1.442075822553137154e-01 -9.159674648951290910e-02
-1.440955919074115021e-01 -9.174219254748761099e-02
-1.439840359621608612e-01 -9.188787430484146590e-02
-1.438729130562917680e-01 -9.203379326566132890e-02
-1.437622218385830875e-01 -9.217995093985047184e-02
-1.436519609698128919e-01 -9.232634884320099766e-02
-1.435421291227106655e-01 -9.247298849746558858e-02
-1.434327249819100925e-01 -9.261987143043098891e-02
-1.433237472439023996e-01 -9.276699917599154355e-02
-1.432151946169916423e-01 -9.291437327422322201e-02
-1.431070658212501012e-01 -9.306199527145893324e-02
-1.429993595884753166e-01 -9.320986672036363219e-02
-1.428920746621475391e-01 -9.335798918001074476e-02
-1.427852097973884848e-01 -9.350636421595907855e-02
-1.426787637609207848e-01 -9.365499340033039966e-02
-1.425727353310290435e-01 -9.380387831188737036e-02
-1.424671232975208701e-01 -9.395302053611265247e-02
-1.423619264616894364e-01 -9.410242166528869079e-02
nan nan
nan nan
nan nan
nan nan
nan nan
nan nan
nan nan
nan nan
nan nan
nan nan
-1.408329848292602937e-01 -9.637558950932879898e-02
-1.407342725177120057e-01 -9.652935215504217237e-02
-1.406359565476877627e-01 -9.668340174026320011e-02
-1.405380358963713994e-01 -9.683773997557876267e-02
-1.404405095515748880e-01 -9.699236857965039260e-02
-1.403433765116791632e-01 -9.714728927927826496e-02
-1.402466357855749468e-01 -9.730250380946744992e-02
-1.401502863926057108e-01 -9.745801391349319387e-02
-1.400543273625108609e-01 -9.761382134296792135e-02
-1.399587577353700041e-01 -9.776992785790854235e-02
-1.398635765615484639e-01 -9.792633522680427305e-02
-1.397687829016436567e-01 -9.808304522668503944e-02
-1.396743758264324120e-01 -9.824005964319086626e-02
-1.395803544168189858e-01 -9.839738027064195980e-02
-1.394867177637846567e-01 -9.855500891210874914e-02
-1.393934649683375993e-01 -9.871294737948373144e-02
-1.393005951414642007e-01 -9.887119749355295639e-02
-1.392081074040810718e-01 -9.902976108406881528e-02
-1.391160008869878895e-01 -9.918863998982360708e-02
-1.390242747308216287e-01 -9.934783605872321566e-02
-1.389329280860109317e-01 -9.950735114786232738e-02
-1.388419601127323377e-01 -9.966718712359953769e-02
-1.387513699807552958e-01 -9.982734586155377066e-02
-1.386611568688665141e-01 -9.998782924629587288e-02
-1.385713199662472750e-01 -1.001486391724466241e-01
-1.384818584718187640e-01 -1.003097775443164974e-01
-1.383927715940239112e-01 -1.004712462758569347e-01
-1.383040585507890885e-01 -1.006330472907412260e-01
-1.382157185694876111e-01 -1.007951825224454590e-01
-1.381277508869030723e-01 -1.009576539143314661e-01
-1.380401547491944547e-01 -1.011204634197293700e-01
-1.379529294118612692e-01 -1.012836130020216552e-01
-1.378660741397097766e-01 -1.014471046347280442e-01
-1.377795882068204580e-01 -1.016109403015906382e-01
-1.376934708965155130e-01 -1.017751219966606807e-01
-1.376077215013278288e-01 -1.019396517243852385e-01
-1.375223393229702551e-01 -1.021045314996957276e-01
-1.374373236723060998e-01 -1.022697633480963292e-01
-1.373526738693198190e-01 -1.024353493057540698e-01
-1.372683892430892616e-01 -1.026012914195890968e-01
-1.371844691317579690e-01 -1.027675917473662298e-01
-1.371009128825084467e-01 -1.029342523577875257e-01
-1.370177198515365458e-01 -1.031012753305850099e-01
-1.369348894040259279e-01 -1.032686627566153509e-01
-1.368524209145468851e-01 -1.034364167382740146e-01
-1.367703137725506390e-01 -1.036045393937750636e-01
-1.366885673708651272e-01 -1.037730328485818032e-01
-1.366071811088158949e-01 -1.039418992378488976e-01
-1.365261543947616785e-01 -1.041111407084515522e-01
-1.364454866460649562e-01 -1.042807594190791332e-01
-1.363651772890625002e-01 -1.044507575403306326e-01
-1.362852257590377036e-01 -1.046211372548102453e-01
-1.362056315001929085e-01 -1.047919007572250399e-01
-1.361263939656236488e-01 -1.049630502544827287e-01
-1.360475126172930316e-01 -1.051345879657910598e-01
-1.359689869260072015e-01 -1.053065161227585145e-01
-1.358908163713920536e-01 -1.054788369694951711e-01
-1.358130004418701409e-01 -1.056515527627160111e-01
-1.357355386346394133e-01 -1.058246657718439343e-01
-1.356584304556517906e-01 -1.059981782791148686e-01
-1.355816754195931784e-01 -1.061720925796839354e-01
-1.355052730498643720e-01 -1.063464109817319481e-01
-1.354292228785625163e-01 -1.065211358065743658e-01
-1.353535244464636744e-01 -1.066962693887699293e-01
-1.352781773030057033e-01 -1.068718140762318775e-01
-1.352031810062729045e-01 -1.070477722303391221e-01
-1.351285351231439613e-01 -1.072241462261794842e-01
-1.350542392383788926e-01 -1.074009384599021594e-01
-1.349802929393388029e-01 -1.075781513367470993e-01
-1.349066958159016449e-01 -1.077557872710520753e-01
-1.348334474667922389e-01 -1.079338486913936218e-01
-1.347605474995553498e-01 -1.081123380406962542e-01
-1.346879955305307075e-01 -1.082912577763425616e-01
-1.346157911848289146e-01 -1.084706103702852559e-01
-1.345439340963082986e-01 -1.086503983091607339e-01
-1.344724239075532346e-01 -1.088306240944031805e-01
-1.344012602698532177e-01 -1.090112902423614055e-01
-1.343304428431834896e-01 -1.091923992844158614e-01
-1.342599712961862202e-01 -1.093739537670983530e-01
-1.341898453061533270e-01 -1.095559562522120667e-01
-1.341200645590098217e-01 -1.097384093169540831e-01
-1.340506287492987669e-01 -1.099213155540387649e-01
-1.339815375801668429e-01 -1.101046775718227538e-01
-1.339127907633510250e-01 -1.102884979944318833e-01
-1.338443880191667046e-01 -1.104727794618890202e-01
-1.337763290764961976e-01 -1.106575246302441418e-01
-1.337086136727786145e-01 -1.108427361717050780e-01
-1.336412415540009502e-01 -1.110284167747707107e-01
-1.335742124746894244e-01 -1.112145691443654494e-01
-1.335075262043029787e-01 -1.114011960073151980e-01
-1.334411825194829759e-01 -1.115883001060682250e-01
-1.333751811980426749e-01 -1.117758841937887132e-01
-1.333095220265415048e-01 -1.119639510407967470e-01
-1.332442048002700496e-01 -1.121525034347020527e-01
-1.331792293232340052e-01 -1.123415441805396542e-01
-1.331145954081409954e-01 -1.125310761009066934e-01
-1.330503028763874163e-01 -1.127211020361014587e-01
-1.329863515580468336e-01 -1.129116248442642023e-01
-1.329227412918601858e-01 -1.131026474015195682e-01
-1.328594719252261802e-01 -1.132941726021213513e-01
-1.327965433141936602e-01 -1.134862033585983532e-01
-1.327339553234547220e-01 -1.136787426019028741e-01
-1.326717078263392746e-01 -1.138717932815609263e-01
-1.326098007048103489e-01 -1.140653583658240433e-01
-1.325482338494612111e-01 -1.142594408418231011e-01
-1.324870071595127541e-01 -1.144540437157243323e-01
-1.324261205428124977e-01 -1.146491700128871721e-01
-1.323655739158349220e-01 -1.148448227780237418e-01
-1.323053672036819117e-01 -1.150410050753608304e-01
-1.322455003421565689e-01 -1.152377199906080008e-01
-1.321859732846633884e-01 -1.154349706371661094e-01
-1.321267859812307599e-01 -1.156327601380175291e-01
-1.320679383886955160e-01 -1.158310916347097264e-01
-1.320094304728579582e-01 -1.160299682893989048e-01
-1.319512622084698106e-01 -1.162293932850091693e-01
-1.318934335792233958e-01 -1.164293698253941467e-01
-1.318359445777422256e-01 -1.166299011355013959e-01
-1.317787952055731460e-01 -1.168309904615384004e-01
-1.317219854731804807e-01 -1.170326410711415716e-01
-1.316655153999410077e-01 -1.172348562535473482e-01
-1.316093850141404065e-01 -1.174376393197660157e-01
-1.315535943529720087e-01 -1.176409936027574821e-01
-1.314981434625357715e-01 -1.178449224576100240e-01
-1.314430323978398041e-01 -1.180494292617211005e-01
-1.313882612228024493e-01 -1.182545174149806783e-01
-1.313338300102558642e-01 -1.184601903399574718e-01
-1.312797388419517652e-01 -1.186664514820869876e-01
-1.312259878085673959e-01 -1.188733043098628567e-01
-1.311725770097134369e-01 -1.190807523150298336e-01
-1.311195065539461913e-01 -1.192887990127827064e-01
-1.310667765687535402e-01 -1.194974479510601678e-01
-1.310143871872772869e-01 -1.197067026987014143e-01
-1.309623385413345997e-01 -1.199165668392153938e-01
-1.309106307721318030e-01 -1.201270439807047424e-01
-1.308592640302554955e-01 -1.203381377560562154e-01
-1.308082384756658889e-01 -1.205498518231338939e-01
-1.307575542776909516e-01 -1.207621898649755832e-01
-1.307072116150238272e-01 -1.209751555899922226e-01
-1.306572106757208918e-01 -1.211887527321703073e-01
-1.306075516572020312e-01 -1.214029850512776260e-01
-1.305582347662533338e-01 -1.216178563330716500e-01
-1.305092602190305040e-01 -1.218333703895118358e-01
-1.304606282410648299e-01 -1.220495310589739119e-01
-1.304123390672705385e-01 -1.222663422064683841e-01
-1.303643929419540104e-01 -1.224838077238619843e-01
-1.303167901188243549e-01 -1.227019315301017127e-01
-1.302695308610063996e-01 -1.229207175714427946e-01
-1.302226154410545400e-01 -1.231401698216795099e-01
-1.301760441409683389e-01 -1.233602922823795051e-01
-1.301298172522103724e-01 -1.235810889831209652e-01
-1.300839350797260152e-01 -1.238025639855417914e-01
-1.300383979530114475e-01 -1.240247213941602089e-01
-1.299932061899398139e-01 -1.242475653221808279e-01
-1.299483601151576739e-01 -1.244710999091276915e-01
-1.299038600634327689e-01 -1.246953293242588079e-01
-1.298597063796458340e-01 -1.249202577667963970e-01
-1.298158994187856574e-01 -1.251458894661601484e-01
-1.297724395459459723e-01 -1.253722286822054610e-01
-1.297293271363250955e-01 -1.255992797054652499e-01
-1.296865625752276208e-01 -1.258270468573957634e-01
-1.296441462580689985e-01 -1.260555344906265363e-01
-1.296020785903818084e-01 -1.262847469892143248e-01
-1.295603599878244194e-01 -1.265146887689016231e-01
-1.295189908761926190e-01 -1.267453642773784805e-01
-1.294779716914321588e-01 -1.269767779945492059e-01
-1.294373028796549918e-01 -1.272089344328031224e-01
-1.293969848971565084e-01 -1.274418381372888487e-01
-1.293570182104350208e-01 -1.276754936861940470e-01
-1.293174032962145503e-01 -1.279099056910281140e-01
-1.292781406414678647e-01 -1.281450787969101723e-01
-1.292392307434816201e-01 -1.283810176828988625e-01
-1.292006741296982397e-01 -1.286177270820136054e-01
-1.291624713295349558e-01 -1.288552117536033714e-01
-1.291246228643493088e-01 -1.290934764734986695e-01
-1.290871292666549985e-01 -1.293325260533421672e-01
-1.290499910801106154e-01 -1.295723653408631659e-01
-1.290132088595120075e-01 -1.298129992201577376e-01
-1.289767831707884227e-01 -1.300544326119734695e-01
-1.289407145910003716e-01 -1.302966704740001758e-01
-1.289050037083423195e-01 -1.305397178011654946e-01
-1.288696511221471830e-01 -1.307835796259358419e-01
-1.288346574428942404e-01 -1.310282610186235541e-01
-1.288000232922205390e-01 -1.312737670876979179e-01
-1.287657493029344402e-01 -1.315201029801035815e-01
-1.287318361190327720e-01 -1.317672738815824640e-01
-1.286982843957205636e-01 -1.320152850170027703e-01
-1.286650947994336103e-01 -1.322641416506928902e-01
-1.286322680078638425e-01 -1.325138490867807106e-01
-1.285998047099879138e-01 -1.327644126695388116e-01
-1.285677056060977597e-01 -1.330158377837349915e-01
-1.285359714078342375e-01 -1.332681298549890925e-01
-1.285046028454443212e-01 -1.335212943576370437e-01
-1.284736006841726563e-01 -1.337753368322074921e-01
-1.284429656658906682e-01 -1.340302628251046346e-01
-1.284126985400869114e-01 -1.342860779209614497e-01
-1.283828000687023130e-01 -1.345427877479997147e-01
-1.283532710261228726e-01 -1.348003979783707895e-01
-1.283241121991764433e-01 -1.350589143285048366e-01
-1.282953243871336191e-01 -1.353183425594655376e-01
-1.282669084017124261e-01 -1.355786884773125256e-01
-1.282388650670871766e-01 -1.358399579334713947e-01
-1.282111952199009863e-01 -1.361021568251095659e-01
-1.281838997092827059e-01 -1.363652910955202580e-01
-1.281569793968667659e-01 -1.366293667345129248e-01
-1.281304351568172961e-01 -1.368943897788116593e-01
-1.281042678758562980e-01 -1.371603663124600636e-01
-1.280784784532943699e-01 -1.374273024672338639e-01
-1.280530678010663448e-01 -1.376952044230606298e-01
-1.280280368437692884e-01 -1.379640784084466554e-01
-1.280033865187047981e-01 -1.382339307009120000e-01
-1.279791177759243004e-01 -1.385047676274315243e-01
-1.279552315784721617e-01 -1.387765955650959171e-01
-1.279317289416070369e-01 -1.390494209841428297e-01
-1.279086108738068384e-01 -1.393232503845617809e-01
-1.278858783635224705e-01 -1.395980902818140523e-01
-1.278635324136773999e-01 -1.398739472445985066e-01
-1.278415740416435353e-01 -1.401508278952568742e-01
-1.278200042792219382e-01 -1.404287389101882277e-01
-1.277988241726294161e-01 -1.407076870202734753e-01
-1.277780347824917506e-01 -1.409876790113087086e-01
-1.277576371838403946e-01 -1.412687217244486537e-01
-1.277376324661170792e-01 -1.415508220566595310e-01
-1.277180217331816137e-01 -1.418339869611812964e-01
-1.276988061033263455e-01 -1.421182234480007356e-01
-1.276799867092954510e-01 -1.424035385843325785e-01
-1.276615646983093599e-01 -1.426899394951124667e-01
-1.276435412320943152e-01 -1.429774333634978578e-01
-1.276259174869171509e-01 -1.432660274313802273e-01
-1.276086946536246214e-01 -1.435557289999071506e-01
-1.275918739376878386e-01 -1.438465454300134616e-01
-1.275754565592520651e-01 -1.441384841429634855e-01
-1.275594437531901715e-01 -1.444315526209029033e-01
-1.275438367747796786e-01 -1.447257584137961739e-01
-1.275286369100471495e-01 -1.450211091517584483e-01
-1.275138454351461836e-01 -1.453176124994638441e-01
-1.274994636388890323e-01 -1.456152761820839192e-01
-1.274854928257896092e-01 -1.459141079892575799e-01
-1.274719343161042906e-01 -1.462141157756668697e-01
-1.274587894458784065e-01 -1.465153074616226125e-01
-1.274460595669978658e-01 -1.468176910336634611e-01
-1.274337460472461658e-01 -1.471212745451644655e-01
-1.274218502703666211e-01 -1.474260661169583819e-01
-1.274103736361298367e-01 -1.477320739379682502e-01
-1.273993175604056227e-01 -1.480393062658510450e-01
-1.273886834752410990e-01 -1.483477714276535686e-01
-1.273784728289423240e-01 -1.486574778204794167e-01
-1.273686870861613363e-01 -1.489684339121685464e-01
-1.273593277279883584e-01 -1.492806482419876679e-01
-1.273503962590036842e-01 -1.495941294295042856e-01
-1.273418942100576212e-01 -1.499088861785430327e-01
-1.273338231067426829e-01 -1.502249272407160940e-01
-1.273261844910580365e-01 -1.505422614413661764e-01
-1.273189799228449381e-01 -1.508608976818754666e-01
-1.273122109798319190e-01 -1.511808449403540255e-01
-1.273058792576879095e-01 -1.515021122723406166e-01
-1.272999863700812473e-01 -1.518247088115193821e-01
-1.272945339487464023e-01 -1.521486437704511752e-01
-1.272895236435563349e-01 -1.524739264413184636e-01
-1.272849571226026544e-01 -1.528005661966862772e-01
-1.272808360722809951e-01 -1.531285724902768652e-01
-1.272771621973832201e-01 -1.534579548577601482e-01
-1.272739372211966480e-01 -1.537887229175586290e-01
-1.272711628856079413e-01 -1.541208863716676813e-01
-1.272688409512141294e-01 -1.544544550064898270e-01
-1.272669732093635597e-01 -1.547894387081889256e-01
-1.272655614767038146e-01 -1.551258474569190970e-01
-1.272646075627935636e-01 -1.554636912880690280e-01
-1.272641132969332400e-01 -1.558029803254946943e-01
-1.272640805288877131e-01 -1.561437247831518327e-01
-1.272645111289376629e-01 -1.564859349659241672e-01
-1.272654069879411709e-01 -1.568296212704687609e-01
-1.272667700174021088e-01 -1.571747941860807130e-01
-1.272686021495493536e-01 -1.575214642955765909e-01
-1.272709053374229959e-01 -1.578696422761964591e-01
-1.272736815549692646e-01 -1.582193389005255857e-01
-1.272769327971448039e-01 -1.585705650374345521e-01
-1.272806610800272797e-01 -1.589233316530391238e-01
-1.272848684409353948e-01 -1.592776498116781903e-01
-1.272895569385561476e-01 -1.596335306769125495e-01
-1.272947286530799471e-01 -1.599909855125424551e-01
-1.273003857072277090e-01 -1.603500257099502169e-01
-1.273065302442205893e-01 -1.607106627614469097e-01
-1.273131643983037575e-01 -1.610729082238392673e-01
-1.273202903273379372e-01 -1.614367737602132591e-01
-1.273279102129774853e-01 -1.618022711410768144e-01
-1.273360262607215743e-01 -1.621694122453548048e-01
-1.273446406999795277e-01 -1.625382090614092001e-01
-1.273537557841459278e-01 -1.629086736880827335e-01
-1.273633737906876284e-01 -1.632808183357681853e-01
-1.273734970212429540e-01 -1.636546553275017302e-01
-1.273841278017304179e-01 -1.640301971000815984e-01
-1.273952684824693482e-01 -1.644074562052109112e-01
-1.274069214383109216e-01 -1.647864453106663019e-01
-1.274190890687797173e-01 -1.651671772014920714e-01
-1.274317737982254839e-01 -1.655496647812178257e-01
-1.274449780760480710e-01 -1.659339210731856917e-01
-1.274587044114077194e-01 -1.663199592668884175e-01
-1.274729553218442168e-01 -1.667077926523339026e-01
-1.274877333176319127e-01 -1.670974346003648858e-01
-1.275030409369455608e-01 -1.674888986094606180e-01
-1.275188807458964568e-01 -1.678821983069100077e-01
-1.275352553385825372e-01 -1.682773474500157962e-01
-1.275521673371550480e-01 -1.686743599273319294e-01
-1.275696193919008958e-01 -1.690732497599328477e-01
-1.275876141813390707e-01 -1.694740311027157220e-01
-1.276061544123331393e-01 -1.698767182457345537e-01
-1.276252428202175049e-01 -1.702813256155681076e-01
-1.276448821689389335e-01 -1.706878677767209029e-01
-1.276650752512115683e-01 -1.710963594330558724e-01
-1.276858248886862390e-01 -1.715068154292624658e-01
-1.277071339321337040e-01 -1.719192507523559232e-01
-1.277290052627531036e-01 -1.723336805347130130e-01
-1.277514418423842391e-01 -1.727501201232700401e-01
-1.277744466232484111e-01 -1.731685849592735360e-01
-1.277980225552636240e-01 -1.735890905889368174e-01
-1.278221726213935316e-01 -1.740116527124038748e-01
-1.278468998376791621e-01 -1.744362871851828645e-01
-1.278722072532921805e-01 -1.748630100196214843e-01
-1.278980979506073035e-01 -1.752918373864259249e-01
-1.279245750452965014e-01 -1.757227856162219826e-01
-1.279516416864424633e-01 -1.761558712011605243e-01
-1.279793010566721567e-01 -1.765911107965664195e-01
-1.280075563723092891e-01 -1.770285212226300198e-01
-1.280364108835471137e-01 -1.774681194661439365e-01
-1.280658678746382506e-01 -1.779099226822824786e-01
-1.280959306641039908e-01 -1.783539481964266371e-01
-1.281266026049624751e-01 -1.788002135060327569e-01
-1.281578870891415534e-01 -1.792487362883764535e-01
-1.281897876109024115e-01 -1.796995344911162529e-01
-1.282223076333980916e-01 -1.801526261474886703e-01
-1.282554506260790983e-01 -1.806080294295618616e-01
-1.282892200978220376e-01 -1.810657626961755251e-01
-1.283236195969691962e-01 -1.815258444947257521e-01
-1.283586527113968478e-01 -1.819882935630052490e-01
-1.283943230686096504e-01 -1.824531288311020683e-01
-1.284306343358619373e-01 -1.829203694233554334e-01
-1.284675902203043507e-01 -1.833900346603674347e-01
-1.285051944691574799e-01 -1.838621440610741509e-01
-1.285434508699090650e-01 -1.843367173448737517e-01
-1.285823632505366243e-01 -1.848137744338129440e-01
-1.286219354797555614e-01 -1.852933354548323142e-01
-1.286621714672887273e-01 -1.857754207420691250e-01
-1.287030751641623783e-01 -1.862600508392204257e-01
-1.287446505656298645e-01 -1.867472465057453124e-01
-1.287869017293316320e-01 -1.872370287452967408e-01
-1.288298327308732838e-01 -1.877294187433423966e-01
-1.288734476824643094e-01 -1.882244378960220565e-01
-1.289177507405220580e-01 -1.887221078232411697e-01
-1.289627461060079139e-01 -1.892224503712769679e-01
-1.290084380247881468e-01 -1.897254876154484682e-01
-1.290548307880174383e-01 -1.902312418628493429e-01
-1.291019287325470555e-01 -1.907397356551473189e-01
-1.291497362413542849e-01 -1.912509917714463881e-01
-1.291982577439944879e-01 -1.917650332312154926e-01
-1.292474977226369115e-01 -1.922818833055545962e-01
-1.292974607106827378e-01 -1.928015655175518150e-01
-1.293481512745170148e-01 -1.933241036174251082e-01
-1.293995740298830299e-01 -1.938495216091793427e-01
-1.294517336428946397e-01 -1.943778437545605753e-01
-1.295046348304553507e-01 -1.949090945761617899e-01
-1.295582823607034639e-01 -1.954432988606062682e-01
-1.296126810534869722e-01 -1.959804816618088696e-01
-1.296678357808656590e-01 -1.965206683043170532e-01
-1.297237514676398418e-01 -1.970638843867306145e-01
-1.297804330921981109e-01 -1.976101557856451696e-01
-1.298378857030027256e-01 -1.981595086835083175e-01
-1.298961143885947744e-01 -1.987119695257537622e-01
-1.299551242818328955e-01 -1.992675650298159906e-01
-1.300149205732850921e-01 -1.998263222083287716e-01
-1.300755085116636067e-01 -2.003882683726841418e-01
-1.301368934043004300e-01 -2.009534311366910908e-01
-1.301990806176565596e-01 -2.015218384203306679e-01
-1.302620755778681472e-01 -2.020935184536113427e-01
-1.303258837713290041e-01 -2.026684997805230648e-01
-1.303905107453051382e-01 -2.032468112630907986e-01
-1.304559621138477177e-01 -2.038284820937498742e-01
-1.305222435718887131e-01 -2.044135418207037591e-01
-1.305893608450016397e-01 -2.050020202726360041e-01
-1.306573197199495107e-01 -2.055939476094620633e-01
-1.307261260504522793e-01 -2.061893543347089464e-01
-1.307957857576710348e-01 -2.067882712997080596e-01
-1.308663048307421028e-01 -2.073907297079156942e-01
-1.309376893273599129e-01 -2.079967611193594967e-01
-1.310099453744045239e-01 -2.086063974552110345e-01
-1.310830791686182772e-01 -2.092196710024874506e-01
-1.311570969773250828e-01 -2.098366144188786864e-01
-1.312320051832884249e-01 -2.104572608084177565e-01
-1.313078102378276435e-01 -2.110816436507432226e-01
-1.313845185886015066e-01 -2.117097966885135574e-01
-1.314621367644372707e-01 -2.123417540668559034e-01
-1.315406713760226276e-01 -2.129775503385869795e-01
-1.316201291159511400e-01 -2.136172204684475551e-01
-1.317005167588636283e-01 -2.142607998375387623e-01
-1.317818411616853980e-01 -2.149083242479661593e-01
-1.318641092639546986e-01 -2.155598299276870744e-01
-1.319473280882436650e-01 -2.162153535355656742e-01
-1.320315047507837625e-01 -2.168749321832477983e-01
-1.321166466085843538e-01 -2.175386036820861069e-01
-1.322027609236418322e-01 -2.182064059965648783e-01
-1.322898549780774369e-01 -2.188783774358442069e-01
-1.323779361582483327e-01 -2.195545567966286360e-01
-1.324670119534433199e-01 -2.202349833660937062e-01
-1.325570899547949544e-01 -2.209196969252031073e-01
-1.326481778544041090e-01 -2.216087377524091628e-01
-1.327402834446744506e-01 -2.223021466277460556e-01
-1.328334146178546948e-01 -2.229999648373140186e-01
-1.329275793657832827e-01 -2.237022341781537416e-01
-1.330227857664404434e-01 -2.244089969409190644e-01
-1.331190419751667464e-01 -2.251202959001722959e-01
-1.332163563003401496e-01 -2.258361744476999333e-01
-1.333147371508753565e-01 -2.265566765099450708e-01
-1.334141930328804626e-01 -2.272818465479496952e-01
-1.335147325510968042e-01 -2.280117295654444654e-01
-1.336163644104860493e-01 -2.287463711172954273e-01
-1.337190974179682801e-01 -2.294858173183171313e-01
-1.338229404843039871e-01 -2.302301148524440733e-01
-1.339279026261197270e-01 -2.309793109822714519e-01
-1.340339929680435804e-01 -2.317334535589054278e-01
-1.341412206882875990e-01 -2.324925909339269348e-01
-1.342495951114648922e-01 -2.332567721258455573e-01
-1.343591257365031877e-01 -2.340260468759667867e-01
-1.344698221724777154e-01 -2.348004655442855471e-01
-1.345816941424180235e-01 -2.355800791227890822e-01
-1.346947514871812968e-01 -2.363649392490557444e-01
-1.348090041693904007e-01 -2.371550982201490743e-01
-1.349244622125342630e-01 -2.379506088923562523e-01
-1.350411358213609581e-01 -2.387515248999226569e-01
-1.351590353344711282e-01 -2.395579005796461269e-01
-1.352781712580373996e-01 -2.403697910384600400e-01
-1.353985542231112560e-01 -2.411872520858966418e-01
-1.355201949896361335e-01 -2.420103402489135747e-01
-1.356431044503656203e-01 -2.428391127867540744e-01
-1.357672936346919212e-01 -2.436736277058466349e-01
-1.358927736685602849e-01 -2.445139436958934376e-01
-1.360195558181538644e-01 -2.453601202160748396e-01
-1.361476515946744570e-01 -2.462122176930295891e-01
-1.362770726494690332e-01 -2.470702973417155945e-01
-1.364078307766400655e-01 -2.479344211788743757e-01
-1.365399379177498207e-01 -2.488046520404920137e-01
-1.366734061664151290e-01 -2.496810535993008728e-01
-1.368082477670386765e-01 -2.505636903717832209e-01
-1.369444750112890630e-01 -2.514526275375073561e-01
-1.370821004932911147e-01 -2.523479314160015363e-01
-1.372211370291618604e-01 -2.532496693314552072e-01
-1.373615975895089436e-01 -2.541579094992855725e-01
-1.375034953055531417e-01 -2.550727210475028928e-01
-1.376468434751201009e-01 -2.559941740381330710e-01
-1.377916555684985667e-01 -2.569223394886934186e-01
-1.379379450518321004e-01 -2.578572890528732509e-01
-1.380857252895555387e-01 -2.587990948443889550e-01
-1.382350106074684282e-01 -2.597478314389685128e-01
-1.383858155048263427e-01 -2.607035744203415883e-01
-1.385381545990184149e-01 -2.616664002872285399e-01
-1.386920426404601725e-01 -2.626363864918146995e-01
-1.388474945272459848e-01 -2.636136114783404483e-01
-1.390045253194702735e-01 -2.645981547216358920e-01
-1.391631502041000001e-01 -2.655900966718553469e-01
-1.393233845963073869e-01 -2.665895189594265080e-01
-1.394852441633269435e-01 -2.675965044545489668e-01
-1.396487447800858483e-01 -2.686111371963580408e-01
-1.398139025434711469e-01 -2.696335024340166253e-01
-1.399807337863377688e-01 -2.706636866679174580e-01
-1.401492550912568635e-01 -2.717017776909921856e-01
-1.403194833595811652e-01 -2.727478647381569865e-01
-1.404914360438685728e-01 -2.738020389564492230e-01
-1.406651304196780417e-01 -2.748643920054656964e-01
-1.408405840181025659e-01 -2.759350169096426164e-01
-1.410178147356723199e-01 -2.770140082903057022e-01
-1.411968403143037676e-01 -2.781014613606091479e-01
-1.413776800971438541e-01 -2.791974753989177049e-01
-1.415603524706089966e-01 -2.803021487359177999e-01
-1.417448762837860143e-01 -2.814155815579262865e-01
-1.419312707505086812e-01 -2.825378757346712066e-01
-1.421195554856787557e-01 -2.836691349122003603e-01
-1.423097507485279190e-01 -2.848094650213824908e-01
-1.425018766076560361e-01 -2.859589726308631730e-01
-1.426959533972181338e-01 -2.871177658712996128e-01
-1.428920018539695247e-01 -2.882859547306401704e-01
-1.430900431913326443e-01 -2.894636512267296791e-01
-1.432900996792919601e-01 -2.906509706086779499e-01
-1.434921928233038324e-01 -2.918480276942996277e-01
-1.436963443159284537e-01 -2.930549388026150726e-01
-1.439025763831688065e-01 -2.942718224800595639e-01
-1.441109118091377650e-01 -2.954987995789078448e-01
-1.443213742470592365e-01 -2.967359939256303258e-01
-1.445339872720971253e-01 -2.979835304061518308e-01
-1.447487748348157133e-01 -2.992415359151721632e-01
-1.449657614544471451e-01 -3.005101397816776765e-01
-1.451849721747566213e-01 -3.017894737079088729e-01
-1.454064320633728924e-01 -3.030796707556598357e-01
-1.456301666521075955e-01 -3.043808662825263078e-01
-1.458562018982682840e-01 -3.056931978896696434e-01
-1.460845523552765091e-01 -3.070167805888767143e-01
