-3.399595741197364296e-01 -5.242896558914377815e-03
-3.380224386235330392e-01 -5.356718585763165300e-03
-3.361100857554873977e-01 -5.469298816823228021e-03
-3.342220983225084319e-01 -5.580661911007317975e-03
-3.323580422518191413e-01 -5.690831528471241088e-03
-3.305174921709735925e-01 -5.799830743617850198e-03
-3.287000326918342874e-01 -5.907682086676833283e-03
-3.269052590849255147e-01 -6.014407577345789492e-03
-3.251327741690829276e-01 -6.120028688908748203e-03
-3.233821928306547244e-01 -6.224566451278573491e-03
-3.216531406329840026e-01 -6.328041449300382884e-03
-3.199452470857689912e-01 -6.430473710179886171e-03
-3.182581499653516777e-01 -6.531882800548817480e-03
-3.165914975818134858e-01 -6.632287891537458173e-03
-3.149449458030498805e-01 -6.731707717567285074e-03
-3.133181561242854851e-01 -6.830160550339214355e-03
-3.117107993933769805e-01 -6.927664293596654844e-03
-3.101225548024069689e-01 -7.024236480172590599e-03
-3.085531046342900874e-01 -7.119894168511863193e-03
-3.070021414209418986e-01 -7.214654117465745496e-03
-3.054693638922342247e-01 -7.308532711161471254e-03
-3.039544767217142729e-01 -7.401545965992195782e-03
-3.024571898611564946e-01 -7.493709526768726169e-03
-3.009772208347811229e-01 -7.585038735762961518e-03
-2.995142932209845510e-01 -7.675548609901806062e-03
-2.980681363477357682e-01 -7.765253845707532389e-03
-2.966384851669560119e-01 -7.854168828197796715e-03
-2.952250802437250132e-01 -7.942307642555553049e-03
-2.938276668897178978e-01 -8.029684062385033377e-03
-2.924459950957942755e-01 -8.116311557934038565e-03
-2.910798192616589897e-01 -8.202203298427817105e-03
-2.897288987922791437e-01 -8.287372178503492684e-03
-2.883930015172950778e-01 -8.371830928117992426e-03
-2.870718981475547382e-01 -8.455591967182958871e-03
-2.857653635324828301e-01 -8.538667449262736173e-03
-2.844731768694385154e-01 -8.621069276719064631e-03
-2.831951216398049254e-01 -8.702809107993602494e-03
-2.819309863529291804e-01 -8.783898389896946379e-03
-2.806805634070052569e-01 -8.864348332325343652e-03
-2.794436490465076472e-01 -8.944169915169138466e-03
-2.782200433912558890e-01 -9.023373897433744836e-03
-2.770095503296446382e-01 -9.101970821973601189e-03
-2.758119779483049205e-01 -9.179971037805920164e-03
-2.746271379791254685e-01 -9.257384690399625068e-03
-2.734548455397755040e-01 -9.334221720569371716e-03
-2.722949191887282239e-01 -9.410491873577529753e-03
-2.711471808955581708e-01 -9.486204705412552840e-03
-2.700114559490211508e-01 -9.561369586787157177e-03
-2.688875734044329779e-01 -9.635995726230349792e-03
-2.677753650868419655e-01 -9.710092141949979577e-03
-2.666746659005578279e-01 -9.783667679079278284e-03
-2.655853137312025880e-01 -9.856731012589147259e-03
-2.645071495905068071e-01 -9.929290659064022445e-03
-2.634400176509417157e-01 -1.000135498466527342e-02
-2.623837646363068044e-01 -1.007293218845707605e-02
-2.613382400033449349e-01 -1.014403031488220024e-02
-2.603032958795273855e-01 -1.021465725713157670e-02
-2.592787870003935846e-01 -1.028482076033927078e-02
-2.582645706508597261e-01 -1.035452842477480387e-02
-2.572605066774659721e-01 -1.042378771176185118e-02
-2.562664576353532175e-01 -1.049260595514297720e-02
-2.552822883947674648e-01 -1.056099035076182510e-02
-2.543078662244960264e-01 -1.062894796487397903e-02
-2.533430607801017698e-01 -1.069648573875035986e-02
-2.523877440783675596e-01 -1.076361049266429983e-02
-2.514417904762411560e-01 -1.083032893000553804e-02
-2.505050765510590804e-01 -1.089664763704811627e-02
-2.495774800832037676e-01 -1.096257304298543789e-02
-2.486588812901440737e-01 -1.102811147721759200e-02
-2.477491626352561760e-01 -1.109326916597411748e-02
-2.468482086015574839e-01 -1.115805222686354868e-02
-2.459559056596367088e-01 -1.122246667170574870e-02
-2.450721422378960290e-01 -1.128651840938782805e-02
-2.441968086880449695e-01 -1.135021324842509609e-02
-2.433297968691593982e-01 -1.141355688154073456e-02
-2.424710004255537510e-01 -1.147655490202369871e-02
-2.416203149124661054e-01 -1.153921281352709820e-02
-2.407776376129859286e-01 -1.160153602531202761e-02
-2.399428675063066951e-01 -1.166352985437942719e-02
-2.391159052373676708e-01 -1.172519952758802400e-02
-2.382966530878639910e-01 -1.178655018376404372e-02
-2.374850148617616563e-01 -1.184758687147012199e-02
-2.366808958449476419e-01 -1.190831455021338671e-02
-2.358842029257370576e-01 -1.196873809971066641e-02
-2.350948444899920442e-01 -1.202886231793139776e-02
-2.343127303934117167e-01 -1.208869192285235393e-02
-2.335377719353101400e-01 -1.214823155422010796e-02
-2.327698818334665021e-01 -1.220748577530282597e-02
-2.320089741668896755e-01 -1.226645907288043472e-02
-2.312549642813483686e-01 -1.232515585510566246e-02
-2.305077689078719738e-01 -1.238358046056336863e-02
-2.297673060854640847e-01 -1.244173715703296955e-02
-2.290334951322761381e-01 -1.249963014269642007e-02
-2.283062566229887846e-01 -1.255726354761566889e-02
-2.275855123670562363e-01 -1.261464143519872190e-02
-2.268711853783818011e-01 -1.267176780313256264e-02
-2.261631997876205336e-01 -1.272864658100965156e-02
-2.254614809136873677e-01 -1.278528163675729003e-02
-2.247659552255202031e-01 -1.284167677698142516e-02
-2.240765503112199797e-01 -1.289783574763576045e-02
-2.233931948587762895e-01 -1.295376223528543758e-02
-2.227158186375044480e-01 -1.300945986836163186e-02
-2.220443524766883281e-01 -1.306493221820530064e-02
-2.213787281462264722e-01 -1.312018279424859851e-02
-2.207188784567152007e-01 -1.317521505198866912e-02
-2.200647372586789774e-01 -1.323003239515599568e-02
-2.194162393888197393e-01 -1.328463817467158935e-02
-2.187733206544273390e-01 -1.333903568979505523e-02
-2.181359178184513470e-01 -1.339322818927192807e-02
-2.175039685852132865e-01 -1.344721887248406279e-02
-2.168774115867787011e-01 -1.350101089060322043e-02
-2.162561863699740961e-01 -1.355460734775123209e-02
-2.156402333840534702e-01 -1.360801130216809582e-02
-2.150294939299335906e-01 -1.366122576490598831e-02
-2.144239098323271198e-01 -1.371425368067185659e-02
-2.138234239168998463e-01 -1.376709795966079772e-02
-2.132279798993896858e-01 -1.381976147250082651e-02
-2.126375223054070840e-01 -1.387224704691393702e-02
-2.120519964581626948e-01 -1.392455746863398292e-02
-2.114713484666988219e-01 -1.397669548232505048e-02
-2.108955252146081927e-01 -1.402866379250323342e-02
-2.103244743492471147e-01 -1.408046506446266471e-02
-2.097581442714479827e-01 -1.413210192520678726e-02
-2.091964841257168140e-01 -1.418357696438764595e-02
-2.086394437243640487e-01 -1.423489273071114336e-02
-2.080869733472671956e-01 -1.428605171961113557e-02
-2.075390241355429544e-01 -1.433705640143719852e-02
-2.069955479344038340e-01 -1.438790921236578375e-02
-2.064564972591636516e-01 -1.443861255352136934e-02
-2.059218252854162490e-01 -1.448916879171052371e-02
-2.053914858395784471e-01 -1.453958026015813101e-02
-2.048654333898146662e-01 -1.458984925924516722e-02
-2.043436230373258111e-01 -1.463997805725087732e-02
-2.038260105080190177e-01 -1.468996889109875671e-02
-2.033125521445418027e-01 -1.473982396710912801e-02
-2.028032048100703311e-01 -1.478954545529465904e-02
-2.022979258200673924e-01 -1.483913548546193437e-02
-2.017966731974676076e-01 -1.488859616700060652e-02
-2.012994055362234691e-01 -1.493792958026345791e-02
-2.008060819884576187e-01 -1.498713777682341049e-02
-2.003166622564873101e-01 -1.503622278006193531e-02
-1.998311065851234303e-01 -1.508518658575931301e-02
-1.993493757542589284e-01 -1.513403116268575987e-02
-1.988714310717321354e-01 -1.518275845319607201e-02
-1.983972343664792415e-01 -1.523137037382690274e-02
-1.979267479819636910e-01 -1.527986881589887998e-02
-1.974599346679500322e-01 -1.532825563821069159e-02
-1.969967576228227879e-01 -1.537653267120552524e-02
-1.965371806056255555e-01 -1.542470172671923587e-02
-1.960811678500097854e-01 -1.547276459238338536e-02
-1.956286840574832653e-01 -1.552072303210042838e-02
-1.951796943908829518e-01 -1.556857878651817829e-02
-1.947341644680559980e-01 -1.561633357350569219e-02
-1.942920603557641013e-01 -1.566398908862974906e-02
-1.938533485637992104e-01 -1.571154700563375667e-02
-1.934179960393153930e-01 -1.575900897691925526e-02
-1.929859701588827470e-01 -1.580637663382554459e-02
-1.925572386278498194e-01 -1.585365157925879009e-02
-1.921317695780520307e-01 -1.590083539647658278e-02
-1.917095315853211968e-01 -1.594792965145323121e-02
-1.912904936256154542e-01 -1.599493589015649891e-02
-1.908746250694875468e-01 -1.604185563893474262e-02
-1.904618956767212545e-01 -1.608869040490415458e-02
-1.900522755911409067e-01 -1.613544167633612983e-02
-1.896457353355821274e-01 -1.618211092304645132e-02
-1.892422458070383284e-01 -1.622869959678532523e-02
-1.888417782719679916e-01 -1.627520913163026106e-02
-1.884443043539376916e-01 -1.632164094370180951e-02
-1.880497959546156006e-01 -1.636799642504776012e-02
-1.876582253599065886e-01 -1.641427695351729138e-02
-1.872695652167404301e-01 -1.646048389153949992e-02
-1.868837885111676866e-01 -1.650661858495789530e-02
-1.865008685637921382e-01 -1.655268236334652213e-02
-1.861207790253289196e-01 -1.659867654032686976e-02
-1.857434938723007134e-01 -1.664460241388451833e-02
-1.853689874028597584e-01 -1.669046126668743621e-02
-1.849972342327472208e-01 -1.673625436640479441e-02
-1.846282092913806849e-01 -1.678198296602795292e-02
-1.842618877983017711e-01 -1.682764830238786188e-02
-1.838982451973636689e-01 -1.687325159073364139e-02
-1.835372572890158760e-01 -1.691879403740419521e-02
-1.831789001766830904e-01 -1.696427683562192271e-02
-1.828231502538269215e-01 -1.700970116493503298e-02
-1.824699842003774386e-01 -1.705506819150111320e-02
-1.821193789792754369e-01 -1.710037906837331631e-02
-1.817713118331377997e-01 -1.714563493578809272e-02
-1.814257602810360748e-01 -1.719083692145596462e-02
-1.810827021153923466e-01 -1.723598614085525976e-02
-1.807421153989954843e-01 -1.728108369752862430e-02
-1.804039784621294384e-01 -1.732613068338387241e-02
-1.800682698998238296e-01 -1.737112817899809716e-02
-1.797349685692165300e-01 -1.741607725392682604e-02
-1.794040535355079791e-01 -1.746097896200181354e-02
-1.790755039535497917e-01 -1.750583433019880716e-02
-1.787492993535888808e-01 -1.755064438688170442e-02
-1.784254195213952066e-01 -1.759541015078332910e-02
-1.781038444803500487e-01 -1.764013262977628949e-02
-1.777845544885449935e-01 -1.768481282109013453e-02
-1.774675300359612184e-01 -1.772945171153036958e-02
-1.771527518417405078e-01 -1.777405027769813142e-02
-1.768402008515359281e-01 -1.781860948621225016e-02
-1.765298582349539847e-01 -1.786313029393253940e-02
-1.762217053830771318e-01 -1.790761364818596602e-02
-1.759157239060768485e-01 -1.795206048699455464e-02
-1.756118956309088430e-01 -1.799647173930647021e-02
-1.753102025990944390e-01 -1.804084832523003210e-02
-1.750106270258436347e-01 -1.808519115226643256e-02
-1.747131512381743523e-01 -1.812950110925889285e-02
-1.744177578489923552e-01 -1.817377908476736775e-02
-1.741244296767815725e-01 -1.821802595927748264e-02
-1.738331497365119271e-01 -1.826224260468299609e-02
-1.735439012373196088e-01 -1.830642988446065655e-02
-1.732566675802582890e-01 -1.835058865384538163e-02
-1.729714323561131750e-01 -1.839471976000721723e-02
-1.726881793432808176e-01 -1.843882404222972962e-02
-1.724068925057180013e-01 -1.848290233208957356e-02
-1.721275559909518083e-01 -1.852695545363865562e-02
-1.718501541281604872e-01 -1.857098422358757425e-02
-1.715746714263156059e-01 -1.861498945149205053e-02
-1.713010925723938427e-01 -1.865897193994111095e-02
-1.710294023930113982e-01 -1.870293248074149720e-02
-1.707595858171328806e-01 -1.874687185112110938e-02
-1.704916280090384706e-01 -1.879079082860056135e-02
-1.702255143018945038e-01 -1.883469018414677190e-02
-1.699612301922338309e-01 -1.887857068191948345e-02
-1.696987613380654125e-01 -1.892243307940959587e-02
-1.694380935570384550e-01 -1.896627812757745168e-02
-1.691792128246522864e-01 -1.901010657099288029e-02
-1.689221052725200234e-01 -1.905391914797553710e-02
-1.686667571866798387e-01 -1.909771659073700167e-02
-1.684131550059558557e-01 -1.914149962552417344e-02
-1.681612853203720281e-01 -1.918526897276382273e-02
-1.679111348696116779e-01 -1.922902534720937612e-02
-1.676626905415312674e-01 -1.927276945808892306e-02
-1.674159393401225271e-01 -1.931650200572545759e-02
-1.671708683687656571e-01 -1.936022367984419068e-02
-1.669274649187318937e-01 -1.940393517007176633e-02
-1.666857164210742981e-01 -1.944763716072532914e-02
-1.664456104435147188e-01 -1.949133033074582078e-02
-1.662071346888985834e-01 -1.953501535380866572e-02
-1.659702769936919897e-01 -1.957869289843430435e-02
-1.657350253265138240e-01 -1.962236362810020757e-02
-1.655013677867099298e-01 -1.966602820135300231e-02
-1.652692926029622478e-01 -1.970968727192224518e-02
-1.650387881319400618e-01 -1.975334148883463314e-02
-1.648098428569871043e-01 -1.979699149652979634e-02
-1.645824453868476311e-01 -1.984063793497743353e-02
-1.643565844544330190e-01 -1.988428143979539472e-02
-1.641322488900334442e-01 -1.992792263926294535e-02
-1.639094276173726772e-01 -1.997156215404697482e-02
-1.636881097115018002e-01 -2.001520060448059093e-02
-1.634682843643764927e-01 -2.005883860666246923e-02
-1.632499408830130339e-01 -2.010247677248009138e-02
-1.630330686882283664e-01 -2.014611570969928461e-02
-1.628176573134079153e-01 -2.018975602205474312e-02
-1.626036964033036325e-01 -2.023339830934117733e-02
-1.623911757128647382e-01 -2.027704316750468180e-02
-1.621800851060950510e-01 -2.032069118873564353e-02
-1.619704145549444585e-01 -2.036434296156176479e-02
-1.617621541382268657e-01 -2.040799907094282065e-02
-1.615552940405717841e-01 -2.045166009836573567e-02
-1.613498245514030094e-01 -2.049532662194159319e-02
-1.611457360411310269e-01 -2.053899921359468236e-02
-1.609430189652958365e-01 -2.058267843976518269e-02
-1.607416639038189154e-01 -2.062636486662775687e-02
-1.605416615352278087e-01 -2.067005905703883997e-02
-1.603430026354487337e-01 -2.071376157059202916e-02
-1.601456780767676613e-01 -2.075747296369106695e-02
-1.599496788268126302e-01 -2.080119378962407006e-02
-1.597549959475620673e-01 -2.084492459863751534e-02
-1.595616205943756472e-01 -2.088866593801129781e-02
-1.593695440150482145e-01 -2.093241835213442009e-02
-1.591787575488901596e-01 -2.097618238258095250e-02
-1.589892526258276095e-01 -2.101995856818742250e-02
-1.588010207655306816e-01 -2.106374744513043323e-02
-1.586140535765612203e-01 -2.110754954700580152e-02
-1.584283427264568944e-01 -2.115136540102418444e-02
-1.582438799586622924e-01 -2.119519553040492138e-02
-1.580606571285912976e-01 -2.123904045938347987e-02
-1.578786661757709819e-01 -2.128290070969673931e-02
-1.576978991230036098e-01 -2.132677680064983677e-02
-1.575183480755621146e-01 -2.137066924918479618e-02
-1.573400052204045330e-01 -2.141457856995062498e-02
-1.571628628254125026e-01 -2.145850527537366409e-02
-1.569869132386479682e-01 -2.150244987572956512e-02
-1.568121488876344505e-01 -2.154641287921562481e-02
-1.566385622786560794e-01 -2.159039479202491674e-02
-1.564661459960814127e-01 -2.163439611842090868e-02
-1.562948927017059897e-01 -2.167841736081375578e-02
-1.561247951341165063e-01 -2.172245901983788433e-02
-1.559558461080779168e-01 -2.176652159443047060e-02
-1.557880385139392421e-01 -2.181060558191199802e-02
-1.556213653170631372e-01 -2.185471147806759135e-02
-1.554558195572743606e-01 -2.189883977723061301e-02
-1.552913943284719156e-01 -2.194299096956094444e-02
-1.551280827036251864e-01 -2.198716553052991463e-02
-1.549658778963786676e-01 -2.203136394384859476e-02
-1.548047732025084888e-01 -2.207558669342205709e-02
-1.546447619859174505e-01 -2.211983426152304075e-02
-1.544858376779889020e-01 -2.216410712884475664e-02
-1.543279937769535537e-01 -2.220840577455494153e-02
-1.541712238472746632e-01 -2.225273067634991192e-02
-1.540155215190458782e-01 -2.229708231050994000e-02
-1.538608804874075642e-01 -2.234146115195474389e-02
-1.537072945119768164e-01 -2.238586767430021315e-02
-1.535547574162932916e-01 -2.243030234991593569e-02
-1.534032630872818603e-01 -2.247476564998316523e-02
-1.532528054747289425e-01 -2.251925804455437441e-02
-1.531033785907767453e-01 -2.256378000261306457e-02
-1.529549765094302682e-01 -2.260833199213530681e-02
-1.528075933660830721e-01 -2.265291448015162648e-02
-1.526612233570553978e-01 -2.269752793281069533e-02
-1.525158607387224752e-01 -2.274217281537969579e-02
-1.523714997734832155e-01 -2.278684958429316731e-02
-1.522281347852202094e-01 -2.283155869548288835e-02
-1.520857601868307318e-01 -2.287630060865056617e-02
-1.519443704476001189e-01 -2.292107578253860245e-02
-1.518039600926921751e-01 -2.296588467497354125e-02
-1.516645237026488513e-01 -2.301072774291068948e-02
-1.515260559129041340e-01 -2.305560544247862650e-02
-1.513885514133078702e-01 -2.310051822902495916e-02
-1.512520049476631101e-01 -2.314546655716203868e-02
-1.511164113132746067e-01 -2.319045088081377395e-02
-1.509817653605086130e-01 -2.323547165326313169e-02
-1.508480619923664723e-01 -2.328052932719988297e-02
-1.507152961640676470e-01 -2.332562435476981041e-02
-1.505834628826471788e-01 -2.337075718762395699e-02
-1.504525572065624206e-01 -2.341592827696945336e-02
-1.503225742453143388e-01 -2.346113807362049802e-02
-1.501935091590786697e-01 -2.350638702805068342e-02
-1.500653571583494272e-01 -2.355167559044631792e-02
-1.499381134882894762e-01 -2.359700420835133747e-02
-1.498117734006733648e-01 -2.364237332231428762e-02
-1.496863322339747338e-01 -2.368778337857475186e-02
-1.495617853775535744e-01 -2.373323482356850742e-02
-1.494381282674751288e-01 -2.377872810337136600e-02
-1.493153563861088773e-01 -2.382426366373624482e-02
-1.491934652617382950e-01 -2.386984195013000520e-02
-1.490724504681781581e-01 -2.391546340777113422e-02
-1.489523076244012867e-01 -2.396112848166798495e-02
-1.488330323941750577e-01 -2.400683761665696817e-02
-1.487146204857055232e-01 -2.405259125744206930e-02
-1.485970676512921307e-01 -2.409838984863407751e-02
-1.484803696869895773e-01 -2.414423383479120250e-02
-1.483645224322807099e-01 -2.419012366045960802e-02
-1.482495217697568368e-01 -2.423605977021498978e-02
-1.481353636248072259e-01 -2.428204260870489919e-02
-1.480220439653189279e-01 -2.432807262069121290e-02
-1.479095588013833174e-01 -2.437415025109406636e-02
-1.477979041838105301e-01 -2.442027594483691874e-02
-1.476870761699116685e-01 -2.446645014126628756e-02
-1.475770708686383048e-01 -2.451267328166213330e-02
-1.474678844427909641e-01 -2.455894580971790600e-02
-1.473595130946115384e-01 -2.460526816925101903e-02
-1.472519530654611553e-01 -2.465164080423426496e-02
-1.471452006355047915e-01 -2.469806415882760259e-02
-1.470392521234040462e-01 -2.474453867740978794e-02
-1.469341038860148829e-01 -2.479106480461111886e-02
-1.468297523180943365e-01 -2.483764298534581888e-02
-1.467261938520119380e-01 -2.488427366484557285e-02
-1.466234249574700776e-01 -2.493095728869275385e-02
-1.465214421412293078e-01 -2.497769430285487827e-02
-1.464202419468421112e-01 -2.502448515371880414e-02
-1.463198209543926931e-01 -2.507133028812591827e-02
-1.462201757802432389e-01 -2.511823015340783338e-02
-1.461213030767884169e-01 -2.516518519742215465e-02
-1.460231995322150145e-01 -2.521219586858952297e-02
-1.459258618702700128e-01 -2.525926261593046396e-02
-1.458292868391459773e-01 -2.530638588721416393e-02
-1.457334712046303438e-01 -2.535356612781881555e-02
-1.456384117862188909e-01 -2.540080378706846553e-02
-1.455441054379481569e-01 -2.544809931499793232e-02
-1.454505490473312623e-01 -2.549545316224136049e-02
-1.453577395351075552e-01 -2.554286578006102412e-02
-1.452656738549989168e-01 -2.559033762037594278e-02
-1.451743489934695930e-01 -2.563786913579158000e-02
-1.450837619694935188e-01 -2.568546077962912885e-02
-1.449939098343246691e-01 -2.573311300595587311e-02
-1.449047896712754302e-01 -2.578082626961522225e-02
-1.448163985954976085e-01 -2.582860102625789134e-02
-1.447287337537713492e-01 -2.587643773237274097e-02
-1.446417923242976911e-01 -2.592433684531860599e-02
-1.445555715164969224e-01 -2.597229882335645376e-02
-1.444700685708130983e-01 -2.602032412568162922e-02
-1.443852807585226661e-01 -2.606841321245724138e-02
-1.443012053815496409e-01 -2.611656654484727225e-02
-1.442178397707025161e-01 -2.616478458476388311e-02
-1.441351812668584809e-01 -2.621306779150786234e-02
-1.440532272506123701e-01 -2.626141662719545453e-02
-1.439719751373372270e-01 -2.630983155594256509e-02
-1.438914223714168605e-01 -2.635831304288364582e-02
-1.438115664260465887e-01 -2.640686155419876696e-02
-1.437324048030390322e-01 -2.645547755714016194e-02
-1.436539350326331010e-01 -2.650416152005986153e-02
-1.435761546733082816e-01 -2.655291391243684226e-02
-1.434990613116025604e-01 -2.660173520490505261e-02
-1.434226525619342607e-01 -2.665062586928170635e-02
-1.433469260664289868e-01 -2.669958637859541628e-02
-1.432718794947497598e-01 -2.674861720711549373e-02
-1.431975105439323992e-01 -2.679771883038069985e-02
-1.431238169382240133e-01 -2.684689172522928755e-02
-1.430507964289269018e-01 -2.689613636982855424e-02
-1.429784467942452064e-01 -2.694545324370560893e-02
-1.429067658391374451e-01 -2.699484282777782698e-02
-1.428357513951718782e-01 -2.704430560438420006e-02
-1.427654013098887675e-01 -2.709384205532492512e-02
-1.426957134492983781e-01 -2.714345266237087190e-02
-1.426266857184905479e-01 -2.719313791123390348e-02
-1.425583160482551404e-01 -2.724289828909520414e-02
-1.424906023948093181e-01 -2.729273428460984516e-02
-1.424235427396534359e-01 -2.734264638793433566e-02
-1.423571350894296816e-01 -2.739263509075531844e-02
-1.422913774757852412e-01 -2.744270088631787716e-02
-1.422262679552386833e-01 -2.749284426945470400e-02
-1.421618046090495913e-01 -2.754306573661562813e-02
-1.420979855430927752e-01 -2.759336578589704700e-02
-1.420348088877352033e-01 -2.764374491707249221e-02
-1.419722727977174026e-01 -2.769420363162281712e-02
-1.419103754520375238e-01 -2.774474243276757457e-02
-1.418491150538402634e-01 -2.779536182549604065e-02
-1.417884898303081176e-01 -2.784606231659949097e-02
-1.417284980325574095e-01 -2.789684441470316814e-02
-1.416691379355371205e-01 -2.794770863029915134e-02
-1.416104078379318287e-01 -2.799865547577983643e-02
-1.415523060620682005e-01 -2.804968546547123923e-02
-1.414948309538247018e-01 -2.810079911566766217e-02
-1.414379808819100914e-01 -2.815199694453944870e-02
-1.413817542111803216e-01 -2.820327946686106840e-02
-1.413261493367292676e-01 -2.825464720081751618e-02
-1.412711646888838435e-01 -2.830610066907245786e-02
-1.412167987203050146e-01 -2.835764039625533750e-02
-1.411630499058781907e-01 -2.840926690898882070e-02
-1.411099167426069501e-01 -2.846098073591665084e-02
-1.410573977495095943e-01 -2.851278240773117215e-02
-1.410054914675178128e-01 -2.856467245720199777e-02
-1.409541964593790664e-01 -2.861665141920412270e-02
-1.409035113095606084e-01 -2.866871983074721977e-02
-1.408534346241571422e-01 -2.872087823100439793e-02
-1.408039650308008650e-01 -2.877312716134195272e-02
-1.407551011785737327e-01 -2.882546716534932149e-02
-1.407068417379237768e-01 -2.887789878886894493e-02
-1.406591854005825593e-01 -2.893042258002724923e-02
-1.406121308794867353e-01 -2.898303908926514946e-02
-1.405656769087011981e-01 -2.903574886936980196e-02
-1.405198222433460820e-01 -2.908855247550582931e-02
-1.404745656595252634e-01 -2.914145046524785343e-02
-1.404299059542588601e-01 -2.919444339861259827e-02
-1.403858419454173112e-01 -2.924753183809190166e-02
-1.403423724692467733e-01 -2.930071634818262258e-02
-1.402994963661851890e-01 -2.935399749245951734e-02
-1.402572125083432764e-01 -2.940737583934707744e-02
-1.402155197912183515e-01 -2.946085196044846005e-02
-1.401744171304004360e-01 -2.951442642990456319e-02
-1.401339034615002033e-01 -2.956809982442314827e-02
-1.400939777400785624e-01 -2.962187272330885079e-02
-1.400546389415787407e-01 -2.967574570849350335e-02
-1.400158860612609468e-01 -2.972971936456621569e-02
-1.399777181141383664e-01 -2.978379427880455468e-02
-1.399401341349162942e-01 -2.983797104120522459e-02
-1.399031331779328202e-01 -2.989225024451594090e-02
-1.398667143171022365e-01 -2.994663248426674557e-02
-1.398308766458600805e-01 -3.000111835880255387e-02
-1.397956192771110384e-01 -3.005570846931523987e-02
-1.397609413431784853e-01 -3.011040341987661351e-02
-1.397268419957565788e-01 -3.016520381747177931e-02
-1.396933204058644906e-01 -3.022011027203228700e-02
-1.396603757638027465e-01 -3.027512339647053449e-02
-1.396280072791118987e-01 -3.033024380671360196e-02
-1.395962141805331957e-01 -3.038547212173842507e-02
-1.395649957159718901e-01 -3.044080896360646174e-02
-1.395343511509434808e-01 -3.049625495716772744e-02
-1.395042797671187940e-01 -3.055181072978139026e-02
-1.394747808683521051e-01 -3.060747691267526327e-02
-1.394458537776131490e-01 -3.066325414032127633e-02
-1.394174978367695716e-01 -3.071914305043019211e-02
-1.393897124065576199e-01 -3.077514428398826773e-02
-1.393624968665548580e-01 -3.083125848529326765e-02
-1.393358506151547438e-01 -3.088748630199193365e-02
-1.393097730695437020e-01 -3.094382838511685468e-02
-1.392842636656798916e-01 -3.100028538912474527e-02
-1.392593218582742487e-01 -3.105685797193424857e-02
-1.392349471207735001e-01 -3.111354679496475262e-02
-1.392111389453453418e-01 -3.117035252317567479e-02
-1.391878968428655050e-01 -3.122727582510556599e-02
-1.391652203429070700e-01 -3.128431737291261644e-02
-1.391431089937318621e-01 -3.134147784241457513e-02
-1.391215623622836239e-01 -3.139875791313018888e-02
-1.391005800341836018e-01 -3.145615826832007939e-02
-1.390801616137279650e-01 -3.151367959502911209e-02
-1.390603067238873891e-01 -3.157132258412830711e-02
-1.390410150063086658e-01 -3.162908793035787425e-02
nan nan
nan nan
nan nan
nan nan
nan nan
nan nan
nan nan
nan nan
nan nan
nan nan
-1.387810759223896961e-01 -3.275081713660589477e-02
-1.387729936932043939e-01 -3.281118006532505321e-02
-1.387654710528127278e-01 -3.287168081510889739e-02
-1.387585080174667806e-01 -3.293232016750517743e-02
-1.387521046218928022e-01 -3.299309890880132434e-02
-1.387462609192712804e-01 -3.305401783006246819e-02
-1.387409769812185112e-01 -3.311507772716921344e-02
-1.387362528977704179e-01 -3.317627940085679517e-02
-1.387320887773686451e-01 -3.323762365675384661e-02
-1.387284847468483462e-01 -3.329911130542249909e-02
-1.387254409514281916e-01 -3.336074316239802384e-02
-1.387229575547025973e-01 -3.342252004823002137e-02
-1.387210347386356735e-01 -3.348444278852311107e-02
-1.387196727035575339e-01 -3.354651221397876582e-02
-1.387188716681624079e-01 -3.360872916043768088e-02
-1.387186318695089182e-01 -3.367109446892200403e-02
-1.387189535630225234e-01 -3.373360898567907135e-02
-1.387198370224997646e-01 -3.379627356222465739e-02
-1.387212825401147043e-01 -3.385908905538772412e-02
-1.387232904264273092e-01 -3.392205632735478815e-02
-1.387258610103941359e-01 -3.398517624571578688e-02
-1.387289946395656171e-01 -3.404844968355498491e-02
-1.387326916831161938e-01 -3.411187752023950304e-02
-1.387369525258325964e-01 -3.417546063998884442e-02
-1.387417775695434785e-01 -3.423919993226395841e-02
-1.387471672346449192e-01 -3.430309629218475376e-02
-1.387531219601180199e-01 -3.436715062057742187e-02
-1.387596422035489718e-01 -3.443136382402335605e-02
-1.387667284411510660e-01 -3.449573681490762656e-02
-1.387743811677889794e-01 -3.456027051146919049e-02
-1.387826008970050595e-01 -3.462496583785066445e-02
-1.387913881610479405e-01 -3.468982372414947807e-02
-1.388007435109031573e-01 -3.475484510646962427e-02
-1.388106675163259529e-01 -3.482003092697339569e-02
-1.388211607658762503e-01 -3.488538213393479331e-02
-1.388322238669555675e-01 -3.495089968179251189e-02
-1.388438574458465691e-01 -3.501658453120468084e-02
-1.388560621477539780e-01 -3.508243764910323748e-02
-1.388688386368485128e-01 -3.514846000874996546e-02
-1.388821875963121566e-01 -3.521465258979233903e-02
-1.388961097283860358e-01 -3.528101637832060933e-02
-1.389106057544202133e-01 -3.534755236692570940e-02
-1.389256764149258416e-01 -3.541426155475711074e-02
-1.389413224728149876e-01 -3.548114494839601368e-02
-1.389575447215774251e-01 -3.554820356399922276e-02
-1.389743439580619910e-01 -3.561543842039541219e-02
-1.389917209965019218e-01 -3.568285054269495354e-02
-1.390096766709446041e-01 -3.575044096295632023e-02
-1.390282118352955953e-01 -3.581821072024451991e-02
-1.390473273633656970e-01 -3.588616086068985994e-02
-1.390670241489204151e-01 -3.595429243754839216e-02
-1.390873031057321130e-01 -3.602260651126221180e-02
-1.391081651676348840e-01 -3.609110414952171331e-02
-1.391296112885816449e-01 -3.615978642732758236e-02
-1.391516424427045040e-01 -3.622865442705452271e-02
-1.391742596243770447e-01 -3.629770923851564218e-02
-1.391974638482797177e-01 -3.636695195902723415e-02
-1.392212561494676482e-01 -3.643638369347538403e-02
-1.392456375834408566e-01 -3.650600555438236750e-02
-1.392706092262175621e-01 -3.657581866197514436e-02
-1.392961721744096215e-01 -3.664582414425358869e-02
-1.393223275453008003e-01 -3.671602313706080062e-02
-1.393490764769275414e-01 -3.678641678415324467e-02
-1.393764201281622039e-01 -3.685700623727262981e-02
-1.394043596787995221e-01 -3.692779265621868451e-02
-1.394328963422458156e-01 -3.699877721226590976e-02
-1.394620313605638151e-01 -3.706996108692585390e-02
-1.394917659708622970e-01 -3.714134546306520346e-02
-1.395221014315784214e-01 -3.721293153190750880e-02
-1.395530390231664586e-01 -3.728472049326771870e-02
-1.395845800481636256e-01 -3.735671355562308893e-02
-1.396167258312590864e-01 -3.742891193618409773e-02
-1.396494777193668380e-01 -3.750131686096731809e-02
-1.396828370817018439e-01 -3.757392956486936553e-02
-1.397168053098594154e-01 -3.764675129174140794e-02
-1.397513838178986167e-01 -3.771978329446588202e-02
-1.397865740424285574e-01 -3.779302683503330679e-02
-1.398223774426984312e-01 -3.786648318462142171e-02
-1.398587955006910244e-01 -3.794015362367442884e-02
-1.398958297212195834e-01 -3.801403944198461504e-02
-1.399334816320280672e-01 -3.808814193877414767e-02
-1.399717527838949538e-01 -3.816246242277882006e-02
-1.400106447507405982e-01 -3.823700221233313629e-02
-1.400501591297376447e-01 -3.831176263545579830e-02
-1.400902975414253515e-01 -3.838674502993780213e-02
-1.401310616298268308e-01 -3.846195074343043002e-02
-1.401724530626920207e-01 -3.853738113356935252e-02
-1.402144735446006485e-01 -3.861303757163981470e-02
-1.402571247967071000e-01 -3.868892143707728520e-02
-1.403004085542727819e-01 -3.876503411682624689e-02
-1.403443265770819293e-01 -3.884137700825861933e-02
-1.403888806495576236e-01 -3.891795151926534524e-02
-1.404340725808810586e-01 -3.899475906834880962e-02
-1.404799042051155245e-01 -3.907180108471782626e-02
-1.405263773813336114e-01 -3.914907900838281163e-02
-1.405734939937491879e-01 -3.922659429025384531e-02
-1.406212559518524308e-01 -3.930434839223888310e-02
-1.406696651905496032e-01 -3.938234278734478733e-02
-1.407187236703060507e-01 -3.946057895977873875e-02
-1.407684333772937779e-01 -3.953905840505193142e-02
-1.408187963235425222e-01 -3.961778263008490508e-02
-1.408698145470948238e-01 -3.969675315331355064e-02
-1.409214901121652597e-01 -3.977597150479805083e-02
-1.409738251093031192e-01 -3.985543922633202896e-02
-1.410268216555596588e-01 -3.993515787155434843e-02
-1.410804819000989196e-01 -4.001512900760526015e-02
-1.411348080289931972e-01 -4.009535421656591769e-02
-1.411898022362080840e-01 -4.017583508729125757e-02
-1.412454667419789645e-01 -4.025657322066891058e-02
-1.413018037945052707e-01 -4.033757023016781851e-02
-1.413588156701018062e-01 -4.041882774194912459e-02
-1.414165046733560638e-01 -4.050034739498040853e-02
-1.414748731372895141e-01 -4.058213084115060154e-02
-1.415339234235247212e-01 -4.066417974538761443e-02
-1.415936579224573444e-01 -4.074649578577804049e-02
-1.416540790534325800e-01 -4.082908065368789918e-02
-1.417151892649274880e-01 -4.091193605388667581e-02
-1.417769910347376205e-01 -4.099506370467207589e-02
-1.418394868701690625e-01 -4.107846533799805466e-02
-1.419026793082352467e-01 -4.116214269960365157e-02
-1.419665709158590694e-01 -4.124609754914513454e-02
-1.420311642900794480e-01 -4.133033166032902550e-02
-1.420964620582633453e-01 -4.141484682104797088e-02
-1.421624668791104940e-01 -4.149964483374879443e-02
-1.422291814612903771e-01 -4.158472752095786207e-02
-1.422966085282224846e-01 -4.167009671508781210e-02
-1.423647508247296023e-01 -4.175575426042722055e-02
-1.424336111278342865e-01 -4.184170201636686764e-02
-1.425031922469506829e-01 -4.192794185753471320e-02
-1.425734970240840893e-01 -4.201447567393495203e-02
-1.426445283340359305e-01 -4.210130537108816573e-02
-1.427162890846156440e-01 -4.218843287017485372e-02
-1.427887822168590892e-01 -4.227586010818158713e-02
-1.428620107052525068e-01 -4.236358903804880727e-02
-1.429359775579641390e-01 -4.245162162882257922e-02
-1.430106858170806794e-01 -4.253995986580740712e-02
-1.430861385588516888e-01 -4.262860575072332375e-02
-1.431623388939388675e-01 -4.271756130186395162e-02
-1.432392899676728504e-01 -4.280682855425883143e-02
-1.433169949603154969e-01 -4.289640955983702042e-02
-1.433954570873289813e-01 -4.298630638759430578e-02
-1.434746795996513224e-01 -4.307652112376314513e-02
-1.435546657976421170e-01 -4.316705587609342282e-02
-1.436354190288892108e-01 -4.325791277331256235e-02
-1.437169426443652975e-01 -4.334909395201570759e-02
-1.437992400316130126e-01 -4.344060156670488670e-02
-1.438823146161474775e-01 -4.353243779030328137e-02
-1.439661698617000218e-01 -4.362460481432364756e-02
-1.440508092704695653e-01 -4.371710484903861688e-02
-1.441362363833826321e-01 -4.380994012365523743e-02
-1.442224547803620527e-01 -4.390311288649283161e-02
-1.443094680806031316e-01 -4.399662540516342119e-02
-1.443972799428594189e-01 -4.409047996675684311e-02
-1.444858940657353374e-01 -4.418467887802784294e-02
-1.445753141879886905e-01 -4.427922446558817116e-02
-1.446655440888399147e-01 -4.437411907610055301e-02
-1.447565875882912967e-01 -4.446936507647781395e-02
-1.448484485474528238e-01 -4.456496485408396879e-02
-1.449411308688775823e-01 -4.466092081693996685e-02
-1.450346384969049551e-01 -4.475723539393289957e-02
-1.451289754216603944e-01 -4.485391103615554709e-02
-1.452241457136349279e-01 -4.495095022772375992e-02
-1.453201534461805999e-01 -4.504835546194393275e-02
-1.454170027226220352e-01 -4.514612924974391317e-02
-1.455146976913474777e-01 -4.524427412444220059e-02
-1.456132425461053315e-01 -4.534279264195190812e-02
-1.457126415263113595e-01 -4.544168738098994242e-02
-1.458128989173677614e-01 -4.554096094328980576e-02
-1.459140190509932988e-01 -4.564061595381993519e-02
-1.460160063055631896e-01 -4.574065506100504636e-02
-1.461188651064619926e-01 -4.584108093695368757e-02
-1.462225999264457621e-01 -4.594189627768880541e-02
-1.463272152860159436e-01 -4.604310380338380582e-02
-1.464327157538048985e-01 -4.614470625860341707e-02
-1.465391059469708934e-01 -4.624670641254804287e-02
-1.466463905316058025e-01 -4.634910705930449237e-02
-1.467545742231519401e-01 -4.645191101809955508e-02
-1.468636617868318839e-01 -4.655512113356027881e-02
-1.469736580380869295e-01 -4.665874027597710638e-02
-1.470845678739581830e-01 -4.676277135140707863e-02
-1.471963962464833131e-01 -4.686721729340220105e-02
-1.473091481092242139e-01 -4.697208104609607027e-02
-1.474228284692889746e-01 -4.707736558082868672e-02
-1.475374423881146702e-01 -4.718307389653021711e-02
-1.476529949818537746e-01 -4.728920901998117515e-02
-1.477694914217733413e-01 -4.739577400607677266e-02
-1.478869369346703100e-01 -4.750277193809894494e-02
-1.480053368032994698e-01 -4.761020592799244250e-02
-1.481246963668176875e-01 -4.771807911664881219e-02
-1.482450210212409303e-01 -4.782639467419468049e-02
-1.483663162199165830e-01 -4.793515580028721162e-02
-1.484885874740103917e-01 -4.804436572441573433e-02
-1.486118403530063692e-01 -4.815402770620828138e-02
-1.487360804852231044e-01 -4.826414503574627535e-02
-1.488613135583422009e-01 -4.837472103388334999e-02
-1.489875453199529798e-01 -4.848575905257251212e-02
-1.491147815781098396e-01 -4.859726247519768894e-02
-1.492430282147124421e-01 -4.870923472109347369e-02
-1.493722912416221571e-01 -4.882167926406957847e-02
-1.495025766454429472e-01 -4.893459958192134668e-02
-1.496338904595060360e-01 -4.904799917997633429e-02
-1.497662387833763320e-01 -4.916188159761745308e-02
-1.498996277833115620e-01 -4.927625040860068861e-02
-1.500340636927383342e-01 -4.939110922137893156e-02
-1.501695528127506285e-01 -4.950646167943580783e-02
-1.503061015126254674e-01 -4.962231146162551093e-02
-1.504437162303605691e-01 -4.973866228252285526e-02
-1.505824034732295147e-01 -4.985551789277959528e-02
-1.507221698183581204e-01 -4.997288207949024397e-02
-1.508630219133202666e-01 -5.009075866656622494e-02
-1.510049664767518229e-01 -5.020915151511712304e-02
-1.511480102989864460e-01 -5.032806452384230855e-02
-1.512921602427086121e-01 -5.044750162942899380e-02
-1.514374232436283274e-01 -5.056746680696055235e-02
-1.515838063111730749e-01 -5.068796407033247797e-02
-1.517313165292119292e-01 -5.080899747268066008e-02
-1.518799610826170876e-01 -5.093057111547708016e-02
-1.520297472226757318e-01 -5.105268913716545093e-02
-1.521806822508310619e-01 -5.117535570786384963e-02
-1.523327735472228550e-01 -5.129857503910643934e-02
-1.524860285714173813e-01 -5.142235138428934843e-02
-1.526404548631570823e-01 -5.154668903912405092e-02
-1.527960600431332305e-01 -5.167159234210187690e-02
-1.529528518137803772e-01 -5.179706567496808467e-02
-1.531108379600907565e-01 -5.192311346320460652e-02
-1.532700263504529758e-01 -5.204974017652446577e-02
-1.534304249375093576e-01 -5.217695032937420124e-02
-1.535920417590375675e-01 -5.230474848144816419e-02
-1.537548849388514494e-01 -5.243313923821102396e-02
-1.539189626878608719e-01 -5.256212725147858811e-02
-1.540842833285629987e-01 -5.269171722801332947e-02
-1.542508552574954894e-01 -5.282191391694647520e-02
-1.544186869412070007e-01 -5.295272210858678608e-02
-1.545877869388743442e-01 -5.308414664236774799e-02
-1.547581639031772316e-01 -5.321619240738387907e-02
-1.549298265811979436e-01 -5.334886434293729940e-02
-1.551027838153514748e-01 -5.348216743909870591e-02
-1.552770445443400205e-01 -5.361610673727853354e-02
-1.554526178041384654e-01 -5.375068733081298650e-02
-1.556295127290042712e-01 -5.388591436556034592e-02
-1.558077385525167557e-01 -5.402179304051159259e-02
-1.559873046086437676e-01 -5.415832860841351265e-02
-1.561682203328341734e-01 -5.429552637640344681e-02
-1.563504952636632916e-01 -5.443339170684110412e-02
-1.565341390754628192e-01 -5.457193002894606543e-02
-1.567191615231269541e-01 -5.471114681987056944e-02
-1.569055724457752987e-01 -5.485104760618868952e-02
-1.570933817921247866e-01 -5.499163797299672085e-02
-1.572825996215452549e-01 -5.513292356456173798e-02
-1.574732361051522644e-01 -5.527491008498713193e-02
-1.576653015269350033e-01 -5.541760329889406506e-02
-1.578588062849174412e-01 -5.556100903211722702e-02
-1.580537608923573978e-01 -5.570513317241885393e-02
-1.582501759789776419e-01 -5.584998167021649335e-02
-1.584480622922350979e-01 -5.599556053932933097e-02
-1.586474306986216942e-01 -5.614187585773838113e-02
-1.588482921850034868e-01 -5.628893376836561352e-02
-1.590506578614458155e-01 -5.643674048038326702e-02
-1.592545390067107158e-01 -5.658530228569449289e-02
-1.594599469841576911e-01 -5.673462552943542986e-02
-1.596668932575271704e-01 -5.688471661582071570e-02
-1.598753894212000259e-01 -5.703558201920003873e-02
-1.600854472014671126e-01 -5.718722828484463366e-02
-1.602970784578479913e-01 -5.733966202975673832e-02
-1.605102951844520065e-01 -5.749288994349691789e-02
-1.607251095113877704e-01 -5.764691878903446115e-02
-1.609415337062156948e-01 -5.780175540361635889e-02
-1.611595801754472368e-01 -5.795740669965847303e-02
-1.613792614660903013e-01 -5.811387966565800117e-02
-1.616005902672371652e-01 -5.827118136712528679e-02
-1.618235794117014736e-01 -5.842931894753950611e-02
-1.620482418810865188e-01 -5.858829963054882489e-02
-1.622745908684554983e-01 -5.874813074304003485e-02
-1.625026396523758798e-01 -5.890881967001038860e-02
-1.627324016320799704e-01 -5.907037386755979030e-02
-1.629638903635964864e-01 -5.923280087633847613e-02
-1.631971195612758607e-01 -5.939610832250333261e-02
-1.634321030993757251e-01 -5.956030391870204693e-02
-1.636688550137038178e-01 -5.972539546508211228e-02
-1.639073895033252570e-01 -5.989139085032960108e-02
-1.641477209323252695e-01 -6.005829805273264765e-02
-1.643898638316349803e-01 -6.022612514127418520e-02
-1.646338329009167101e-01 -6.039488027675231352e-02
-1.648796430105066990e-01 -6.056457171292685404e-02
-1.651273092034208911e-01 -6.073520779769649158e-02
-1.653768467037487477e-01 -6.090679697663330117e-02
-1.656282709922036467e-01 -6.107934782130922113e-02
-1.658815976417046811e-01 -6.125286896923049645e-02
-1.661368423756111323e-01 -6.142736914562100387e-02
-1.663940211060899454e-01 -6.160285717801843725e-02
-1.666531499360056900e-01 -6.177934199746043520e-02
-1.669142451608885136e-01 -6.195683263970575699e-02
-1.671773232709777290e-01 -6.213533824648882070e-02
-1.674424009533470592e-01 -6.231486806681257873e-02
-1.677094950941039608e-01 -6.249543145827411716e-02
-1.679786227806707999e-01 -6.267703788842925172e-02
-1.682498013041393292e-01 -6.285969693619025689e-02
-1.685230481617075449e-01 -6.304341829326319535e-02
-1.687983810591894285e-01 -6.322821176561883860e-02
-1.690758179276414530e-01 -6.341408728026722008e-02
-1.693553770358640076e-01 -6.360105492808643124e-02
-1.696370767213589426e-01 -6.378912486350582500e-02
-1.699209355015676992e-01 -6.397830734659051832e-02
-1.702069721244766076e-01 -6.416861276258993552e-02
-1.704952055708498504e-01 -6.436005162337576913e-02
-1.707856550565647891e-01 -6.455263456892432195e-02
-1.710783400350587014e-01 -6.474637236884972502e-02
-1.713732801998778255e-01 -6.494127592398266091e-02
-1.716704954873360112e-01 -6.513735626799947720e-02
-1.719700060792799245e-01 -6.533462456910023308e-02
-1.722718324059572814e-01 -6.553309213173386105e-02
-1.725759951489961863e-01 -6.573277039837598090e-02
-1.728825152444850854e-01 -6.593367095135312106e-02
-1.731914138948376924e-01 -6.613580551803271979e-02
-1.735027126187989321e-01 -6.633918599063039212e-02
-1.738164331270699581e-01 -6.654382437940563333e-02
-1.741325973837969388e-01 -6.674973283673991953e-02
-1.744512276283748664e-01 -6.695692366616466662e-02
-1.747723463788205811e-01 -6.716540932437034539e-02
-1.750959764352609249e-01 -6.737520242327006692e-02
-1.754221408835450746e-01 -6.758631573212310617e-02
-1.757508630989703391e-01 -6.779876217971227137e-02
-1.760821667501320520e-01 -6.801255485658194710e-02
-1.764160758028858467e-01 -6.822770701733146814e-02
-1.767526145405339255e-01 -6.844423208920318025e-02
-1.770918075852047635e-01 -6.866214368119311073e-02
-1.774336797981961034e-01 -6.888145554623821554e-02
-1.777782563536168259e-01 -6.910218161047304575e-02
-1.781255627496101945e-01 -6.932433597841002049e-02
-1.784756248123949007e-01 -6.954793293535604937e-02
-1.788284687004533802e-01 -6.977298694989812755e-02
-1.791841209088748110e-01 -6.999951267646348230e-02
-1.795426082738503792e-01 -7.022752495795303584e-02
-1.799039579773157593e-01 -7.045703882844578381e-02
-1.802681975517508028e-01 -7.068806951598081978e-02
-1.806353549207753706e-01 -7.092063245940720406e-02
-1.810054583823846874e-01 -7.115474330280703585e-02
-1.813785365173353481e-01 -7.139041786040800641e-02
-1.817546182827677603e-01 -7.162767215422867484e-02
-1.821337330192191739e-01 -7.186652241782442996e-02
-1.825159104555025280e-01 -7.210698509921316390e-02
-1.829011807137800871e-01 -7.234907686389346892e-02
-1.832895743148285073e-01 -7.259281459795365044e-02
-1.836811221835042418e-01 -7.283821541127849519e-02
-1.840758556543967694e-01 -7.308529664084628674e-02
-1.844738064776829667e-01 -7.333407585412518581e-02
-1.848750068988690431e-01 -7.358457088189553075e-02
-1.852794895538845688e-01 -7.383679977772539260e-02
-1.856872874292426756e-01 -7.409078080309808301e-02
-1.860984339624498496e-01 -7.434653246845374097e-02
-1.865129630476414779e-01 -7.460407353661992202e-02
-1.869309090414689456e-01 -7.486342302635987100e-02
-1.873523067692474120e-01 -7.512460021604566718e-02
-1.877771915313516948e-01 -7.538762464744891423e-02
-1.882055991098730285e-01 -7.565251612965805117e-02
-1.886375657755226809e-01 -7.591929474311484571e-02
-1.890731282990570084e-01 -7.618798084549607830e-02
-1.895123240776151186e-01 -7.645859512399047486e-02
-1.899551908968394320e-01 -7.673115850082980194e-02
-1.904017669938762036e-01 -7.700569215980312965e-02
-1.908520911462902592e-01 -7.728221758345195369e-02
-1.913062026788879821e-01 -7.756075655724982421e-02
-1.917641414708701753e-01 -7.784133117393615686e-02
-1.922259479633291746e-01 -7.812396383801445410e-02
-1.926916631670745339e-01 -7.840867727040649882e-02
-1.931613286708022681e-01 -7.869549451327315093e-02
-1.936349866495923888e-01 -7.898443893499344781e-02
-1.941126798958247857e-01 -7.927553424432746965e-02
-1.945944519643039716e-01 -7.956880455137235741e-02
-1.950803468063136981e-01 -7.986427421972343288e-02
-1.955704089548660485e-01 -8.016196794347708876e-02
-1.960646835944190869e-01 -8.046191077737323283e-02
-1.965632165692670907e-01 -8.076412814195027545e-02
-1.970660543923693497e-01 -8.106864582890603577e-02
-1.975732442546329626e-01 -8.137549000667557153e-02
-1.980848340346333114e-01 -8.168468722621761990e-02
-1.986008723087847871e-01 -8.199626442701911377e-02
-1.991214083619554653e-01 -8.231024894331548380e-02
-1.996464922609614001e-01 -8.262666853636758957e-02
-2.001761749563708004e-01 -8.294555143869238034e-02
-2.007105078399782361e-01 -8.326692617277729747e-02
-2.012495430476799185e-01 -8.359082167808483399e-02
-2.017933335056383004e-01 -8.391726733220884749e-02
-2.023419329408476242e-01 -8.424629295734864520e-02
-2.028953958922776191e-01 -8.457792882705950088e-02
-2.034537777226106126e-01 -8.491220567328508495e-02
-2.040171346305646172e-01 -8.524915469367379262e-02
-2.045855236637951768e-01 -8.558880755917533389e-02
-2.051590027323917098e-01 -8.593119642192890983e-02
-2.057376306576082226e-01 -8.627635393796860563e-02
-2.063214671715986048e-01 -8.662431326950777166e-02
-2.069105728240326902e-01 -8.697510804808272766e-02
-2.075050090913983514e-01 -8.732877242271845641e-02
-2.081048383957261050e-01 -8.768534107026186575e-02
-2.087101241207073299e-01 -8.804484920467257891e-02
-2.093209306284483373e-01 -8.840733258663575900e-02
-2.099373232868905204e-01 -8.877282753773628465e-02
-2.105593685039996166e-01 -8.914137095758624396e-02
-2.111871336607167582e-01 -8.951300029814594772e-02
-2.118206871907619138e-01 -8.988775360016586224e-02
-2.124600986074572651e-01 -9.026566950736220063e-02
-2.131054385226204828e-01 -9.064678727730270114e-02
-2.137567786662281366e-01 -9.103114679268214937e-02
-2.144141919117720507e-01 -9.141878857508602130e-02
-2.150777523462143737e-01 -9.180975381787356837e-02
-2.157475351595782298e-01 -9.220408434219133642e-02
-2.164236167307306002e-01 -9.260182263660443613e-02
-2.171060746787881746e-01 -9.300301188226217652e-02
-2.177949878849331500e-01 -9.340769596553333276e-02
-2.184904365151877081e-01 -9.381591949112247364e-02
-2.191925020445272543e-01 -9.422772779583377112e-02
-2.199012673519335215e-01 -9.464316699294500479e-02
-2.206168166080937354e-01 -9.506228392752366640e-02
-2.213392353111069133e-01 -9.548512619525989509e-02
-2.220686103902810571e-01 -9.591174219081784191e-02
-2.228050302312408748e-01 -9.634218112248160715e-02
-2.235485847022595507e-01 -9.677649302740994053e-02
-2.242993651818331047e-01 -9.721472878751481750e-02
-2.250574647251839533e-01 -9.765694020571248635e-02
-2.258229779470793674e-01 -9.810317995944287106e-02
-2.265960007650830721e-01 -9.855350149313858721e-02
-2.273766307798853747e-01 -9.900795918732560597e-02
-2.281649673051659999e-01 -9.946660837610028782e-02
-2.289611113930616615e-01 -9.992950536278251417e-02
-2.297651658617256565e-01 -1.003967074365674089e-01
-2.305772355009198527e-01 -1.008682729671465522e-01
-2.313974272452052339e-01 -1.013442614857700541e-01
-2.322258490404756348e-01 -1.018247331939076544e-01
-2.330626107751875564e-01 -1.023097493748282572e-01
-2.339078243880311769e-01 -1.027993724460745245e-01
-2.347616038850293962e-01 -1.032936659724182915e-01
-2.356240653607353519e-01 -1.037926946806816825e-01
-2.364953270067728375e-01 -1.042965244690459009e-01
-2.373755090332105300e-01 -1.048052223779089714e-01
-2.382647340265656999e-01 -1.053188567535099512e-01
-2.391631268127761278e-01 -1.058374971935844289e-01
-2.400708144435928781e-01 -1.063612145472903059e-01
-2.409879262478863138e-01 -1.068900809438902977e-01
-2.419145938865143730e-01 -1.074241698231817033e-01
-2.428509514067139219e-01 -1.079635559658874283e-01
-2.437971350735111398e-01 -1.085083154249782689e-01
-2.447532839243496960e-01 -1.090585257787431428e-01
-2.457195397344897891e-01 -1.096142661227087339e-01
-2.466960468817889496e-01 -1.101756170165272414e-01
-2.476829524333872268e-01 -1.107426605296742833e-01
-2.486804058601412015e-01 -1.113154801207935640e-01
-2.496885599442251191e-01 -1.118941610508738249e-01
-2.507075703671950984e-01 -1.124787902072114931e-01
-2.517375957907821427e-01 -1.130694561474318849e-01
-2.527787978808050950e-01 -1.136662491181918144e-01
-2.538313412537523406e-01 -1.142692610391522895e-01
-2.548953937102978462e-01 -1.148785856161141927e-01
-2.559711267361891029e-01 -1.154943185755204493e-01
-2.570587151065645837e-01 -1.161165574955123486e-01
-2.581583369797592620e-01 -1.167454018571430219e-01
-2.592701738671904232e-01 -1.173809530397847967e-01
-2.603944106685465165e-01 -1.180233143460559658e-01
-2.615312367059202669e-01 -1.186725914801460696e-01
-2.626808450414936935e-01 -1.193288922495981674e-01
-2.638434325317305928e-01 -1.199923265999593425e-01
-2.650191996326984323e-01 -1.206630065362982313e-01
-2.662083492516315597e-01 -1.213410456094030643e-01
-2.674110917893182116e-01 -1.220265612234835012e-01
-2.686276420208755233e-01 -1.227196732308773741e-01
-2.698582185484924012e-01 -1.234205036934596655e-01
-2.711030440431868027e-01 -1.241291770036449804e-01
-2.723623453017311458e-01 -1.248458199214225739e-01
-2.736363540300539299e-01 -1.255705619449592469e-01
-2.749253068478024753e-01 -1.263035353258284699e-01
-2.762294453972443664e-01 -1.270448751322558190e-01
-2.775490166146505899e-01 -1.277947193875333953e-01
-2.788842741038470852e-01 -1.285532097173372745e-01
-2.802354760454694449e-01 -1.293204904026410695e-01
-2.816028857962717957e-01 -1.300967086689492624e-01
-2.829867721144199155e-01 -1.308820148044202991e-01
-2.843874128306764226e-01 -1.316765638742130318e-01
-2.858050883429498756e-01 -1.324805127290022422e-01
-2.872400863797450743e-01 -1.332940222227097793e-01
-2.886927029070887607e-01 -1.341172576533936345e-01
-2.901632387412520497e-01 -1.349503872098085644e-01
-2.916520012939032291e-01 -1.357935827971507303e-01
-2.931593072628375651e-01 -1.366470213089881758e-01
-2.946854805673458366e-01 -1.375108836885421681e-01
-2.962308484255696261e-01 -1.383853531156107874e-01
-2.977957474486209732e-01 -1.392706178658828231e-01
-2.993805248901375560e-01 -1.401668719210334146e-01
-3.009855345423733120e-01 -1.410743130735250539e-01
-3.026111395453029429e-01 -1.419931442624442208e-01
-3.042577117662161879e-01 -1.429235733071095860e-01
-3.059256306283056337e-01 -1.438658123796593691e-01
-3.076152599562752554e-01 -1.448200671248056903e-01
