-3.398871643726850134e-01 -8.758738190824351399e-03
-3.380966009569213448e-01 -8.934504752304605127e-03
-3.363271954528933572e-01 -9.108501509296800663e-03
-3.345786237332511459e-01 -9.280761201741960162e-03
-3.328505415620131580e-01 -9.451315146549645746e-03
-3.311426118106285399e-01 -9.620193962306148802e-03
-3.294545036649635938e-01 -9.787427569076056696e-03
-3.277858947343659790e-01 -9.953045273199954621e-03
-3.261364684589622698e-01 -1.011707571454370513e-02
-3.245059154691821712e-01 -1.027954692873212471e-02
-3.228939351220147524e-01 -1.044048642045161852e-02
-3.213002339236002425e-01 -1.059992114008118623e-02
-3.197245197641317982e-01 -1.075787731320573468e-02
-3.181665083014244000e-01 -1.091438066416266194e-02
-3.166259224909248604e-01 -1.106945642513147525e-02
-3.151024908640212008e-01 -1.122312929879077520e-02
-3.135959456474076146e-01 -1.137542340842468032e-02
-3.121060260708547474e-01 -1.152636243223120228e-02
-3.106324781465830687e-01 -1.167596961803893385e-02
-3.091750488997129231e-01 -1.182426758493967424e-02
-3.077334940132400720e-01 -1.197127862402666207e-02
-3.063075730019139686e-01 -1.211702453592539315e-02
-3.048970508102727406e-01 -1.226152670765373424e-02
-3.035016955326561572e-01 -1.240480603727687689e-02
-3.021212803957072368e-01 -1.254688302659147901e-02
-3.007555837018370259e-01 -1.268777779560630037e-02
-2.994043881249020544e-01 -1.282751006904586828e-02
-2.980674805081893752e-01 -1.296609918192890253e-02
-2.967446517895650504e-01 -1.310356408996405687e-02
-2.954356970641138225e-01 -1.323992338581330558e-02
-2.941404148805005780e-01 -1.337519528075794585e-02
-2.928586072315616518e-01 -1.350939761561305297e-02
-2.915900793791665335e-01 -1.364254786385177623e-02
-2.903346396877741209e-01 -1.377466313445117364e-02
-2.890921023582629923e-01 -1.390576031358764508e-02
-2.878622856035208954e-01 -1.403585599486237637e-02
-2.866450097272105757e-01 -1.416496639754576993e-02
-2.854400982761391425e-01 -1.429310743115099966e-02
-2.842473779370470188e-01 -1.442029470085464359e-02
-2.830666785596907542e-01 -1.454654351900144804e-02
-2.818978337590545835e-01 -1.467186894684206246e-02
-2.807406798463937259e-01 -1.479628575056820064e-02
-2.795950559626009801e-01 -1.491980841728962268e-02
-2.784608040838469911e-01 -1.504245116463765256e-02
-2.773377689377259925e-01 -1.516422794549662084e-02
-2.762257982025048686e-01 -1.528515246807143034e-02
-2.751247425137914315e-01 -1.540523820595785832e-02
-2.740344548786716738e-01 -1.552449837467239496e-02
-2.729547908484101781e-01 -1.564294594934125676e-02
-2.718856084489943425e-01 -1.576059366903519166e-02
-2.708267681908107516e-01 -1.587745404546948499e-02
-2.697781331329296983e-01 -1.599353937497866376e-02
-2.687395688870123367e-01 -1.610886174712738636e-02
-2.677109431243369086e-01 -1.622343302322584377e-02
-2.666921257563758529e-01 -1.633726485415827948e-02
-2.656829888687534669e-01 -1.645036868365616634e-02
-2.646834067932583023e-01 -1.656275575994889393e-02
-2.636932562796466262e-01 -1.667443715401022847e-02
-2.627124159082942501e-01 -1.678542372997847767e-02
-2.617407662545290226e-01 -1.689572616177937095e-02
-2.607781898595473158e-01 -1.700535493778582152e-02
-2.598245711870835750e-01 -1.711432036442356308e-02
-2.588797965825421765e-01 -1.722263256977086751e-02
-2.579437542346043610e-01 -1.733030150716252313e-02
-2.570163342586223032e-01 -1.743733696690587948e-02
-2.560974286950086221e-01 -1.754374858250245736e-02
-2.551869312482529795e-01 -1.764954581892574925e-02
-2.542847373826042090e-01 -1.775473798477056678e-02
-2.533907443033055484e-01 -1.785933423671366704e-02
-2.525048509393937879e-01 -1.796334358401293838e-02
-2.516269579293005654e-01 -1.806677489314002447e-02
-2.507569676061625619e-01 -1.816963689233443494e-02
-2.498947832889072962e-01 -1.827193812534037495e-02
-2.490403096817536133e-01 -1.837368698411512638e-02
-2.481934533670650533e-01 -1.847489175006761242e-02
-2.473541224129567895e-01 -1.857556057076724387e-02
-2.465222263508505263e-01 -1.867570146312741083e-02
-2.456976761544662491e-01 -1.877532231661042939e-02
-2.448803842202568748e-01 -1.887443089645986921e-02
-2.440702643346716050e-01 -1.897303484583301100e-02
-2.432672313084592308e-01 -1.907114166170137057e-02
-2.424712013178871584e-01 -1.916875872518839299e-02
-2.416820919294856429e-01 -1.926589330803157168e-02
-2.408998219726536938e-01 -1.936255256691406246e-02
-2.401243115181206089e-01 -1.945874354587097399e-02
-2.393554818572745657e-01 -1.955447317868046903e-02
-2.385932554823488316e-01 -1.964974829124502276e-02
-2.378375560529759070e-01 -1.974457560276276710e-02
-2.370883082612301462e-01 -1.983896171827158675e-02
-2.363454379726428467e-01 -1.993291314393466976e-02
-2.356088721788755780e-01 -2.002643628687640620e-02
-2.348785389577383864e-01 -2.011953745545937491e-02
-2.341543674549713960e-01 -2.021222286128287679e-02
-2.334362878666978169e-01 -2.030449862116740986e-02
-2.327242314225443642e-01 -2.039637075912903094e-02
-2.320181303481413382e-01 -2.048784520646534241e-02
-2.313179177797170805e-01 -2.057892779743215883e-02
-2.306235278723119675e-01 -2.066962428193492782e-02
-2.299348957426028406e-01 -2.075994032371639500e-02
-2.292519574455198217e-01 -2.084988150139215415e-02
-2.285746499587971992e-01 -2.093945331012057182e-02
-2.279029111680595521e-01 -2.102866116326029475e-02
-2.272366798524347309e-01 -2.111751039401886867e-02
-2.265758956458784890e-01 -2.120600625477083931e-02
-2.259204989961783039e-01 -2.129415391600449417e-02
-2.252704312287116262e-01 -2.138195847504817046e-02
-2.246256344988841747e-01 -2.146942495441111695e-02
-2.239860517771646298e-01 -2.155655830307300763e-02
-2.233516268361191159e-01 -2.164336339790722680e-02
-2.227223042378789486e-01 -2.172984504509623341e-02
-2.220980293220463642e-01 -2.181600798154045492e-02
-2.214787481333221619e-01 -2.190185687025781799e-02
-2.208644074309092931e-01 -2.198739630363787112e-02
-2.202549547649431394e-01 -2.207263081345006359e-02
-2.196503384101153589e-01 -2.215756486675087705e-02
-2.190505073548782156e-01 -2.224220286717012648e-02
-2.184554112911336055e-01 -2.232654915620514713e-02
-2.178650006043289511e-01 -2.241060801451612294e-02
-2.172792263639614641e-01 -2.249438366322382976e-02
-2.166980403144844469e-01 -2.257788026521282895e-02
-2.161213948666214080e-01 -2.266110192644098589e-02
-2.155492430890833255e-01 -2.274405269725794307e-02
-2.149815386862338196e-01 -2.282673657219795940e-02
-2.144182357177865650e-01 -2.290915746212296780e-02
-2.138592889443136635e-01 -2.299131923252910673e-02
-2.133046538163522743e-01 -2.307322570467581352e-02
-2.127542863783137561e-01 -2.315488064740046925e-02
-2.122081432600856632e-01 -2.323628777815303290e-02
-2.116661816689451581e-01 -2.331745076403097389e-02
-2.111283593817766535e-01 -2.339837322281695595e-02
-2.105946347375979855e-01 -2.347905872402019159e-02
-2.100649666303968932e-01 -2.355951078992232078e-02
-2.095393145022717840e-01 -2.363973289663041238e-02
-2.090176383368823609e-01 -2.371972847513745611e-02
-2.084998986003203381e-01 -2.379950090635594290e-02
-2.079860560703214178e-01 -2.387905350309541333e-02
-2.074760721753213522e-01 -2.395838955023456285e-02
-2.069699088636108852e-01 -2.403751229167120501e-02
-2.064675285740635025e-01 -2.411642492861423848e-02
-2.059688942294387037e-01 -2.419513062041199827e-02
-2.054739692299191456e-01 -2.427363248538136342e-02
-2.049827174468783764e-01 -2.435193360163926193e-02
-2.044951032168840499e-01 -2.443003700793686811e-02
-2.040110913359302058e-01 -2.450794570449849746e-02
-2.035306470539018642e-01 -2.458566265386586541e-02
-2.030537360692741822e-01 -2.466319078174821627e-02
-2.025803244278352178e-01 -2.474053296613112907e-02
-2.021103785219587057e-01 -2.481769203832786749e-02
-2.016438652700397183e-01 -2.489467080626985018e-02
-2.011807520049989917e-01 -2.497147204240348500e-02
-2.007210064677845129e-01 -2.504809848424393443e-02
-2.002645968019547973e-01 -2.512455283503954237e-02
-1.998114915484410226e-01 -2.520083776443648310e-02
-1.993616596404822194e-01 -2.527695590914557158e-02
-1.989150703987363489e-01 -2.535290987361148510e-02
-1.984716935265693205e-01 -2.542870223068471533e-02
-1.980314991055174556e-01 -2.550433552229815909e-02
-1.975944575870673681e-01 -2.557981225964904917e-02
-1.971605396758611406e-01 -2.565513490921943543e-02
-1.967297164580623925e-01 -2.573030591039503212e-02
-1.963019594129287171e-01 -2.580532767824405410e-02
-1.958772403657953187e-01 -2.588020259860223521e-02
-1.954555314835247637e-01 -2.595493302860824025e-02
-1.950368052700895694e-01 -2.602952129723958702e-02
-1.946210345622887972e-01 -2.610396970584911644e-02
-1.942081925256020913e-01 -2.617828052870237523e-02
-1.937982526501756675e-01 -2.625245601351723981e-02
-1.933911887469426383e-01 -2.632649838200605899e-02
-1.929869749438805349e-01 -2.640040983042049247e-02
-1.925855856654203890e-01 -2.647419252776632079e-02
-1.921869955574568578e-01 -2.654784860642109626e-02
-1.917911796193627061e-01 -2.662138018118474433e-02
-1.913981131570124949e-01 -2.669478934389466623e-02
-1.910077717676727238e-01 -2.676807816231937739e-02
-1.906201313362817229e-01 -2.684124868059548433e-02
-1.902351680318366822e-01 -2.691430291966444982e-02
-1.898528583038831541e-01 -2.698724287771045102e-02
-1.894731788791106097e-01 -2.706007053059903897e-02
-1.890961067580510246e-01 -2.713278783231777916e-02
-1.887216192118852387e-01 -2.720539671541839094e-02
-1.883496937793511239e-01 -2.727789909146194347e-02
-1.879803082299559558e-01 -2.735029684654924700e-02
-1.876134405508215197e-01 -2.742259184015713100e-02
-1.872490690269769664e-01 -2.749478591764429464e-02
-1.868871721941925412e-01 -2.756688090427916391e-02
-1.865277288349117824e-01 -2.763887860546379929e-02
-1.861707179751855845e-01 -2.771078080709155761e-02
-1.858161188816878362e-01 -2.778258927590489952e-02
-1.854639110588161000e-01 -2.785430575985333931e-02
-1.851140742458710631e-01 -2.792593198845278596e-02
-1.847665884143202819e-01 -2.799746967314591106e-02
-1.844214337651415847e-01 -2.806892050766452915e-02
-1.840785907249448683e-01 -2.814028616819370596e-02
-1.837380398792373415e-01 -2.821156830387027900e-02
-1.833997620438886922e-01 -2.828276854832499632e-02
-1.830637382807326630e-01 -2.835388852285947517e-02
-1.827299498648595755e-01 -2.842492983217241934e-02
-1.823983782821580468e-01 -2.849589406467943967e-02
-1.820690052269273718e-01 -2.856678279283486610e-02
-1.817418125995656775e-01 -2.863759757345519727e-02
-1.814167825043281890e-01 -2.870833994804530137e-02
-1.810938972471589359e-01 -2.877901144312750362e-02
-1.807731393335966497e-01 -2.884961357057314393e-02
-1.804544914667517985e-01 -2.892014782793812799e-02
-1.801379365453560089e-01 -2.899061569880212463e-02
-1.798234576618862324e-01 -2.906101865311150334e-02
-1.795110381007593847e-01 -2.913135814752703875e-02
-1.792006613357930989e-01 -2.920163562564463341e-02
-1.788923109007471146e-01 -2.927185249743873702e-02
-1.785859705087454730e-01 -2.934201015907364832e-02
-1.782816241267004831e-01 -2.941211000577456658e-02
-1.779792558965411775e-01 -2.948215341962301395e-02
-1.776788501332126347e-01 -2.955214176980210800e-02
-1.773803913227264828e-01 -2.962207641284325677e-02
-1.770838641202648334e-01 -2.969195869287408890e-02
-1.767892533483397255e-01 -2.976178994186751831e-02
-1.764965439950028636e-01 -2.983157147989291477e-02
-1.762057212121108385e-01 -2.990130461536910297e-02
-1.759167703136416960e-01 -2.997099064531975193e-02
-1.756296767740668785e-01 -3.004063085563087043e-02
-1.753444262267746245e-01 -3.011022652131138677e-02
-1.750610044625463269e-01 -3.017977890675671918e-02
-1.747793974280777707e-01 -3.024928926601335236e-02
-1.744995911534065469e-01 -3.031875883068609057e-02
-1.742215717990300006e-01 -3.038818881842786715e-02
-1.739453257283533893e-01 -3.045758044605534343e-02
-1.736708394497334107e-01 -3.052693492003743722e-02
-1.733980996148768994e-01 -3.059625343669247419e-02
-1.731270930172797429e-01 -3.066553718238661588e-02
-1.728578065907083461e-01 -3.073478733373289501e-02
-1.725902274077204812e-01 -3.080400505779201312e-02
-1.723243426782273269e-01 -3.087319151227466141e-02
-1.720601397480973904e-01 -3.094234784574505931e-02
-1.717976060978003428e-01 -3.101147519782689738e-02
-1.715367293410920702e-01 -3.108057469941104614e-02
-1.712774972237400273e-01 -3.114964747286579419e-02
-1.710198976222909173e-01 -3.121869463224907076e-02
-1.707639185428775630e-01 -3.128771728352372494e-02
-1.705095480715609624e-01 -3.135671651585543451e-02
-1.702567743889208673e-01 -3.142569340456687066e-02
-1.700055858488894733e-01 -3.149464902605351307e-02
-1.697559709263395389e-01 -3.156358444861728785e-02
-1.695079182155727615e-01 -3.163250073258511152e-02
-1.692614164290439926e-01 -3.170139893046624441e-02
-1.690164543961164834e-01 -3.177028008711050427e-02
-1.687730210618497984e-01 -3.183914523986702133e-02
-1.685311054858167346e-01 -3.190799541874440870e-02
-1.682906968409527970e-01 -3.197683164657211946e-02
-1.680517844124352622e-01 -3.204565493916325392e-02
-1.678143575965951317e-01 -3.211446630547853953e-02
-1.675784058998584514e-01 -3.218326674779233704e-02
-1.673439189377185499e-01 -3.225205726186049227e-02
-1.671108864337409183e-01 -3.232083883708969374e-02
-1.668792981894329508e-01 -3.238961245104890474e-02
-1.666491440798948398e-01 -3.245837906887883567e-02
-1.664204141223498967e-01 -3.252713965692859144e-02
-1.661930984359227814e-01 -3.259589517534182412e-02
-1.659671872398592873e-01 -3.266464657804523525e-02
-1.657426708524807335e-01 -3.273339481287505792e-02
-1.655195396901635585e-01 -3.280214082170372636e-02
-1.652977842663415076e-01 -3.287088554056766254e-02
-1.650773951905318837e-01 -3.293962989979591638e-02
-1.648583631673868066e-01 -3.300837482413937485e-02
-1.646406789957670924e-01 -3.307712123290142137e-02
-1.644243335678408358e-01 -3.314587004006955967e-02
-1.642093178682049459e-01 -3.321462215444853650e-02
-1.639956229730321069e-01 -3.328337847979442876e-02
-1.637832400492401086e-01 -3.335213991495062508e-02
-1.635721603363261278e-01 -3.342090735043864308e-02
-1.633623751339541852e-01 -3.348968166615332726e-02
-1.631538758580286796e-01 -3.355846374309458952e-02
-1.629466540110304507e-01 -3.362725445763561222e-02
-1.627407011799267833e-01 -3.369605468137806814e-02
-1.625360090353144549e-01 -3.376486528125596104e-02
-1.623325693305829598e-01 -3.383368711963967435e-02
-1.621303739010953038e-01 -3.390252105444094971e-02
-1.619294146633892817e-01 -3.397136793921812226e-02
-1.617296836143959360e-01 -3.404022862328254240e-02
-1.615311728306770278e-01 -3.410910395180587890e-02
-1.613338744676823810e-01 -3.417799476592801172e-02
-1.611377807590248512e-01 -3.424690190286636127e-02
-1.609428840157736407e-01 -3.431582619602633472e-02
-1.607491766257682086e-01 -3.438476847511266060e-02
-1.605566510419757231e-01 -3.445372956388774444e-02
-1.603652997666892288e-01 -3.452271027698625150e-02
-1.601751153990061405e-01 -3.459171143033137885e-02
-1.599860906121697290e-01 -3.466073383655091794e-02
-1.597982181511189426e-01 -3.472977830469280852e-02
-1.596114908317810555e-01 -3.479884564031070215e-02
-1.594259015403804991e-01 -3.486793664554957428e-02
-1.592414432327609042e-01 -3.493705211923226611e-02
-1.590581089337227971e-01 -3.500619285694635263e-02
-1.588758917363751189e-01 -3.507535965113189880e-02
-1.586947848015030638e-01 -3.514455329116953491e-02
-1.585147813569488806e-01 -3.521377456346956591e-02
-1.583358746970082165e-01 -3.528302425156211453e-02
-1.581580581818415598e-01 -3.535230313618763220e-02
-1.579813252368995058e-01 -3.542161199538883254e-02
-1.578056693425688162e-01 -3.549095160240096913e-02
-1.576310840124025281e-01 -3.556032272092347901e-02
-1.574575628502023206e-01 -3.562972611814506363e-02
-1.572850995249304440e-01 -3.569916255935468713e-02
-1.571136877669941923e-01 -3.576863280731402278e-02
-1.569433213676957595e-01 -3.583813762233805517e-02
-1.567739941786959745e-01 -3.590767776237644565e-02
-1.566057001114904701e-01 -3.597725398309591094e-02
-1.564384331369002845e-01 -3.604686703796326080e-02
-1.562721872845745097e-01 -3.611651767832978893e-02
-1.561069566425059008e-01 -3.618620665351680171e-02
-1.559427353565610574e-01 -3.625593471090191727e-02
-1.557795176300224016e-01 -3.632570259600703677e-02
-1.556172977231436994e-01 -3.639551105258726632e-02
-1.554560699527185730e-01 -3.646536082272152507e-02
-1.552958286916626407e-01 -3.653525264690409002e-02
-1.551365683686082575e-01 -3.660518726413795193e-02
-1.549782834675119403e-01 -3.667516541202980873e-02
-1.548209685272761427e-01 -3.674518782688606516e-02
-1.546646181413827703e-01 -3.681525524381109443e-02
-1.545092269302572596e-01 -3.688536839029384062e-02
-1.543547895016885441e-01 -3.695552797681957158e-02
-1.542013005797711334e-01 -3.702573472778168673e-02
-1.540487549444198023e-01 -3.709598936731493130e-02
-1.538971474257150862e-01 -3.716629261811806723e-02
-1.537464729034681565e-01 -3.723664520151786367e-02
-1.535967263067957167e-01 -3.730704783753351073e-02
-1.534479026137041957e-01 -3.737750124494190751e-02
-1.532999968506844057e-01 -3.744800614134329714e-02
-1.531530040923153035e-01 -3.751856324322807440e-02
-1.530069194608768002e-01 -3.758917326604436365e-02
-1.528617381259737840e-01 -3.765983692426609630e-02
-1.527174553041681648e-01 -3.773055493146244138e-02
-1.525740662586216878e-01 -3.780132800036790919e-02
-1.524315662987472952e-01 -3.787215684295371781e-02
-1.522899507798713969e-01 -3.794304217049972866e-02
-1.521492151029047168e-01 -3.801398469366793625e-02
-1.520093547140227430e-01 -3.808498512257702667e-02
-1.518703651043566694e-01 -3.815604416687769923e-02
-1.517322418096930525e-01 -3.822716253582967433e-02
-1.515949803893568149e-01 -3.829834093311847848e-02
-1.514585764081465835e-01 -3.836958005235647368e-02
-1.513230255150943282e-01 -3.844088059710559085e-02
-1.511883234033035706e-01 -3.851224327093646232e-02
-1.510544658073756930e-01 -3.858366877692127189e-02
-1.509214485030730968e-01 -3.865515781768785741e-02
-1.507892673069882727e-01 -3.872671109547478480e-02
-1.506579180762205872e-01 -3.879832931218715752e-02
-1.505273967080612285e-01 -3.887001316945248169e-02
-1.503976991396843710e-01 -3.894176336867775923e-02
-1.502688213478467483e-01 -3.901358061110707376e-02
-1.501407593485934444e-01 -3.908546559788006469e-02
-1.500135091969722612e-01 -3.915741903009076902e-02
-1.498870669867547467e-01 -3.922944160884776765e-02
-1.497614288501642188e-01 -3.930153403533503259e-02
-1.496365909576120867e-01 -3.937369701087341245e-02
-1.495125495174408348e-01 -3.944593123698320741e-02
-1.493893007756739444e-01 -3.951823741544798624e-02
-1.492668410157745318e-01 -3.959061624837869470e-02
-1.491451665584096753e-01 -3.966306843827938772e-02
-1.490242737422169672e-01 -3.973559468304618814e-02
-1.489041589164271095e-01 -3.980819567405445569e-02
-1.487848184977547394e-01 -3.988087211144214494e-02
-1.486662489389464215e-01 -3.995362469589095605e-02
-1.485484467274767184e-01 -4.002645412839872519e-02
-1.484314083852829591e-01 -4.009936111032638001e-02
-1.483151304685052241e-01 -4.017234634344581112e-02
-1.481996095672316882e-01 -4.024541052998825003e-02
-1.480848423052503193e-01 -4.031855437269277892e-02
-1.479708253398052398e-01 -4.039177857485581891e-02
-1.478575553613594995e-01 -4.046508384038096512e-02
-1.477450290933625954e-01 -4.053847087382968922e-02
-1.476332432920242910e-01 -4.061194038047222926e-02
-1.475221947460937655e-01 -4.068549306633950646e-02
-1.474118802766438141e-01 -4.075912963827584695e-02
-1.473022967368614877e-01 -4.083285080399182837e-02
-1.471934410118435899e-01 -4.090665727211844488e-02
-1.470853100183978635e-01 -4.098054975226192442e-02
-1.469779007048499786e-01 -4.105452895505899702e-02
-1.468712100508558771e-01 -4.112859559223329409e-02
-1.467652350509507098e-01 -4.120275037208553925e-02
-1.466599727146943033e-01 -4.127699399958409399e-02
-1.465554201044549643e-01 -4.135132718707699301e-02
-1.464515743126168501e-01 -4.142575064802900969e-02
-1.463484324609905518e-01 -4.150026509695884519e-02
-1.462459917006039001e-01 -4.157487124948116425e-02
-1.461442492114963243e-01 -4.164956982234955390e-02
-1.460432022025176801e-01 -4.172436153349960014e-02
-1.459428479111312682e-01 -4.179924710209278332e-02
-1.458431836032216267e-01 -4.187422724856017936e-02
-1.457442065729057379e-01 -4.194930269464730577e-02
-1.456459141423488146e-01 -4.202447416345921755e-02
-1.455483036615849157e-01 -4.209974237950594306e-02
-1.454513725083408093e-01 -4.217510806874872481e-02
-1.453551180878645266e-01 -4.225057195864687781e-02
-1.452595378327585229e-01 -4.232613477820480752e-02
-1.451646292028163643e-01 -4.240179725802003391e-02
-1.450703896848639651e-01 -4.247756013033186090e-02
-1.449768167926051843e-01 -4.255342412907026778e-02
-1.448839080664715284e-01 -4.262938998990582762e-02
-1.447916610611297283e-01 -4.270545844665901702e-02
-1.447000733497034175e-01 -4.278163023259712316e-02
-1.446091425453108481e-01 -4.285790608688187092e-02
-1.445188662866584983e-01 -4.293428675043049064e-02
-1.444292422377949914e-01 -4.301077296593257271e-02
-1.443402680879496136e-01 -4.308736547789052129e-02
-1.442519415513739689e-01 -4.316406503266093792e-02
-1.441642603671870193e-01 -4.324087237849614379e-02
-1.440772222992231788e-01 -4.331778826558631279e-02
-1.439908251358846536e-01 -4.339481344610168073e-02
-1.439050666899961139e-01 -4.347194867423560816e-02
-1.438199447986633073e-01 -4.354919470624805944e-02
-1.437354573231348076e-01 -4.362655230050922067e-02
-1.436516021486674288e-01 -4.370402221754397798e-02
-1.435683771843942191e-01 -4.378160522007697869e-02
-1.434857803631967577e-01 -4.385930207307774109e-02
-1.434038096415801711e-01 -4.393711354380678419e-02
-1.433224629995514809e-01 -4.401504040186231953e-02
-1.432417384405016147e-01 -4.409308341922700547e-02
-1.431616339910905256e-01 -4.417124337031597126e-02
-1.430821476899493128e-01 -4.424952102856544861e-02
-1.430032775947051304e-01 -4.432791716865298187e-02
-1.429250217959052716e-01 -4.440643257089072621e-02
-1.428473784064147878e-01 -4.448506801804165411e-02
-1.427703455612857331e-01 -4.456382429535859363e-02
-1.426939214176332626e-01 -4.464270219062445311e-02
-1.426181041545139527e-01 -4.472170249419319538e-02
-1.425428919728071175e-01 -4.480082599903103396e-02
-1.424682830950982637e-01 -4.488007350075818441e-02
-1.423942757655660418e-01 -4.495944579769069194e-02
-1.423208682498708355e-01 -4.503894369088290439e-02
-1.422480588350466257e-01 -4.511856798417066688e-02
-1.421758458293954641e-01 -4.519831948421421802e-02
-1.421042275623843054e-01 -4.527819900054221025e-02
-1.420332023845444769e-01 -4.535820734559611184e-02
-1.419627686673741451e-01 -4.543834533477464355e-02
-1.418929248032430313e-01 -4.551861378647917289e-02
-1.418236692052996795e-01 -4.559901352215962878e-02
-1.417550003073818066e-01 -4.567954536636043700e-02
-1.416869165639165762e-01 -4.576021014676358301e-02
-1.416194164409381728e-01 -4.584100869135572520e-02
-1.415524984237886696e-01 -4.592194183096893340e-02
-1.414861610244573520e-01 -4.600301040173687683e-02
-1.414204027748353631e-01 -4.608421524299376182e-02
-1.413552222266208913e-01 -4.616555719731623569e-02
-1.412906179512270488e-01 -4.624703711056499245e-02
-1.412265885396913334e-01 -4.632865583192740527e-02
-1.411631326025875321e-01 -4.641041421396022160e-02
-1.411002487699396235e-01 -4.649231311263293115e-02
-1.410379356911377613e-01 -4.657435338737101610e-02
-1.409761920348567288e-01 -4.665653590110010324e-02
-1.409150164889758083e-01 -4.673886152029056718e-02
-1.408544077605015377e-01 -4.682133111500201561e-02
-1.407943645754921591e-01 -4.690394555892875988e-02
-1.407348856789840119e-01 -4.698670572944578516e-02
-1.406759698349205612e-01 -4.706961250765451937e-02
-1.406176158260831754e-01 -4.715266677842978871e-02
-1.405598224540239027e-01 -4.723586943046711312e-02
-1.405025885390006612e-01 -4.731922135633005039e-02
-1.404459129198635803e-01 -4.740272345248144892e-02
-1.403897944474793158e-01 -4.748637661712818564e-02
-1.403342319915776848e-01 -4.757018175258737741e-02
-1.402792244440840830e-01 -4.765413976648825989e-02
-1.402247707150816036e-01 -4.773825157048019324e-02
-1.401708697327448683e-01 -4.782251808027782047e-02
-1.401175204432757448e-01 -4.790694021570689881e-02
-1.400647218108407588e-01 -4.799151890075003396e-02
-1.400124728175104194e-01 -4.807625506359321232e-02
-1.399607724631999617e-01 -4.816114963667293691e-02
-1.399096197656121976e-01 -4.824620355672312039e-02
-1.398590137601821159e-01 -4.833141776482303975e-02
-1.398089535000227868e-01 -4.841679320644565188e-02
-1.397594380558736249e-01 -4.850233083150588126e-02
-1.397104665160500969e-01 -4.858803159440991393e-02
-1.396620379863950101e-01 -4.867389645410493543e-02
-1.396141515902320496e-01 -4.875992637412886882e-02
-1.395668064683204534e-01 -4.884612232266104248e-02
-1.395200017788119085e-01 -4.893248527257320485e-02
-1.394737366972088055e-01 -4.901901620148125388e-02
-1.394280104162080591e-01 -4.910571609175588131e-02
-1.393828221379741217e-01 -4.919258592786125706e-02
-1.393381710773799464e-01 -4.927962669753864489e-02
-1.392940564649433333e-01 -4.936683939289585044e-02
-1.392504775434163788e-01 -4.945422500925626685e-02
-1.392074335674376440e-01 -4.954178454508256779e-02
-1.391649238361894469e-01 -4.962951901366964569e-02
-1.391229476766974171e-01 -4.971742943734323156e-02
-1.390815044310882986e-01 -4.980551684300267568e-02
-1.390405934695893297e-01 -4.989378226684450246e-02
-1.390002141919773337e-01 -4.998222675498977668e-02
-1.389603659721023454e-01 -5.007085134360722556e-02
-1.389210481901662908e-01 -5.015965707047496253e-02
-1.388822602538277717e-01 -5.024864498264235146e-02
-1.388440015780792181e-01 -5.033781612923950849e-02
-1.388062715828714266e-01 -5.042717156064462081e-02
-1.387690697124702999e-01 -5.051671233555153628e-02
-1.387323954199338738e-01 -5.060643951540096802e-02
-1.386962481573432993e-01 -5.069635416084534996e-02
-1.386606273805679745e-01 -5.078645733349394092e-02
-1.384259908939912131e-01 -5.142255224193489904e-02
-1.383945677583686695e-01 -5.151420379951614920e-02
-1.383636674215331097e-01 -5.160605387976453795e-02
-1.383332896078846852e-01 -5.169810364334236075e-02
-1.383034340453259958e-01 -5.179035425264433973e-02
-1.382741004605052004e-01 -5.188280687003039154e-02
-1.382452885885394611e-01 -5.197546266148093258e-02
-1.382169981884376897e-01 -5.206832280244241828e-02
-1.381892290237900778e-01 -5.216138847063227918e-02
-1.381619808651148862e-01 -5.225466084694822821e-02
-1.381352535098298029e-01 -5.234814112306665490e-02
-1.381090467612304251e-01 -5.244183049356605786e-02
-1.380833603964315981e-01 -5.253573014375628042e-02
-1.380581942214638980e-01 -5.262984127058871475e-02
-1.380335480697647554e-01 -5.272416508219261722e-02
-1.380094217892260944e-01 -5.281870279302586235e-02
-1.379858152547767391e-01 -5.291345562875889030e-02
-1.379627283848518515e-01 -5.300842483270937905e-02
-1.379401611089647595e-01 -5.310361165352647794e-02
-1.379181133680206783e-01 -5.319901734535872201e-02
-1.378965851176574553e-01 -5.329464316919352296e-02
-1.378755763253056710e-01 -5.339049039177899691e-02
-1.378550869669549483e-01 -5.348656028441917121e-02
-1.378351170347582588e-01 -5.358285412596806851e-02
-1.378156665371439438e-01 -5.367937320293916098e-02
-1.377967354988137161e-01 -5.377611880957183788e-02
-1.377783239607425769e-01 -5.387309224789846307e-02
-1.377604319801800925e-01 -5.397029482781167536e-02
-1.377430596306536692e-01 -5.406772786713309742e-02
-1.377262070019729667e-01 -5.416539269168235693e-02
-1.377098742002365317e-01 -5.426329063534741232e-02
-1.376940613478395969e-01 -5.436142304015485066e-02
-1.376787685834838237e-01 -5.445979125634168444e-02
-1.376639960621882097e-01 -5.455839664242784215e-02
-1.376497439553024393e-01 -5.465724056528901281e-02
-1.376360124505207894e-01 -5.475632440023087133e-02
-1.376228017518986713e-01 -5.485564953106369934e-02
-1.376101120798700062e-01 -5.495521735017833836e-02
-1.375979436712666537e-01 -5.505502925862225394e-02
-1.375862967793392844e-01 -5.515508666617706390e-02
-1.375751716776668909e-01 -5.525539099299806717e-02
-1.375645686568427173e-01 -5.535594366836447261e-02
-1.375544880177304863e-01 -5.545674612803234982e-02
-1.375449300778645301e-01 -5.555779981686621155e-02
-1.375358951715164035e-01 -5.565910618893595702e-02
-1.375273836497130364e-01 -5.576066670759556587e-02
-1.375193958802571059e-01 -5.586248284556264571e-02
-1.375119322477494632e-01 -5.596455608499848605e-02
-1.375049931536132808e-01 -5.606688791758978468e-02
-1.374985790161200594e-01 -5.616947984463086657e-02
-1.374926902704176335e-01 -5.627233337710747102e-02
-1.374873273685602026e-01 -5.637545003578087882e-02
-1.374824907795398621e-01 -5.647883135127355209e-02
-1.374781809893203810e-01 -5.658247886415596756e-02
-1.374743985008728686e-01 -5.668639412503392871e-02
-1.374711438342129388e-01 -5.679057869463745301e-02
-1.374684175264401786e-01 -5.689503414391052644e-02
-1.374662201317791987e-01 -5.699976205410213492e-02
-1.374645522216227378e-01 -5.710476401685801034e-02
-1.374634143845764322e-01 -5.721004163431378520e-02
-1.374628072329526218e-01 -5.731559652187757925e-02
-1.374627313955951169e-01 -5.742143030533215786e-02
-1.374631875103717316e-01 -5.752754461776575512e-02
-1.374641762328453198e-01 -5.763394110325133907e-02
-1.374656982363216262e-01 -5.774062141694330519e-02
-1.374677542118875051e-01 -5.784758722517144292e-02
-1.374703448684516938e-01 -5.795484020553585275e-02
-1.374734709327879723e-01 -5.806238204700295280e-02
-1.374771331495800997e-01 -5.817021445000310209e-02
-1.374813322814698036e-01 -5.827833912652941040e-02
-1.374860691091063791e-01 -5.838675780023822037e-02
-1.374913444311992305e-01 -5.849547220655029744e-02
-1.374971590645720498e-01 -5.860448409275399034e-02
-1.375035138442198823e-01 -5.871379521810943941e-02
-1.375104096233679685e-01 -5.882340735395456821e-02
-1.375178472735333335e-01 -5.893332228381183147e-02
-1.375258276845880701e-01 -5.904354180349684345e-02
-1.375343517648256186e-01 -5.915406772122870638e-02
-1.375434204410284911e-01 -5.926490185774081071e-02
-1.375530346585426278e-01 -5.937604604639557665e-02
-1.375631953914070449e-01 -5.948750213764809197e-02
-1.375739036289136130e-01 -5.959927199334561637e-02
-1.375851603688215408e-01 -5.971135748385331121e-02
-1.375969666281648962e-01 -5.982376049279733432e-02
-1.376093234433087287e-01 -5.993648291717525167e-02
-1.376222318700084934e-01 -6.004952666746885687e-02
-1.376356929834721410e-01 -6.016289366775838532e-02
-1.376497078784251205e-01 -6.027658585583874074e-02
-1.376642776691787418e-01 -6.039060518333697752e-02
-1.376794034897005359e-01 -6.050495361583185794e-02
-1.376950864936881125e-01 -6.061963313297550476e-02
-1.377113278546462094e-01 -6.073464572861608790e-02
-1.377281287659654629e-01 -6.084999341092288405e-02
-1.377454904410052028e-01 -6.096567820251295317e-02
-1.377634141131784673e-01 -6.108170214057993125e-02
-1.377819010360399610e-01 -6.119806727702399585e-02
-1.378009524833769817e-01 -6.131477567858432259e-02
-1.378205697493030124e-01 -6.143182942697343607e-02
-1.378407541483542553e-01 -6.154923061901281661e-02
-1.378615070156656019e-01 -6.166698136680527631e-02
-1.378828297206138587e-01 -6.178508380394314575e-02
-1.379047236462532799e-01 -6.190354007642498435e-02
-1.379271901852615334e-01 -6.202235234090038019e-02
-1.379502307517719573e-01 -6.214152277005188102e-02
-1.379738467814553837e-01 -6.226105355272999742e-02
-1.379980397316059038e-01 -6.238094689409133531e-02
-1.380228110812300180e-01 -6.250120501573835918e-02
-1.380481623311394512e-01 -6.262183015586197943e-02
-1.380740950040477977e-01 -6.274282456938573560e-02
-1.381006106446702741e-01 -6.286419052811276220e-02
-1.381277108198274428e-01 -6.298593032087519694e-02
-1.381553971185527085e-01 -6.310804625368537923e-02
-1.381836711522024808e-01 -6.323054064988981038e-02
-1.382125345545710260e-01 -6.335341585032541745e-02
-1.382419889820080683e-01 -6.347667421347837069e-02
-1.382720361135402476e-01 -6.360031811564474669e-02
-1.383026776509958811e-01 -6.372434995109407807e-02
-1.383339153191336657e-01 -6.384877213223569270e-02
-1.383657508657744617e-01 -6.397358708978646835e-02
-1.383981860622899573e-01 -6.409879727310553721e-02
-1.384312227250027727e-01 -6.422440516023329715e-02
-1.384648626794982018e-01 -6.435041324150095332e-02
-1.384991077604534881e-01 -6.447682401950505238e-02
-1.385339598270766415e-01 -6.460364001636091646e-02
-1.385694207632135744e-01 -6.473086377386715051e-02
-1.386054924774580976e-01 -6.485849785367345244e-02
-1.386421769032681606e-01 -6.498654483745111565e-02
-1.386794759990855885e-01 -6.511500732706708428e-02
-1.387173917484617602e-01 -6.524388794476028430e-02
-1.387559261601866156e-01 -6.537318933332153525e-02
-1.387950812684234647e-01 -6.550291415627640390e-02
-1.388348591328478487e-01 -6.563306509807149969e-02
-1.388752618387912308e-01 -6.576364486426304612e-02
-1.389162914973892105e-01 -6.589465618170940731e-02
-1.389579502457345128e-01 -6.602610179876677865e-02
-1.390002402470345289e-01 -6.615798448548737554e-02
-1.390431636907732693e-01 -6.629030703382143841e-02
-1.390867227928782868e-01 -6.642307225782267954e-02
-1.391309197958916777e-01 -6.655628299385611679e-02
-1.391757569701093378e-01 -6.668994210127160427e-02
-1.392212366428363102e-01 -6.682405247657841052e-02
-1.392673611452000526e-01 -6.695861702812375138e-02
-1.393141328190006245e-01 -6.709363867942855220e-02
-1.393615540345858883e-01 -6.722912037787451278e-02
-1.394096271909872620e-01 -6.736506509490665373e-02
-1.394583547160625492e-01 -6.750147582623954035e-02
-1.395077390666440431e-01 -6.763835559206760051e-02
-1.395577827286933748e-01 -6.777570743727981406e-02
-1.396084882174625785e-01 -6.791353443167789938e-02
-1.396598580776608478e-01 -6.805183967019894087e-02
-1.397118948836278129e-01 -6.819062627314208258e-02
-1.397646012395128423e-01 -6.832989738639963506e-02
-1.398179797794603108e-01 -6.846965618169155443e-02
-1.398720331678010020e-01 -6.860990585680491749e-02
-1.399267640992498396e-01 -6.875064963583779609e-02
-1.399821752991090296e-01 -6.889189076944618462e-02
-1.400382695234778929e-01 -6.903363253509657571e-02
-1.400950495594684708e-01 -6.917587823732244956e-02
-1.401525182254267643e-01 -6.931863120798445466e-02
-1.402106783732186557e-01 -6.946189480755547707e-02
-1.402695329252277301e-01 -6.960567244364231076e-02
-1.403290848014596415e-01 -6.974996753506645941e-02
-1.403893369361997046e-01 -6.989478352017378104e-02
-1.404502922974379397e-01 -7.004012386660576905e-02
-1.405119538870472640e-01 -7.018599207155307163e-02
-1.405743247409704799e-01 -7.033239166201385451e-02
-1.406374079294140933e-01 -7.047932619505774265e-02
-1.407012065570507620e-01 -7.062679925809527137e-02
-1.407657237632303215e-01 -7.077481446915248608e-02
-1.408309627221976945e-01 -7.092337547715099610e-02
-1.408969266433193757e-01 -7.107248596219359338e-02
-1.409636187713179944e-01 -7.122214963585589420e-02
-1.410310423865143992e-01 -7.137237024148231079e-02
-1.410992008050776514e-01 -7.152315155448875361e-02
-1.411680973792834026e-01 -7.167449738267092640e-02
-1.412377354977793209e-01 -7.182641156651724257e-02
-1.413081185858589828e-01 -7.197889797952862490e-02
-1.413792501057433704e-01 -7.213196052854389806e-02
-1.414511335568699457e-01 -7.228560315406999670e-02
-1.415237724809569886e-01 -7.243982983305936874e-02
-1.415971705172004436e-01 -7.259464460741475722e-02
-1.416713312841468841e-01 -7.275005152376425033e-02
-1.417462584158854233e-01 -7.290605465202330826e-02
-1.418219555872303472e-01 -7.306265809846443360e-02
-1.418984265139356105e-01 -7.321986600602965745e-02
-1.419756749529208495e-01 -7.337768255464968692e-02
-1.420537047025074995e-01 -7.353611196157058827e-02
-1.421325196026664295e-01 -7.369515848168782524e-02
-1.422121235352767910e-01 -7.385482640788808284e-02
-1.422925204243948305e-01 -7.401512007139740557e-02
-1.423737142365342490e-01 -7.417604384213798141e-02
-1.424557089809574406e-01 -7.433760212909225340e-02
-1.425385087099767523e-01 -7.449979938067383123e-02
-1.426221175192672885e-01 -7.466264008510693773e-02
-1.427065395481902643e-01 -7.482612877081361302e-02
-1.427917789801265713e-01 -7.499027000680763555e-02
-1.428778400428213080e-01 -7.515506840309721381e-02
-1.429647270087394950e-01 -7.532052861109568564e-02
-1.430524441954311721e-01 -7.548665532403900369e-02
-1.431409959687647004e-01 -7.565345327892211702e-02
-1.432303867655053686e-01 -7.582092726869243959e-02
-1.433206210414482151e-01 -7.598908211508689781e-02
-1.434117032910427747e-01 -7.615792267917255443e-02
-1.435036380566374337e-01 -7.632745386646631880e-02
-1.435964299288565449e-01 -7.649768062737785645e-02
-1.436900835469897275e-01 -7.666860795766090864e-02
-1.437846035993920746e-01 -7.684024089887372955e-02
-1.438799948238966842e-01 -7.701258453884843314e-02
-1.439762620082393474e-01 -7.718564401216967963e-02
-1.440734099904936449e-01 -7.735942450066135567e-02
-1.441714436595187276e-01 -7.753393123388327424e-02
-1.442703679554184215e-01 -7.770916948963708937e-02
-1.443701878700116292e-01 -7.788514459448037108e-02
-1.444709084473141114e-01 -7.806186192425085268e-02
-1.445725347855867648e-01 -7.823932690544121993e-02
-1.446750720575434024e-01 -7.841754502642736546e-02
-1.447785254674812672e-01 -7.859652181455795139e-02
-1.448829002653659048e-01 -7.877626284399363854e-02
-1.449882017571400283e-01 -7.895677374156177819e-02
-1.450944353051738800e-01 -7.913806018728784808e-02
-1.452016063287306646e-01 -7.932012791493786574e-02
-1.453097203044461661e-01 -7.950298271257211224e-02
-1.454187827668249056e-01 -7.968663042311001365e-02
-1.455287993087492071e-01 -7.987107694490655496e-02
-1.456397755820043327e-01 -8.005632823234049011e-02
-1.457517172978186615e-01 -8.024239029641379306e-02
-1.458646302274172468e-01 -8.042926920536262736e-02
-1.459785202025913609e-01 -8.061697108528050049e-02
-1.460933931162823607e-01 -8.080550212075325589e-02
-1.462092549242650918e-01 -8.099486855610640856e-02
-1.463261116714282828e-01 -8.118507671030947281e-02
-1.464439694415155258e-01 -8.137613294948492504e-02
-1.465628343680594470e-01 -8.156804369321507542e-02
-1.466827126504107737e-01 -8.176081542374641353e-02
-1.468036105542815384e-01 -8.195445468663241362e-02
-1.469255344123069351e-01 -8.214896809138952372e-02
-1.470484906246267154e-01 -8.234436231216865631e-02
-1.471724856594852082e-01 -8.254064408844108414e-02
-1.472975260538510189e-01 -8.273782022569857453e-02
-1.474236184140541861e-01 -8.293589759616822044e-02
-1.475507694164436279e-01 -8.313488313954259246e-02
-1.476789858080621576e-01 -8.333478386372439317e-02
-1.478082744073414834e-01 -8.353560684558623828e-02
-1.479386421048141387e-01 -8.373735923174524531e-02
-1.480700958644746157e-01 -8.394004823970985241e-02
-1.482026427591814355e-01 -8.414368117836232286e-02
-1.483362899096883070e-01 -8.434826541382642318e-02
-1.484710444883327318e-01 -8.455380837184167664e-02
-1.486069137455137690e-01 -8.476031755315596716e-02
-1.487439050103391558e-01 -8.496780053430069701e-02
-1.488820256912977424e-01 -8.517626496838567873e-02
-1.490212832769568230e-01 -8.538571858591301189e-02
-1.491616853366829754e-01 -8.559616919560822379e-02
-1.493032395213886310e-01 -8.580762468527190767e-02
-1.494459535643030135e-01 -8.602009302265029023e-02
-1.495898352817665589e-01 -8.623358225632384022e-02
-1.497348925740505377e-01 -8.644810051661647177e-02
-1.498811334262003803e-01 -8.666365601652376016e-02
-1.500285659089042600e-01 -8.688025705266066989e-02
-1.501771981795648747e-01 -8.709791200633383579e-02
-1.503270385281088861e-01 -8.731662937060553908e-02
-1.504780953073534266e-01 -8.753641771044501363e-02
-1.506303769199894560e-01 -8.775728565549861804e-02
-1.507838918619961444e-01 -8.797924192571954238e-02
-1.509386487234084806e-01 -8.820229533230589114e-02
-1.510946561891172990e-01 -8.842645477866357961e-02
-1.512519230397014747e-01 -8.865172926139280873e-02
-1.514104581522930648e-01 -8.887812787130024150e-02
-1.515702705014751461e-01 -8.910565979443652029e-02
-1.517313691602110437e-01 -8.933433431315743189e-02
-1.518937633008065891e-01 -8.956416080721146811e-02
-1.520574621959045747e-01 -8.979514875485336556e-02
-1.522224752195102393e-01 -9.002730773398123776e-02
-1.523888118480496157e-01 -9.026064742330136559e-02
-1.525564816614590757e-01 -9.049517760351824536e-02
-1.527254943934344411e-01 -9.073090818773582589e-02
-1.528958598678244740e-01 -9.096784918438827194e-02
-1.530675879572808151e-01 -9.120601067309566656e-02
-1.532406886463020534e-01 -9.144540284259555785e-02
-1.534151720321859924e-01 -9.168603599190537634e-02
-1.535910483260173320e-01 -9.192792053151188636e-02
-1.537683278536968734e-01 -9.217106698459255620e-02
-1.539470210570136888e-01 -9.241548598827019345e-02
-1.541271384947580092e-01 -9.266118829489870812e-02
-1.543086908438770499e-01 -9.290818477338295966e-02
-1.544916889006729965e-01 -9.315648641053196621e-02
-1.546761435820409591e-01 -9.340610431244369960e-02
-1.548620659267499755e-01 -9.365704970592485246e-02
-1.550494670967653421e-01 -9.390933393994436995e-02
-1.552383583786104970e-01 -9.416296848711926126e-02
-1.554287512511935143e-01 -9.441796498558488460e-02
-1.556206573208588351e-01 -9.467433520045762108e-02
-1.558140882176987374e-01 -9.493209096134537506e-02
-1.560090557073536832e-01 -9.519124423078482999e-02
-1.562055716927994997e-01 -9.545180710605843943e-02
-1.564036482154950447e-01 -9.571379182063062541e-02
-1.566032974565856328e-01 -9.597721074562737265e-02
-1.568045317381663029e-01 -9.624207639136053705e-02
-1.570073635246021782e-01 -9.650840140889671570e-02
-1.572118054239058371e-01 -9.677619859166927685e-02
-1.574178701891724153e-01 -9.704548087713686655e-02
-1.576255707200719947e-01 -9.731626134848622711e-02
-1.578349200643990313e-01 -9.758855323638145063e-02
-1.580459314196774323e-01 -9.786236992075701691e-02
-1.582586181348234755e-01 -9.813772493265875141e-02
-1.584729937377924447e-01 -9.841463197223226933e-02
-1.586890719216540735e-01 -9.869310490100946520e-02
-1.589068664827480715e-01 -9.897315770427594916e-02
-1.591263913776040928e-01 -9.925480452718224433e-02
-1.593476607257845734e-01 -9.953805967738732496e-02
-1.595706888116694977e-01 -9.982293762705882201e-02
-1.597954900863039762e-01 -1.001094530149252704e-01
-1.600220791693082734e-01 -1.003976206483787881e-01
-1.602504708508518116e-01 -1.006874555056320175e-01
-1.604806800936892097e-01 -1.009789727379276636e-01
-1.607127220352602970e-01 -1.012721876718007535e-01
-1.609466119906374226e-01 -1.015671158118912898e-01
-1.611823654922719673e-01 -1.018637728670310355e-01
-1.614199982208145978e-01 -1.021621747076137676e-01
-1.616595260158740499e-01 -1.024623373732524018e-01
-1.619009649068946233e-01 -1.027642770932690186e-01
-1.621443311152181432e-01 -1.030680102890405292e-01
-1.623896410562273851e-01 -1.033735535764111341e-01
-1.626369113415685463e-01 -1.036809237681688700e-01
-1.628861587814561807e-01 -1.039901378765910045e-01
-1.631374003870584288e-01 -1.043012131160568623e-01
-1.633906533729609367e-01 -1.046141669057257251e-01
-1.636459351597119305e-01 -1.049290168722851052e-01
-1.639032633860308674e-01 -1.052457808589212090e-01
-1.641626559480296732e-01 -1.055644769517299075e-01
-1.644241308864501927e-01 -1.058851234084765697e-01
-1.646877064497819787e-01 -1.062077387001572615e-01
-1.649534011110813936e-01 -1.065323415230125109e-01
-1.652212335704635326e-01 -1.068589508013726153e-01
-1.654912227577004236e-01 -1.071875856905892682e-01
-1.657633878349234757e-01 -1.075182655800518555e-01
-1.660377481994271820e-01 -1.078510100962892931e-01
-1.663143234865780418e-01 -1.081858391061591568e-01
-1.665931335728253471e-01 -1.085227727201231451e-01
-1.668741985788152749e-01 -1.088618312956109863e-01
-1.671575389083341523e-01 -1.092030354638116180e-01
-1.674431752377072147e-01 -1.095464061242745896e-01
-1.677311284067371233e-01 -1.098919643749478314e-01
-1.680214195166000735e-01 -1.102397315773914477e-01
-1.683140699359791936e-01 -1.105897293622542799e-01
-1.686091013040760256e-01 -1.109419796327351243e-01
-1.689065355337563967e-01 -1.112965045681528486e-01
-1.692063948148338492e-01 -1.116533266276301811e-01
-1.695087016174882666e-01 -1.120124685538896880e-01
-1.698134786958173104e-01 -1.123739533771607457e-01
-1.701207490915243037e-01 -1.127378044192020867e-01
-1.704305361385001771e-01 -1.131040452979433092e-01
-1.707428635554700813e-01 -1.134726999906823935e-01
-1.710577552944202440e-01 -1.138437927352792950e-01
-1.713752355404616068e-01 -1.142173480314233047e-01
-1.716953287959230856e-01 -1.145933906981194961e-01
-1.720180598838298991e-01 -1.149719458777781339e-01
-1.723434539515653618e-01 -1.153530390404512024e-01
-1.726715364747109793e-01 -1.157366959882145385e-01
-1.730023332610674258e-01 -1.161229428596990410e-01
-1.733358704548516871e-01 -1.165118061347675815e-01
-1.736721745410744477e-01 -1.169033126393435457e-01
-1.740112723500946978e-01 -1.172974895503893500e-01
-1.743531910809884289e-01 -1.176943644136157902e-01
-1.746979584095273152e-01 -1.180939652185274413e-01
-1.750456022042536364e-01 -1.184963202087960105e-01
-1.753961506680577487e-01 -1.189014579794589466e-01
-1.757496323863703136e-01 -1.193094075115411906e-01
-1.761060763314556410e-01 -1.197201981771161688e-01
-1.764655118669415101e-01 -1.201338597445580358e-01
-1.768279687525899646e-01 -1.205504223839913847e-01
-1.771934771493033356e-01 -1.209699166729357594e-01
-1.775620676243693241e-01 -1.213923736021479405e-01
-1.779337711569377589e-01 -1.218178245816609884e-01
-1.783086191437359691e-01 -1.222463014470243775e-01
-1.786866434774538326e-01 -1.226778365154767708e-01
-1.790678765543035900e-01 -1.231124625938846140e-01
-1.794523509863905630e-01 -1.235502127835007569e-01
-1.798400998329625633e-01 -1.239911206408034205e-01
-1.802311566175326396e-01 -1.244352201918457884e-01
-1.806255553333189212e-01 -1.248825459386344178e-01
-1.810233304490009298e-01 -1.253331328657671107e-01
-1.814245169147885861e-01 -1.257870164473289809e-01
-1.818291501688000522e-01 -1.262442326540453297e-01
-1.822372661437530184e-01 -1.267048179606987401e-01
-1.826489012739649920e-01 -1.271688093538087261e-01
-1.830640925027277877e-01 -1.276362443396205082e-01
-1.834828773354406362e-01 -1.281071609840951364e-01
-1.839052937749921790e-01 -1.285815978708907403e-01
-1.843313803124928540e-01 -1.290595940977273814e-01
-1.847611759852996749e-01 -1.295411893198873954e-01
-1.851947203852987167e-01 -1.300264237591408356e-01
-1.856320536675165889e-01 -1.305153382129589645e-01
-1.860732165590555098e-01 -1.310079740640172907e-01
-1.865182503696370397e-01 -1.315043732908941221e-01
-1.869671970288465102e-01 -1.320045784976929260e-01
-1.874200990319848381e-01 -1.325086328792790258e-01
-1.878769994719238778e-01 -1.330165802470962833e-01
-1.883379420689625938e-01 -1.335284650537659212e-01
-1.888029711806970268e-01 -1.340443324036825479e-01
-1.892721318122853047e-01 -1.345642280639593180e-01
-1.897454696271117514e-01 -1.350881984757303922e-01
-1.902230309638961447e-01 -1.356162907701227716e-01
-1.907048628813508839e-01 -1.361485528040071724e-01
-1.911910130676472142e-01 -1.366850330993774898e-01
-1.916815299081692514e-01 -1.372257808955230640e-01
-1.921764625139757987e-01 -1.377708461734461209e-01
-1.926758607333549922e-01 -1.383202796683246083e-01
-1.931797751638786032e-01 -1.388741328824163179e-01
-1.936882571649598539e-01 -1.394324580984087625e-01
-1.942013588880765751e-01 -1.399953084055932662e-01
-1.947191333128696911e-01 -1.405627377304746461e-01
-1.952416341299799407e-01 -1.411348007568212215e-01
-1.957689158485183822e-01 -1.417115530076338559e-01
-1.963010338207413774e-01 -1.422930508677567041e-01
-1.968380442555699439e-01 -1.428793515985525564e-01
-1.973800042327604753e-01 -1.434705133531489485e-01
-1.979269717177176702e-01 -1.440665951922507348e-01
-1.984790056620540089e-01 -1.446676571625575836e-01
-1.990361659805816030e-01 -1.452737602856137011e-01
-1.995985132721217470e-01 -1.458849663592925727e-01
-2.001661091132538872e-01 -1.465013381769480205e-01
-2.007390160818267322e-01 -1.471229395502947068e-01
-2.013172977697380017e-01 -1.477498353245720319e-01
-2.019010187968290626e-01 -1.483820913946232722e-01
-2.024902448258866505e-01 -1.490197747218926227e-01
-2.030850428761619975e-01 -1.496629535715215675e-01
-2.036854809218134055e-01 -1.503116972236727411e-01
-2.042916275668398562e-01 -1.509660757389601482e-01
-2.049035526142341523e-01 -1.516261603836284999e-01
-2.055213270741959586e-01 -1.522920236425566731e-01
-2.061450231720749759e-01 -1.529637392321316625e-01
-2.067747143585261238e-01 -1.536413821148372438e-01
-2.074104753208889373e-01 -1.543250285148362044e-01
-2.080523819025303089e-01 -1.550147558650717405e-01
-2.087005113089228647e-01 -1.557106429678287718e-01
-2.093549421048367665e-01 -1.564127700005181476e-01
-2.100157541433076702e-01 -1.571212184704258441e-01
-2.106830285924953250e-01 -1.578360712423878820e-01
-2.113568479644233056e-01 -1.585574125680657143e-01
-2.120372961455897209e-01 -1.592853281168269963e-01
-2.127244584160582763e-01 -1.600199049981755883e-01
-2.134184213136938180e-01 -1.607612316676768627e-01
-2.141192731000255145e-01 -1.615093982858760158e-01
-2.148271036177523963e-01 -1.622644966206105432e-01
-2.155420042284121873e-01 -1.630266200091056716e-01
-2.162640678604792477e-01 -1.637958634033490624e-01
-2.169933888604664851e-01 -1.645723232663875990e-01
-2.177300633817583764e-01 -1.653560978761128564e-01
-2.184741893760549225e-01 -1.661472873292756391e-01
-2.192258665367081416e-01 -1.669459935088476732e-01
-2.199851962857131971e-01 -1.677523200843529516e-01
-2.207522818237099838e-01 -1.685663725602652152e-01
-2.215272279871714489e-01 -1.693882581773184515e-01
-2.223101417091571386e-01 -1.702180862750954093e-01
-2.231011320077161963e-01 -1.710559682953662064e-01
-2.239003098213295240e-01 -1.719020176679563749e-01
-2.247077880696050911e-01 -1.727563498687983146e-01
-2.255236816427540203e-01 -1.736190824235730734e-01
-2.263481072897912116e-01 -1.744903348332509374e-01
-2.271811844599874175e-01 -1.753702292348203184e-01
-2.280230348178110822e-01 -1.762588900419657656e-01
-2.288737822179003345e-01 -1.771564439388246537e-01
-2.297335527800315746e-01 -1.780630199511332723e-01
-2.306024739708655291e-01 -1.789787487470139160e-01
-2.314806761180177586e-01 -1.799037638223830726e-01
-2.323682938428189293e-01 -1.808382026326707803e-01
-2.332654638893068288e-01 -1.817822049252609262e-01
-2.341723252489490426e-01 -1.827359128497384466e-01
-2.350890192918018151e-01 -1.836994710739967285e-01
-2.360156897665764142e-01 -1.846730267986481655e-01
-2.369524833476337466e-01 -1.856567302000105835e-01
-2.378995495767894652e-01 -1.866507344017976355e-01
-2.388570409134888883e-01 -1.876551955316371201e-01
-2.398251128848032654e-01 -1.886702728564910447e-01
-2.408039246298010472e-01 -1.896961292297650314e-01
-2.417936389331594438e-01 -1.907329311390502935e-01
-2.427944206573353914e-01 -1.917808474891865012e-01
-2.438064385253423949e-01 -1.928400510255514066e-01
-2.448298638556035689e-01 -1.939107173547826857e-01
-2.458648743375283496e-01 -1.949930279552145318e-01
-2.469116480225122257e-01 -1.960871654410743237e-01
-2.479703678402657152e-01 -1.971933171582647415e-01
-2.490412217570472098e-01 -1.983116753388352860e-01
-2.501244001730180133e-01 -1.994424350551172176e-01
-2.512200973847713015e-01 -2.005857954030146884e-01
-2.523285129188636566e-01 -2.017419605916406233e-01
-2.534498518833632752e-01 -2.029111402554673871e-01
-2.545843199681859237e-01 -2.040935454789215564e-01
-2.557321279399314418e-01 -2.052893924104762513e-01
-2.568934928566323772e-01 -2.064989032692315374e-01
-2.580686368519141127e-01 -2.077223054030623572e-01
-2.592577860606761764e-01 -2.089598304530623507e-01
-2.604611726250207759e-01 -2.102117159971023386e-01
-2.616790330353282457e-01 -2.114782042447294064e-01
-2.629116087334202323e-01 -2.127595425519676064e-01
-2.641591249452645562e-01 -2.140559662988913980e-01
