-3.398369763910220054e-01 -1.052755799831945130e-02
-3.381286888537846091e-01 -1.072911831993115551e-02
-3.364396483463271137e-01 -1.092874457505796544e-02
-3.347695767745004769e-01 -1.112647108347035278e-02
-3.331181744928160549e-01 -1.132233059368691758e-02
-3.314851481475837858e-01 -1.151635516923421934e-02
-3.298702091809981307e-01 -1.170857615927659023e-02
-3.282730759422177180e-01 -1.189902429323070471e-02
-3.266934726356346963e-01 -1.208772966789126331e-02
-3.251311278936545035e-01 -1.227472171562745198e-02
-3.235857781006147293e-01 -1.246002934907911204e-02
-3.220571661486824055e-01 -1.264368094153210144e-02
-3.205450383618861920e-01 -1.282570422837601455e-02
-3.190491433949693145e-01 -1.300612627516691336e-02
-3.175692375844290094e-01 -1.318497370859664404e-02
-3.161050826250371149e-01 -1.336227264722741372e-02
-3.146564437974057604e-01 -1.353804864543537573e-02
-3.132230903827712409e-01 -1.371232672509539556e-02
-3.118047973960566543e-01 -1.388513146784431038e-02
-3.104013453619369201e-01 -1.405648702655414722e-02
-3.090125151314200846e-01 -1.422641690746860588e-02
-3.076380952349835329e-01 -1.439494431551268695e-02
-3.062778772767802415e-01 -1.456209196425353042e-02
-3.049316573693067745e-01 -1.472788215678600028e-02
-3.035992341227539137e-01 -1.489233670410284628e-02
-3.022804103694402000e-01 -1.505547702040312651e-02
-3.009749932487449930e-01 -1.521732414330491390e-02
-2.996827935452016090e-01 -1.537789871611905737e-02
-2.984036255285713590e-01 -1.553722099326635547e-02
-2.971373068302542997e-01 -1.569531084689062064e-02
-2.958836586216436748e-01 -1.585218778908949189e-02
-2.946425050421914715e-01 -1.600787095418838152e-02
-2.934136730965032913e-01 -1.616237910426401858e-02
-2.921969925624716136e-01 -1.631573063481711258e-02
-2.909922958392158754e-01 -1.646794357662316466e-02
-2.897994183910762578e-01 -1.661903563107638634e-02
-2.886182013966007709e-01 -1.676902433565532688e-02
-2.874484874545686908e-01 -1.691792683274815148e-02
-2.862901215750622286e-01 -1.706575993408348049e-02
-2.851429514281013100e-01 -1.721254014483014974e-02
-2.840068272619721834e-01 -1.735828366863443467e-02
-2.828816020295617517e-01 -1.750300642515788610e-02
-2.817671317960561694e-01 -1.764672408580822069e-02
-2.806632747471707323e-01 -1.778945202261499395e-02
-2.795698914447836692e-01 -1.793120533261917393e-02
-2.784868447968044669e-01 -1.807199884487692421e-02
-2.774139999908230014e-01 -1.821184712494921393e-02
-2.763512246276114692e-01 -1.835076449236199350e-02
-2.752983888475188934e-01 -1.848876503819424713e-02
-2.742553647276133044e-01 -1.862586259371261724e-02
-2.732220264573249069e-01 -1.876207074973382585e-02
-2.721982502899307765e-01 -1.889740286122100488e-02
-2.711839144861699080e-01 -1.903187205110816113e-02
-2.701788995155467998e-01 -1.916549123214888670e-02
-2.691830878840853480e-01 -1.929827310289700462e-02
-2.681963639744326944e-01 -1.943023014380269517e-02
-2.672186139672491079e-01 -1.956137461853315468e-02
-2.662497258717307358e-01 -1.969171858300904771e-02
-2.652895894758612871e-01 -1.982127388858210756e-02
-2.643380965857827225e-01 -1.995005220680772309e-02
-2.633951407867090588e-01 -2.007806501883218492e-02
-2.624606172104284596e-01 -2.020532360420296963e-02
-2.615344226449154985e-01 -2.033183905522022855e-02
-2.606164554985894166e-01 -2.045762228037609903e-02
-2.597066157664396635e-01 -2.058268400778038437e-02
-2.588048049980205545e-01 -2.070703478858175461e-02
-2.579109262673068836e-01 -2.083068500039558096e-02
-2.570248842512663501e-01 -2.095364485945713090e-02
-2.561465852306089586e-01 -2.107592442672927627e-02
-2.552759368544666452e-01 -2.119753359441141349e-02
-2.544128482314714779e-01 -2.131848209873052000e-02
-2.535572299149113640e-01 -2.143877952419041832e-02
-2.527089938887859821e-01 -2.155843530783090392e-02
-2.518680535559784661e-01 -2.167745874360612127e-02
-2.510343237285397877e-01 -2.179585898689324203e-02
-2.502077203632998570e-01 -2.191364503665274924e-02
-2.493881600616394967e-01 -2.203082569555365675e-02
-2.485755611526193343e-01 -2.214740966889680238e-02
-2.477698432448993404e-01 -2.226340553087711657e-02
-2.469709271687140217e-01 -2.237882172415223830e-02
-2.461787349586666562e-01 -2.249366656287811808e-02
-2.453931898376092713e-01 -2.260794823576670748e-02
-2.446142162016070321e-01 -2.272167480917166790e-02
-2.438417395515276587e-01 -2.283485422510772578e-02
-2.430756861826499082e-01 -2.294749427611519899e-02
-2.423159836311482851e-01 -2.305960265073899937e-02
-2.415625605390109010e-01 -2.317118692525515014e-02
-2.408153465920923331e-01 -2.328225456185388856e-02
-2.400742725031606850e-01 -2.339281291092495246e-02
-2.393392699955907144e-01 -2.350286921333068907e-02
-2.386102717877124912e-01 -2.361243060266920990e-02
-2.378872115712099278e-01 -2.372150410687394462e-02
-2.371700238900498747e-01 -2.383009663972080264e-02
-2.364586442503691099e-01 -2.393821501516549960e-02
-2.357530091046771692e-01 -2.404586594936270957e-02
-2.350530558089147792e-01 -2.415305605982459927e-02
-2.343587226079150987e-01 -2.425979186732418399e-02
-2.336699486213697219e-01 -2.436607979778561070e-02
-2.329866738303001394e-01 -2.447192618416396681e-02
-2.323088390634224787e-01 -2.457733726825274412e-02
-2.316363859175415707e-01 -2.468231919539949290e-02
-2.309692567938019248e-01 -2.478687802129315998e-02
-2.303073949231890238e-01 -2.489101971775447425e-02
-2.296507443218399058e-01 -2.499475017100423122e-02
-2.289992497785664771e-01 -2.509807518325857592e-02
-2.283528568427811711e-01 -2.520100047431214629e-02
-2.277115118128223703e-01 -2.530353168311106141e-02
-2.270751617246817844e-01 -2.540567436931799247e-02
-2.264437543098869188e-01 -2.550743401135182123e-02
-2.258172379810258756e-01 -2.560881600737007976e-02
-2.251955618776704804e-01 -2.570982568308121177e-02
-2.245786758255209625e-01 -2.581046828979391070e-02
-2.239665303255965467e-01 -2.591074900575577114e-02
-2.233590765439684156e-01 -2.601067293750717463e-02
-2.227562663018272382e-01 -2.611024512122690072e-02
-2.221580520658788249e-01 -2.620947052407201008e-02
-2.215643869090128393e-01 -2.630835404194444699e-02
-2.209752244606115468e-01 -2.640690049584011601e-02
-2.203905190212481768e-01 -2.650511464774120418e-02
-2.198102254986666892e-01 -2.660300119540397884e-02
-2.192342993951840457e-01 -2.670056477311691726e-02
-2.186626967994125259e-01 -2.679780995293102111e-02
-2.180953743782871046e-01 -2.689474124589042586e-02
-2.175322893694015269e-01 -2.699136310326476912e-02
-2.169733995736459475e-01 -2.708767991778558010e-02
-2.164186633481547106e-01 -2.718369602488735631e-02
-2.158680395995573598e-01 -2.727941570395560691e-02
-2.153214877775363467e-01 -2.737484317958334065e-02
-2.147789678287633508e-01 -2.746998261773096403e-02
-2.142404399639627754e-01 -2.756483809763180665e-02
-2.137058650509405244e-01 -2.765941366364679799e-02
-2.131752044984156491e-01 -2.775371331262861327e-02
-2.126484202065189455e-01 -2.784774098948398710e-02
-2.121254745601675873e-01 -2.794150058815720802e-02
-2.116063304226721287e-01 -2.803499595261445959e-02
-2.110909511295767094e-01 -2.812823087782987883e-02
-2.105793004827287707e-01 -2.822120911077546576e-02
-2.100713427445836390e-01 -2.831393435141494122e-02
-2.095670426327393698e-01 -2.840641025370351305e-02
-2.090663653147039891e-01 -2.849864042659464719e-02
-2.085692763956951412e-01 -2.859062843406801752e-02
-2.080757417261578368e-01 -2.868237777025081300e-02
-2.075857276268736618e-01 -2.877389189153771107e-02
-2.070992009020568569e-01 -2.886517422019595214e-02
-2.066161287649834200e-01 -2.895622813577306345e-02
-2.061364788326068564e-01 -2.904705697588414945e-02
-2.056602191203493191e-01 -2.913766403699966090e-02
-2.051873180370687166e-01 -2.922805257523430553e-02
-2.047177443801986574e-01 -2.931822580713881743e-02
-2.042514673310660001e-01 -2.940818691049442921e-02
-2.037884564503818219e-01 -2.949793902511178151e-02
-2.033286816739077185e-01 -2.958748525363488063e-02
-2.028721133082968808e-01 -2.967682866235104786e-02
-2.024187219223134715e-01 -2.976597226659736042e-02
-2.019684783950954077e-01 -2.985491903888025378e-02
-2.015213540398178849e-01 -2.994367192842138301e-02
-2.010773205123804475e-01 -3.003223384916586108e-02
-2.006363498069720641e-01 -3.012060768041264699e-02
-2.001984142517788112e-01 -3.020879626744591914e-02
-1.997634865048216191e-01 -3.029680242216764921e-02
-1.993315395499290765e-01 -3.038462892373103991e-02
-1.989025466928414088e-01 -3.047227851917632194e-02
-1.984764815574471264e-01 -3.055975392406922592e-02
-1.980533180821517081e-01 -3.064705782314295843e-02
-1.976330305163791212e-01 -3.073419287094440386e-02
-1.972155933749563383e-01 -3.082116168588242347e-02
-1.968009813882263814e-01 -3.090796684339489064e-02
-1.963891696564858680e-01 -3.099461090113234812e-02
-1.959801335732357930e-01 -3.108109638819137044e-02
-1.955738488171828438e-01 -3.116742580494950496e-02
-1.951702913486785818e-01 -3.125360162357502386e-02
-1.947694374062624856e-01 -3.133962628853649568e-02
-1.943712635033053027e-01 -3.142550221711330055e-02
-1.939757464247543473e-01 -3.151123179990743955e-02
-1.935828632239793567e-01 -3.159681740135705796e-02
-1.931925912197205719e-01 -3.168226136025248385e-02
-1.928049079931374032e-01 -3.176756599025504224e-02
-1.924197913714712493e-01 -3.185273357818670104e-02
-1.920372193583560205e-01 -3.193776637337124302e-02
-1.916571702533357846e-01 -3.202266660826606770e-02
-1.912796226126118604e-01 -3.210743649299763885e-02
-1.909045552342726326e-01 -3.219207821384407336e-02
-1.905319471553392763e-01 -3.227659393365064217e-02
-1.901617776488885025e-01 -3.236098579224595123e-02
-1.897940262212561569e-01 -3.244525590685802541e-02
-1.894286726093191708e-01 -3.252940637253160655e-02
-1.890656967778558961e-01 -3.261343926254664516e-02
-1.887050789169862075e-01 -3.269735662883858918e-02
-1.883467994396895440e-01 -3.278116050242076140e-02
-1.879908389767412924e-01 -3.286485289334416249e-02
-1.876371783177053776e-01 -3.294843578116168903e-02
-1.872857984811054644e-01 -3.303191112790172107e-02
-1.869366807134928421e-01 -3.311528087877260718e-02
-1.865898064676080603e-01 -3.319854695914312148e-02
-1.862451573999099608e-01 -3.328171127488330910e-02
-1.859027153681677980e-01 -3.336477571270471398e-02
-1.855624624291145608e-01 -3.344774214050109939e-02
-1.852243808361624944e-01 -3.353061240768973744e-02
-1.848884530371800727e-01 -3.361338834555351734e-02
-1.845546616723308386e-01 -3.369607176758431660e-02
-1.842229895719740829e-01 -3.377866446982791260e-02
-1.838934197546159555e-01 -3.386116823122873459e-02
-1.835659353770889290e-01 -3.394358480513169629e-02
-1.832405197667049124e-01 -3.402591592577380863e-02
-1.829171564676944639e-01 -3.410816331758929898e-02
-1.825958292014994155e-01 -3.419032868860214652e-02
-1.822765218648135788e-01 -3.427241373073027647e-02
-1.819592185276777130e-01 -3.435442012009157914e-02
-1.816439034316292278e-01 -3.443634951731158744e-02
-1.813305609879071190e-01 -3.451820356783329158e-02
-1.810191757757111386e-01 -3.459998390222928516e-02
-1.807097325405162269e-01 -3.468169213651656896e-02
-1.804022161924412337e-01 -3.476332987247428286e-02
-1.800966118046725684e-01 -3.484489869796468520e-02
-1.797929046119424168e-01 -3.492640018725765710e-02
-1.794910800090614711e-01 -3.500783590135899542e-02
-1.791911235495061983e-01 -3.508920738834287595e-02
-1.788930209395611370e-01 -3.517051618280366693e-02
-1.785967579086173429e-01 -3.525176378083693524e-02
-1.783023203736208429e-01 -3.533295167270150694e-02
-1.780096944499319489e-01 -3.541408134569719313e-02
-1.777188663979085148e-01 -3.549515427425610492e-02
-1.774298226213233409e-01 -3.557617192017704932e-02
-1.771425496658219911e-01 -3.565713573286073690e-02
-1.768570342174203558e-01 -3.573804714954621070e-02
-1.765732631010426545e-01 -3.581890759554858666e-02
-1.762912232790992129e-01 -3.589971848449828584e-02
-1.760109018501044287e-01 -3.598048121858218873e-02
-1.757322860473353177e-01 -3.606119718878644104e-02
-1.754553632375285277e-01 -3.614186777514189625e-02
-1.751801209196190423e-01 -3.622249434697162596e-02
-1.749065467235177973e-01 -3.630307826314107394e-02
-1.746346284089295153e-01 -3.638362087231114539e-02
-1.743643538535213644e-01 -3.646412351095888044e-02
-1.740957109738400510e-01 -3.654458748722586026e-02
-1.738286878601654484e-01 -3.662501410946989583e-02
-1.735632727418955357e-01 -3.670540467961255771e-02
-1.732994539681840529e-01 -3.678576048956169048e-02
-1.730372200066837562e-01 -3.686608282140042131e-02
-1.727765594423209261e-01 -3.694637294757676521e-02
-1.725174609760992406e-01 -3.702663213109482626e-02
-1.722599134239361784e-01 -3.710686162570674823e-02
-1.720039057155292039e-01 -3.718706267610626115e-02
-1.717494268932530099e-01 -3.726723651812378219e-02
-1.714964661110873756e-01 -3.734738437892318880e-02
-1.712450126335758605e-01 -3.742750747720050702e-02
-1.709950558348151406e-01 -3.750760702338463981e-02
-1.707465851974749593e-01 -3.758768421984025332e-02
-1.704995903118488587e-01 -3.766774026107311268e-02
-1.702540608557933099e-01 -3.774777632969378294e-02
-1.700099865493748252e-01 -3.782779358665919189e-02
-1.697673572662100616e-01 -3.790779319628746757e-02
-1.695261629866135489e-01 -3.798777631635297941e-02
-1.692863937903969496e-01 -3.806774409687549432e-02
-1.690480398558505681e-01 -3.814769768027088254e-02
-1.688110914587477585e-01 -3.822763820150237857e-02
-1.685755389713732566e-01 -3.830756678823272338e-02
-1.683413728615746341e-01 -3.838748456097720863e-02
-1.681085836918368992e-01 -3.846739263325776870e-02
-1.678771621183808016e-01 -3.854729211175821763e-02
-1.676470988902841464e-01 -3.862718409648085299e-02
-1.674183848486265058e-01 -3.870706968090441291e-02
-1.671910109256570798e-01 -3.878694995214367058e-02
-1.669649681439864530e-01 -3.886682599111045133e-02
-1.667402476158001412e-01 -3.894669887267684233e-02
-1.665168405175334321e-01 -3.902656966008302003e-02
-1.662947380822251964e-01 -3.910643940338255631e-02
-1.660739316647633357e-01 -3.918630915505059292e-02
-1.658544127050048389e-01 -3.926617996172467734e-02
-1.656361727260089733e-01 -3.934605286411105990e-02
-1.654192033332082812e-01 -3.942592889710644366e-02
-1.652034962135978391e-01 -3.950580908992017137e-02
-1.649890431349419206e-01 -3.958569446619706472e-02
-1.647758359449991716e-01 -3.966558604414111705e-02
-1.645638665707660764e-01 -3.974548483663974813e-02
-1.643531270177370773e-01 -3.982539185138943283e-02
-1.641436093691841513e-01 -3.990530809102199594e-02
-1.639353057854534279e-01 -3.998523455323210046e-02
-1.637282085032799039e-01 -4.006517223090602653e-02
-1.635223098351203663e-01 -4.014512211225177568e-02
-1.633176021684729640e-01 -4.022508518092288848e-02
-1.631140779375174488e-01 -4.030506240929971479e-02
-1.629117296443529372e-01 -4.038505476393012411e-02
-1.627105498828002594e-01 -4.046506321170972864e-02
-1.625105313174262933e-01 -4.054508871500469430e-02
-1.623116666828560428e-01 -4.062513223175172328e-02
-1.621139487830978443e-01 -4.070519471555892471e-02
-1.619173704908835332e-01 -4.078527711580674786e-02
-1.617219247470223498e-01 -4.086538037774964383e-02
-1.615276045597690557e-01 -4.094550544261849057e-02
-1.613344030042061505e-01 -4.102565324772360078e-02
-1.611423132216401044e-01 -4.110582472655859021e-02
-1.609513284190118576e-01 -4.118602080890516881e-02
-1.607614418683211144e-01 -4.126624242093881317e-02
-1.605726469060650141e-01 -4.134649048533550059e-02
-1.603849369326904306e-01 -4.142676592137956026e-02
-1.601983054109692162e-01 -4.150706964478986793e-02
-1.600127458391198965e-01 -4.158740256097510912e-02
-1.598282517854640872e-01 -4.166776557420168864e-02
-1.596448168888558450e-01 -4.174815958797886695e-02
-1.594624348480600806e-01 -4.182858550254656138e-02
-1.592810994211877607e-01 -4.190904421495864757e-02
-1.591008044251427944e-01 -4.198953661916680902e-02
-1.589215437350800231e-01 -4.207006360610461571e-02
-1.587433112838740890e-01 -4.215062606377217164e-02
-1.585661010615994626e-01 -4.223122487732140079e-02
-1.583899071150216276e-01 -4.231186092914177022e-02
-1.582147235470992008e-01 -4.239253509894683886e-02
-1.580405445164969613e-01 -4.247324826386144475e-02
-1.578673642371107022e-01 -4.255400129850957919e-02
-1.576951769776017420e-01 -4.263479507510344740e-02
-1.575239770609437318e-01 -4.271563046353304277e-02
-1.573537588596730652e-01 -4.279650833028553203e-02
-1.571845167683242617e-01 -4.287742953111817190e-02
-1.570162452545927345e-01 -4.295839492513683910e-02
-1.568489388442038390e-01 -4.303940537093179503e-02
-1.566825921141324351e-01 -4.312046172493831653e-02
-1.565171996921662645e-01 -4.320156484151568138e-02
-1.563527562564793194e-01 -4.328271557302698636e-02
-1.561892565352150930e-01 -4.336391476991972860e-02
-1.560266953060800987e-01 -4.344516328080717110e-02
-1.558650673959460775e-01 -4.352646195255094330e-02
-1.557043676804635846e-01 -4.360781163034437719e-02
-1.555445910836845413e-01 -4.368921315779689118e-02
-1.553857325776945575e-01 -4.377066737701955368e-02
-1.552277871822556610e-01 -4.385217512871176365e-02
-1.550707499644584098e-01 -4.393373725224913873e-02
-1.549146160383838011e-01 -4.401535458577254117e-02
-1.547593805647753673e-01 -4.409702796627860966e-02
-1.546050387507205692e-01 -4.417875822971139427e-02
-1.544515858493424043e-01 -4.426054621105563608e-02
-1.542990171595003679e-01 -4.434239274443128875e-02
-1.541473280255016010e-01 -4.442429866318974019e-02
-1.539965138214464957e-01 -4.450626479556775428e-02
-1.538465698969583018e-01 -4.458829194907383553e-02
-1.536974916995375584e-01 -4.467038094594241726e-02
-1.535492747287184045e-01 -4.475253261016504808e-02
-1.534019145259448436e-01 -4.483474776473730938e-02
-1.532554066742267129e-01 -4.491702723172254913e-02
-1.531097467978029536e-01 -4.499937183231641352e-02
-1.529649305618120125e-01 -4.508178238691181589e-02
-1.528209536719695449e-01 -4.516425971516463411e-02
-1.526778118742533608e-01 -4.524680463606013670e-02
-1.525355009545956153e-01 -4.532941796798022061e-02
-1.523940167385824662e-01 -4.541210052877107939e-02
-1.522533550911601696e-01 -4.549485313581232843e-02
-1.521135119163493366e-01 -4.557767660608635224e-02
-1.519744831569658228e-01 -4.566057175624892855e-02
-1.518362647943490296e-01 -4.574353940270065033e-02
-1.516988528480971710e-01 -4.582658036165936088e-02
-1.515622433758100629e-01 -4.590969544923353962e-02
-1.514264324728386846e-01 -4.599288548149683964e-02
-1.512914162720422340e-01 -4.607615127456361759e-02
-1.511571909435521777e-01 -4.615949364466567090e-02
-1.510237526804359132e-01 -4.624291340391046418e-02
-1.508910976724895103e-01 -4.632641135232379304e-02
-1.507592221824664291e-01 -4.640998830129795805e-02
-1.506281225118839551e-01 -4.649364506333211744e-02
-1.504977949970134343e-01 -4.657738245094590612e-02
-1.503682360086140146e-01 -4.666120127673506479e-02
-1.502394419516721036e-01 -4.674510235342751313e-02
-1.501114092651464338e-01 -4.682908649394015160e-02
-1.499841344217184291e-01 -4.691315451143609344e-02
-1.498576139275483721e-01 -4.699730721938268768e-02
-1.497318443220369000e-01 -4.708154543161006955e-02
-1.496068221775919138e-01 -4.716586996237048107e-02
-1.494825440994016486e-01 -4.725028162639811208e-02
-1.493590067252117959e-01 -4.733478123897028739e-02
-1.492362067251102042e-01 -4.741936961596834865e-02
-1.491141408013149927e-01 -4.750404757394055544e-02
-1.489928056879696316e-01 -4.758881593016493772e-02
-1.488721981509425751e-01 -4.767367550271340432e-02
-1.487523149876330830e-01 -4.775862711051666321e-02
-1.486331530267817613e-01 -4.784367157343000221e-02
-1.485147091282872367e-01 -4.792880971230012443e-02
-1.483969801682218925e-01 -4.801404234424241219e-02
-1.482799630276075697e-01 -4.809937027906324714e-02
-1.481636546463078741e-01 -4.818479433680320639e-02
-1.480480519950194418e-01 -4.827031533884577896e-02
-1.479331520736357208e-01 -4.835593410750677751e-02
-1.478189519110388039e-01 -4.844165146608438860e-02
-1.477054485648963966e-01 -4.852746823890934785e-02
-1.475926391214624489e-01 -4.861338525139568406e-02
-1.474805206953824221e-01 -4.869940333009217803e-02
-1.473690904295022752e-01 -4.878552330273407123e-02
-1.472583454946820580e-01 -4.887174599829556543e-02
-1.471482830896133076e-01 -4.895807224704275262e-02
-1.470389004406410238e-01 -4.904450288058725960e-02
-1.469301948015894754e-01 -4.913103873194044069e-02
-1.468221634535922804e-01 -4.921768063556829914e-02
-1.467148037049268716e-01 -4.930442942744682477e-02
-1.466081128908526543e-01 -4.939128594511851128e-02
-1.465020883734538260e-01 -4.947825102774918576e-02
-1.463967275414858327e-01 -4.956532551618557381e-02
-1.462920278102265437e-01 -4.965251025301393312e-02
-1.461879866213309231e-01 -4.973980608261914516e-02
-1.460846014282259075e-01 -4.982721384631118300e-02
-1.459818696962618123e-01 -4.991473438242376159e-02
-1.458797889366990341e-01 -5.000236853801141856e-02
-1.457783566861801938e-01 -5.009011716198633057e-02
-1.456775705062151038e-01 -5.017798110504545495e-02
-1.455774279830186757e-01 -5.026596121971645126e-02
-1.454779267273505483e-01 -5.035405836040474092e-02
-1.453790643743596289e-01 -5.044227338343978961e-02
-1.452808385834304661e-01 -5.053060714712307583e-02
-1.451832470380335083e-01 -5.061906051177571253e-02
-1.450862874455782769e-01 -5.070763433978681817e-02
-1.449899575372699811e-01 -5.079632949566241507e-02
-1.448942550679689356e-01 -5.088514684607469557e-02
-1.447991778160536147e-01 -5.097408725991197515e-02
-1.447047235832862599e-01 -5.106315160832904793e-02
-1.446108901946824288e-01 -5.115234076479822228e-02
-1.445176754983829304e-01 -5.124165560516083517e-02
-1.444250773655294251e-01 -5.133109700767945344e-02
-1.443330936901431327e-01 -5.142066585309045673e-02
-1.442417223890063160e-01 -5.151036302465767519e-02
-1.441509614015473728e-01 -5.160018940822631850e-02
-1.440608086780547081e-01 -5.169014588808888006e-02
-1.439712621863651898e-01 -5.178023334943569755e-02
-1.438823199277985410e-01 -5.187045268417277838e-02
-1.437939799253887818e-01 -5.196080478681040782e-02
-1.437062402237453129e-01 -5.205129055450419956e-02
-1.436190988889291531e-01 -5.214191088710106586e-02
-1.435325540083323970e-01 -5.223266668718582612e-02
-1.434466036905595876e-01 -5.232355886012816232e-02
-1.433612460653122811e-01 -5.241458831412982439e-02
-1.432764792832754430e-01 -5.250575596027273056e-02
-1.431923015160068702e-01 -5.259706271256715804e-02
-1.431087109558289716e-01 -5.268850948800048173e-02
-1.430257058157231587e-01 -5.278009720658652371e-02
-1.429432843292265110e-01 -5.287182679141538139e-02
-1.428614447503313012e-01 -5.296369916870365818e-02
-1.427801853533867127e-01 -5.305571526784539499e-02
-1.426995044330032214e-01 -5.314787602146345963e-02
-1.426194003039595315e-01 -5.324018236546148447e-02
-1.425398713011118423e-01 -5.333263523907653958e-02
-1.424609157793058356e-01 -5.342523558493195157e-02
-1.423825318796236861e-01 -5.351798426126193331e-02
-1.423047185122914560e-01 -5.361088241128772469e-02
-1.422274737733635885e-01 -5.370393086867278343e-02
-1.421507960949822680e-01 -5.379713058934445374e-02
-1.420746839280942753e-01 -5.389048253258883064e-02
-1.419991357423950884e-01 -5.398398766111096175e-02
-1.419241500262725664e-01 -5.407764694109469528e-02
-1.418497252867504665e-01 -5.417146134226237530e-02
-1.417758600494322674e-01 -5.426543183793429426e-02
-1.417025528584442418e-01 -5.435955940508797185e-02
-1.416298022763790299e-01 -5.445384502441715652e-02
-1.415576068842387958e-01 -5.454828968039078518e-02
-1.414859652813783286e-01 -5.464289436131126304e-02
-1.414148760854480325e-01 -5.473766005937332618e-02
-1.413443379323368609e-01 -5.483258777072193280e-02
-1.412743494761151131e-01 -5.492767849551027926e-02
-1.412049093889772289e-01 -5.502293323795764274e-02
-1.411360163611842522e-01 -5.511835300640684221e-02
-1.410676691010064321e-01 -5.521393881338163001e-02
-1.409998663346656578e-01 -5.530969167564381284e-02
-1.409326068062776161e-01 -5.540561261425009515e-02
-1.408658892776107063e-01 -5.550170265453655688e-02
-1.407997125199663968e-01 -5.559796282299105108e-02
-1.407340753238211228e-01 -5.569439415111196445e-02
-1.406689765006900183e-01 -5.579099767623324491e-02
-1.406044148793184068e-01 -5.588777444010382262e-02
-1.405403893056079434e-01 -5.598472548893556472e-02
-1.404768986425429800e-01 -5.608185187345079981e-02
-1.404139417701169013e-01 -5.617915464892964117e-02
-1.403515175852581010e-01 -5.627663487525691455e-02
-1.402896250017561519e-01 -5.637429361696891933e-02
-1.402282629501878652e-01 -5.647213194329979424e-02
-1.401674303778432107e-01 -5.657015092822767488e-02
-1.401071262486512647e-01 -5.666835165052064305e-02
-1.400473495431061866e-01 -5.676673519378196142e-02
-1.399880992581926942e-01 -5.686530264649575228e-02
-1.399293744098785708e-01 -5.696405510311652182e-02
-1.398711740336464893e-01 -5.706299366437254245e-02
-1.398134971776176516e-01 -5.716211943454319738e-02
-1.397563429062297913e-01 -5.726143352302464490e-02
-1.396997103002626250e-01 -5.736093704441533325e-02
-1.396435984567722943e-01 -5.746063111856416356e-02
-1.395880064890256955e-01 -5.756051687061849303e-02
-1.395329335264346993e-01 -5.766059543107186769e-02
-1.394783787144903142e-01 -5.776086793581160922e-02
-1.394243412146967676e-01 -5.786133552616565257e-02
-1.393708202045055855e-01 -5.796199934895031325e-02
-1.393178148772494795e-01 -5.806286055651611877e-02
-1.392653244420762881e-01 -5.816392030679502778e-02
-1.392133481238828074e-01 -5.826517976334634474e-02
nan nan
nan nan
nan nan
nan nan
nan nan
nan nan
nan nan
nan nan
nan nan
nan nan
nan nan
nan nan
nan nan
nan nan
nan nan
nan nan
nan nan
nan nan
nan nan
nan nan
nan nan
nan nan
-1.380019265594830402e-01 -6.107909408780772681e-02
-1.379640946916503019e-01 -6.118644288831474876e-02
-1.379267612312213842e-01 -6.129402788561223725e-02
-1.378899258657079463e-01 -6.140185044242044837e-02
-1.378535882975334415e-01 -6.150991192903169924e-02
-1.378177482440444968e-01 -6.161821372339085917e-02
-1.377824054375233198e-01 -6.172675721117457798e-02
-1.377475596251984957e-01 -6.183554378587193673e-02
-1.377132105692564223e-01 -6.194457484886445320e-02
-1.376793580468524403e-01 -6.205385180950645507e-02
-1.376460018501212967e-01 -6.216337608520552949e-02
-1.376131417861878314e-01 -6.227314910150309052e-02
-1.375807776771773017e-01 -6.238317229215508547e-02
-1.375489093602253743e-01 -6.249344709921279828e-02
-1.375175366873985228e-01 -6.260397497306302572e-02
-1.374866595220289311e-01 -6.271475737083252733e-02
-1.374562777454181317e-01 -6.282579575951170725e-02
-1.374263912562511958e-01 -6.293709161577654143e-02
-1.373969999680921816e-01 -6.304864642492756521e-02
-1.373681038094023699e-01 -6.316046168097466662e-02
-1.373397027235580825e-01 -6.327253888672226823e-02
-1.373117966688682245e-01 -6.338487955385468942e-02
-1.372843856185917977e-01 -6.349748520302163357e-02
-1.372574695609548590e-01 -6.361035736392377238e-02
-1.372310484991674517e-01 -6.372349757539857995e-02
-1.372051224514403422e-01 -6.383690738550620858e-02
-1.371796914510011178e-01 -6.395058835161562816e-02
-1.371547555461105905e-01 -6.406454204049089052e-02
-1.371303148000784788e-01 -6.417877002837731049e-02
-1.371063692949124613e-01 -6.429327390279210297e-02
-1.370829191294392069e-01 -6.440805526173744300e-02
-1.370599644098736136e-01 -6.452311570934873841e-02
-1.370375052576712771e-01 -6.463845685964285381e-02
-1.370155418097057098e-01 -6.475408033668292318e-02
-1.369940742182667037e-01 -6.486998777465922961e-02
-1.369731026510583038e-01 -6.498618081797032098e-02
-1.369526272911968656e-01 -6.510266112130423666e-02
-1.369326483372084735e-01 -6.521943034971966480e-02
-1.369131660030265818e-01 -6.533649017872743270e-02
-1.368941805179890447e-01 -6.545384229437149759e-02
-1.368756921268351467e-01 -6.557148839331090884e-02
-1.368577010897023272e-01 -6.568943018290102076e-02
-1.368402076821227387e-01 -6.580766938127521892e-02
-1.368232121950194446e-01 -6.592620771742649377e-02
-1.368067149347026168e-01 -6.604504693128937509e-02
-1.367907162228652329e-01 -6.616418877382150565e-02
-1.367752163965788026e-01 -6.628363500708571443e-02
-1.367602158082886488e-01 -6.640338740433192333e-02
-1.367457148258092448e-01 -6.652344775007916489e-02
-1.367317138323188574e-01 -6.664381784019766941e-02
-1.367182135307896951e-01 -6.676449963065785032e-02
-1.367052138397801819e-01 -6.688549469877977383e-02
-1.366927154134692513e-01 -6.700680498471352220e-02
-1.366807186978233613e-01 -6.712843233133349019e-02
-1.366692241550070963e-01 -6.725037859370670834e-02
-1.366582322634053437e-01 -6.737264563919349858e-02
-1.366477435176472466e-01 -6.749523534754929555e-02
-1.366377584286326274e-01 -6.761814961102817489e-02
-1.366282775235601599e-01 -6.774139033448757508e-02
-1.366193013459580663e-01 -6.786495943549451793e-02
-1.366108304557167308e-01 -6.798885884443339744e-02
-1.366028654291233657e-01 -6.811309050461511472e-02
-1.365954068588987602e-01 -6.823765637238765613e-02
-1.365884553542364710e-01 -6.836255841724823978e-02
-1.365820115408435675e-01 -6.848779862195704393e-02
-1.365760760609838476e-01 -6.861337898265230939e-02
-1.365706495735230230e-01 -6.873930150896702396e-02
-1.365657327539758215e-01 -6.886556822414703627e-02
-1.365613262945553075e-01 -6.899218116517095989e-02
-1.365574309042243972e-01 -6.911914238287145129e-02
-1.365540473087615558e-01 -6.924645394206452309e-02
-1.365511762618347447e-01 -6.937411792727180004e-02
-1.365488185298264767e-01 -6.950213643514585593e-02
-1.365469748854543919e-01 -6.963051157129464264e-02
-1.365456461188754300e-01 -6.975924545600170612e-02
-1.365448330377256325e-01 -6.988834022434736726e-02
-1.365445364671626360e-01 -7.001779802633104066e-02
-1.365447572499109419e-01 -7.014762102699577395e-02
-1.365454962463092947e-01 -7.027781140655445236e-02
-1.365467543343616141e-01 -7.040837136051827927e-02
-1.365485324097891473e-01 -7.053930309982646418e-02
-1.365508313860865075e-01 -7.067060885097857514e-02
-1.365536521945795723e-01 -7.080229085616836227e-02
-1.365569957844861848e-01 -7.093435137341963515e-02
-1.365608631229791314e-01 -7.106679267672412481e-02
-1.365652551952521720e-01 -7.119961705618105263e-02
-1.365701730045879581e-01 -7.133282681813965520e-02
-1.365756175724291699e-01 -7.146642428534194513e-02
-1.365815899384516530e-01 -7.160041179706945480e-02
-1.365880911606400516e-01 -7.173479170929052129e-02
-1.365951223153665794e-01 -7.186956639481051345e-02
-1.366026844977970556e-01 -7.200473824359522601e-02
-1.366107788409845758e-01 -7.214030967296540531e-02
-1.366194064840170752e-01 -7.227628311094935754e-02
-1.366285685718381659e-01 -7.241266099623908103e-02
-1.366382662688265248e-01 -7.254944578545066691e-02
-1.366485007588526535e-01 -7.268663995327026561e-02
-1.366592732453387748e-01 -7.282424599260273190e-02
-1.366705849513223936e-01 -7.296226641472226826e-02
-1.366824371195230203e-01 -7.310070374942637117e-02
-1.366948310124123100e-01 -7.323956054519144276e-02
-1.367077679122880307e-01 -7.337883936933174700e-02
-1.367212491213503911e-01 -7.351854280816012832e-02
-1.367352759617826707e-01 -7.365867346715193609e-02
-1.367498497758347642e-01 -7.379923397111130823e-02
-1.367649719259098895e-01 -7.394022696434007780e-02
-1.367806437946547937e-01 -7.408165511080924692e-02
-1.367968667850533449e-01 -7.422352109433333345e-02
-1.368136423205231766e-01 -7.436582761874724334e-02
-1.368309718450156920e-01 -7.450857740808566887e-02
-1.368488568231191749e-01 -7.465177320676565087e-02
-1.368672987401654551e-01 -7.479541777977151418e-02
-1.368862991036526033e-01 -7.493951391356147573e-02
-1.369058594689528119e-01 -7.508406443030186950e-02
-1.369259813895331857e-01 -7.522907216077898140e-02
-1.369466664272646073e-01 -7.537453995009109342e-02
-1.369679161661525313e-01 -7.552047066528815022e-02
-1.369897322124143391e-01 -7.566686719555082430e-02
-1.370121161945616339e-01 -7.581373245237318925e-02
-1.370350697634867276e-01 -7.596106936974872381e-02
-1.370585945925536231e-01 -7.610888090435921627e-02
-1.370826923776932160e-01 -7.625717003576813757e-02
-1.371073648375032983e-01 -7.640593976661591569e-02
-1.371326137133524192e-01 -7.655519312282002553e-02
-1.371584407694881325e-01 -7.670493315377766019e-02
-1.371848477931502386e-01 -7.685516293257234344e-02
-1.372118365946871921e-01 -7.700588555618373410e-02
-1.372394090076779205e-01 -7.715710414570120523e-02
-1.372675668890570577e-01 -7.730882184654082334e-02
-1.372963121192450620e-01 -7.746104182866610233e-02
-1.373256466022820532e-01 -7.761376728681201875e-02
-1.373555722659662859e-01 -7.776700144071310716e-02
-1.373860910619965348e-01 -7.792074753533481668e-02
-1.374172049695167042e-01 -7.807500884303909816e-02
-1.374489160260695952e-01 -7.822978868137228647e-02
-1.374812262581751598e-01 -7.838509037380843314e-02
-1.375141377051198599e-01 -7.854091726331619006e-02
-1.375476524318916538e-01 -7.869727271985761663e-02
-1.375817725292867999e-01 -7.885416014061255585e-02
-1.376165001140219057e-01 -7.901158295020697941e-02
-1.376518373288518060e-01 -7.916954460094609292e-02
-1.376877863426931858e-01 -7.932804857305163215e-02
-1.377243493507537553e-01 -7.948709837490396113e-02
-1.377615285746671414e-01 -7.964669754328855544e-02
-1.377993262626335536e-01 -7.980684964364691270e-02
-1.378377446895655278e-01 -7.996755827033261155e-02
-1.378767861572401110e-01 -8.012882704687146473e-02
-1.379164529944556239e-01 -8.029065962622655706e-02
-1.379567475571946145e-01 -8.045305969106794630e-02
-1.379976722287924729e-01 -8.061603095404748509e-02
-1.380392294201105985e-01 -8.077957715807755623e-02
-1.380814215697160618e-01 -8.094370207661555350e-02
-1.381242511440662069e-01 -8.110840951395266452e-02
-1.381677206376986933e-01 -8.127370330550767741e-02
-1.382118325821879712e-01 -8.143958732328784866e-02
-1.382565895870756789e-01 -8.160606550027740824e-02
-1.383019942300253990e-01 -8.177314176592825890e-02
-1.383480491054603634e-01 -8.194082007484752850e-02
-1.383947568384805427e-01 -8.210910441518365355e-02
-1.384421200849914324e-01 -8.227799880890189488e-02
-1.384901415318413598e-01 -8.244750731206701433e-02
-1.385388238969649244e-01 -8.261763401513082250e-02
-1.385881699295359315e-01 -8.278838304322695685e-02
-1.386381824101269034e-01 -8.295975855647122477e-02
-1.386888641508766951e-01 -8.313176475026834433e-02
-1.387402179956656323e-01 -8.330440585562501332e-02
-1.387922468202985593e-01 -8.347768613946897343e-02
-1.388449535326947704e-01 -8.365160990497526317e-02
-1.388983410730864343e-01 -8.382618149189756396e-02
-1.389524124142238748e-01 -8.400140527690731773e-02
-1.390071705615882613e-01 -8.417728567393832628e-02
-1.390626185536128767e-01 -8.435382713453874748e-02
-1.391187594619099077e-01 -8.453103414822860096e-02
-1.391755963915065342e-01 -8.470891124286501761e-02
-1.392331324810872351e-01 -8.488746298501344267e-02
-1.392913709088441920e-01 -8.506669398374581970e-02
-1.393503149056846968e-01 -8.524660889897675564e-02
-1.394099677098414036e-01 -8.542721241397462084e-02
-1.394703325911377245e-01 -8.560850925034851899e-02
-1.395314128550382005e-01 -8.579050417075510804e-02
-1.395932118428947766e-01 -8.597320197929052277e-02
-1.396557329322017371e-01 -8.615660752188862570e-02
-1.397189795368589116e-01 -8.634072568672722381e-02
-1.397829551074423471e-01 -8.652556140464130741e-02
-1.398476631314846952e-01 -8.671111964954474061e-02
-1.399131071337614551e-01 -8.689740543885808577e-02
-1.399792906765871536e-01 -8.708442383394546238e-02
-1.400462173601186300e-01 -8.727217994055820605e-02
-1.401138908226665092e-01 -8.746067890928663213e-02
-1.401823147410145021e-01 -8.764992593601933502e-02
-1.402514928307469766e-01 -8.783992626241020341e-02
-1.403214288553730760e-01 -8.803068518186822622e-02
-1.403921266257541767e-01 -8.822220803950989176e-02
-1.404635899696236589e-01 -8.841450021328599307e-02
-1.405358227549591277e-01 -8.860756712886973252e-02
-1.406088288912264728e-01 -8.880141426071838651e-02
-1.406826123296768261e-01 -8.899604713254442856e-02
-1.407571770636556474e-01 -8.919147131779732451e-02
-1.408325271289212477e-01 -8.938769244015393189e-02
-1.409086666039738589e-01 -8.958471617401887743e-02
-1.409855996103953069e-01 -8.978254824503456577e-02
-1.410633303131987315e-01 -8.998119443060047240e-02
-1.411418629211881048e-01 -9.018066056040312251e-02
-1.412212016873290454e-01 -9.038095251695432708e-02
-1.413013509091286535e-01 -9.058207623614103476e-02
-1.413823149290256431e-01 -9.078403770778357973e-02
-1.414640981347915494e-01 -9.098684297620528161e-02
-1.415467049774872810e-01 -9.119049815211527354e-02
-1.416301399506194603e-01 -9.139500939956923808e-02
-1.417144075715878193e-01 -9.160038292427886975e-02
-1.417995124060581480e-01 -9.180662498959560325e-02
-1.418854590683400196e-01 -9.201374191708992789e-02
-1.419722522217508054e-01 -9.222174008712517856e-02
-1.420598965789930113e-01 -9.243062593944442740e-02
-1.421483969025451322e-01 -9.264040597376803354e-02
-1.422377580050653290e-01 -9.285108675040502912e-02
-1.423279847498077899e-01 -9.306267489087562128e-02
-1.424190820510537747e-01 -9.327517707854711404e-02
-1.425110548745530670e-01 -9.348860005928111283e-02
-1.426039082379806366e-01 -9.370295064209462066e-02
-1.426976472114049044e-01 -9.391823569983269449e-02
-1.427922769177691065e-01 -9.413446216985445203e-02
-1.428878025341733526e-01 -9.435163705525176359e-02
-1.429842293232205519e-01 -9.456976744596216899e-02
-1.430815625768398214e-01 -9.478886048210406756e-02
-1.431798076226669381e-01 -9.500892335845941006e-02
-1.432789698455134153e-01 -9.522996333902856991e-02
-1.433790546877888039e-01 -9.545198775771214506e-02
-1.434800676499388417e-01 -9.567500401900989881e-02
-1.435820142909011721e-01 -9.589901959873424475e-02
-1.436849002285796040e-01 -9.612404204474088443e-02
-1.437887311403327206e-01 -9.635007897767358664e-02
-1.438935127634819455e-01 -9.657713809172691066e-02
-1.439992508958352624e-01 -9.680522715542368151e-02
-1.441059513962278382e-01 -9.703435401240939617e-02
-1.442136201850794663e-01 -9.726452658226270032e-02
-1.443222632449689957e-01 -9.749575286132210195e-02
-1.444318866212245256e-01 -9.772804092353003236e-02
-1.445424964277516600e-01 -9.796139892483032852e-02
-1.446540988864300215e-01 -9.819583513039484290e-02
-1.447667002324213303e-01 -9.843135785093937162e-02
-1.448803067524264410e-01 -9.866797546895966775e-02
-1.449949248014042180e-01 -9.890569645052935122e-02
-1.451105608030764660e-01 -9.914452934613149360e-02
-1.452272212504532312e-01 -9.938448279150949305e-02
-1.453449127063818347e-01 -9.962556550853923776e-02
-1.454636418041182211e-01 -9.986778630612216934e-02
-1.455834152479210108e-01 -1.001111540810989964e-01
-1.457042398136672579e-01 -1.003556778191855431e-01
-1.458261223494915770e-01 -1.006013665959281655e-01
-1.459490697764465328e-01 -1.008482295776825105e-01
-1.460730890891847322e-01 -1.010962760226120083e-01
-1.461981873566652046e-01 -1.013455152817099719e-01
-1.463243717228778495e-01 -1.015959567998411250e-01
-1.464516494227495469e-01 -1.018476101273474294e-01
-1.465800278107697030e-01 -1.021004849406222659e-01
-1.467095142475662861e-01 -1.023545909637752771e-01
-1.468401161659891041e-01 -1.026099380149761570e-01
-1.469718410806800102e-01 -1.028665360136892665e-01
-1.471046965887018165e-01 -1.031243949817063632e-01
-1.472386903701964345e-01 -1.033835250442059345e-01
-1.473738301890720748e-01 -1.036439364308408134e-01
-1.475101238937204517e-01 -1.039056394768515940e-01
-1.476475794177624645e-01 -1.041686446242093417e-01
-1.477862047808222168e-01 -1.044329624227842285e-01
-1.479260080893321783e-01 -1.046986035315441016e-01
-1.480669975373634928e-01 -1.049655787197787959e-01
-1.482091814074881220e-01 -1.052338988683546583e-01
-1.483525680716674677e-01 -1.055035749709962167e-01
-1.484971659921697495e-01 -1.057746181355969234e-01
-1.486429837654772435e-01 -1.060470396162087325e-01
-1.487900301127405844e-01 -1.063208508071370184e-01
-1.489383137430238535e-01 -1.065960631459306335e-01
-1.490878434606205671e-01 -1.068726881903999393e-01
-1.492386281694786654e-01 -1.071507376224971331e-01
-1.493906768739292901e-01 -1.074302232495699672e-01
-1.495439986794584453e-01 -1.077111570056543816e-01
-1.496986027935149066e-01 -1.079935509528014148e-01
-1.498544985263623452e-01 -1.082774172824442077e-01
-1.500116952919686719e-01 -1.085627683168005619e-01
-1.501702026089362096e-01 -1.088496165103139679e-01
-1.503300301014710572e-01 -1.091379744511325744e-01
-1.504911875003922817e-01 -1.094278548626258507e-01
-1.506536846441794142e-01 -1.097192706049407024e-01
-1.508175314800600797e-01 -1.100122346765946280e-01
-1.509827380651354578e-01 -1.103067602161093286e-01
-1.511493145984676711e-01 -1.106028605263098819e-01
-1.513172713824106341e-01 -1.109005490469922722e-01
-1.514866187957887023e-01 -1.111998393360235787e-01
-1.516573673343141193e-01 -1.115007450996932242e-01
-1.518295276117440362e-01 -1.118032801944377347e-01
-1.520031103610727796e-01 -1.121074586286027741e-01
-1.521781264357678354e-01 -1.124132945642491027e-01
-1.523545868110492973e-01 -1.127208023190020975e-01
-1.525325025852116989e-01 -1.130299963679465697e-01
-1.527118849809896983e-01 -1.133408913455643680e-01
-1.528927453469657860e-01 -1.136535020477185964e-01
-1.530750951590206799e-01 -1.139678434336816731e-01
-1.532589460375350376e-01 -1.142839306399231203e-01
-1.534443097475209350e-01 -1.146017789812726895e-01
-1.536311981409690663e-01 -1.149214039088637396e-01
-1.538196232043285983e-01 -1.152428210464409852e-01
-1.540095970620186105e-01 -1.155660461940126449e-01
-1.542011319778260892e-01 -1.158910953299427948e-01
-1.543942403563603738e-01 -1.162179846131000671e-01
-1.545889347445631445e-01 -1.165467303850625941e-01
-1.547852278332736697e-01 -1.168773491723788666e-01
-1.549831324588482051e-01 -1.172098576888862681e-01
-1.551826616048352092e-01 -1.175442728380851065e-01
-1.553838284037040440e-01 -1.178806117155718064e-01
-1.555866461480968632e-01 -1.182188916187230099e-01
-1.557911283217801590e-01 -1.185591300714566587e-01
-1.559972885025117384e-01 -1.189013447515915450e-01
-1.562051404176805491e-01 -1.192455535341448436e-01
-1.564146979567774265e-01 -1.195917745020237261e-01
-1.566259751730463001e-01 -1.199400259485256109e-01
-1.568389862852074546e-01 -1.202903263799102035e-01
-1.570537456792519271e-01 -1.206426945180429089e-01
-1.572702679103065437e-01 -1.209971493031116313e-01
-1.574885677045702870e-01 -1.213537098964148908e-01
-1.577086599613204687e-01 -1.217123956832245751e-01
-1.579305597549880980e-01 -1.220732262757207587e-01
-1.581542823407767473e-01 -1.224362215186901859e-01
-1.583798432152304925e-01 -1.228014015378755958e-01
-1.586072579918019199e-01 -1.231687866451040975e-01
-1.588365424400974002e-01 -1.235383973698251370e-01
-1.590677125215529397e-01 -1.239102544881561102e-01
-1.593007843913690769e-01 -1.242843790258679748e-01
-1.595357744005406753e-01 -1.246607922614638569e-01
-1.597726990979788930e-01 -1.250395157293522630e-01
-1.600115752327277430e-01 -1.254205712231128145e-01
-1.602524197562716635e-01 -1.258039807988587666e-01
-1.604952498249360704e-01 -1.261897667786933963e-01
-1.607400828023795858e-01 -1.265779517542629518e-01
-1.609869362621828282e-01 -1.269685585904103964e-01
-1.612358280593162163e-01 -1.273616104832623330e-01
-1.614867762309571964e-01 -1.277571308838394426e-01
-1.617397989574134165e-01 -1.281551434685722635e-01
-1.619949146474896906e-01 -1.285556722082915604e-01
-1.622521419407577659e-01 -1.289587413718059350e-01
-1.625114997099511016e-01 -1.293643755296025599e-01
-1.627730070634832160e-01 -1.297725995576708424e-01
-1.630366833480890176e-01 -1.301834386414514599e-01
-1.633025481515897881e-01 -1.305969182799086026e-01
-1.635706213057790681e-01 -1.310130642897296693e-01
-1.638409228894298908e-01 -1.314319028096493092e-01
-1.641134732314244726e-01 -1.318534603049026366e-01
-1.643882929681056704e-01 -1.322777636153392999e-01
-1.646654030316664352e-01 -1.327048399483958530e-01
-1.649448244720966850e-01 -1.331347167376462914e-01
-1.652265786075458598e-01 -1.335674217655226093e-01
-1.655106870326884250e-01 -1.340029831721970821e-01
-1.657971716215892732e-01 -1.344414294600748960e-01
-1.660860545307327185e-01 -1.348827894984515885e-01
-1.663773582022164133e-01 -1.353270925283331094e-01
-1.666711053671067755e-01 -1.357743681674236369e-01
-1.669673190489557868e-01 -1.362246464152770675e-01
-1.672660225674821588e-01 -1.366779576586195644e-01
-1.675672395424073202e-01 -1.371343326768352522e-01
-1.678709939307000132e-01 -1.375938026748738663e-01
-1.681773101156008310e-01 -1.380563993589547234e-01
-1.684862125988308701e-01 -1.385221546867093090e-01
-1.687977261810893193e-01 -1.389911010170737371e-01
-1.691118759965037632e-01 -1.394632711411111226e-01
-1.694286875161451489e-01 -1.399386982875560625e-01
-1.697481865517594946e-01 -1.404174161285730582e-01
-1.700703992597141501e-01 -1.408994587857344827e-01
-1.703953521451580799e-01 -1.413848608362158199e-01
-1.707230720663955870e-01 -1.418736573192114769e-01
-1.710535862394700068e-01 -1.423658837425703372e-01
-1.713869222429611483e-01 -1.428615760896557729e-01
-1.717231080260906984e-01 -1.433607708290159100e-01
-1.720621719565100793e-01 -1.438635049573068481e-01
-1.724041427299262963e-01 -1.443698159268989034e-01
-1.727490494069041649e-01 -1.448797416794613824e-01
-1.730969214415211122e-01 -1.453933206729985661e-01
-1.734477886869946472e-01 -1.459105918897460608e-01
-1.738016814015318212e-01 -1.464315948443131177e-01
-1.741586302544014808e-01 -1.469563695920675650e-01
-1.745186663323912701e-01 -1.474849567379103166e-01
-1.748818211693028424e-01 -1.480173974646098733e-01
-1.752481267087173111e-01 -1.485537335048157936e-01
-1.756176153132277817e-01 -1.490940071522462163e-01
-1.759903197948104459e-01 -1.496382612909351317e-01
-1.763662734214355432e-01 -1.501865394044966384e-01
-1.767455099239481353e-01 -1.507388855856860999e-01
-1.771280635032168593e-01 -1.512953445462593138e-01
-1.775139688375500513e-01 -1.518559616271310808e-01
-1.779032611146661447e-01 -1.524207828296472167e-01
-1.782959760099662450e-01 -1.529898548010431014e-01
-1.786921496566833412e-01 -1.535632248127718480e-01
-1.790918187044337473e-01 -1.541409408146984517e-01
-1.794950203272786260e-01 -1.547230514462495377e-01
-1.799017922316519802e-01 -1.553096060475283868e-01
-1.803121726646360612e-01 -1.559006546708112395e-01
-1.807262004225697605e-01 -1.564962480924151356e-01
-1.811439148811717359e-01 -1.570964378433109820e-01
-1.815653560049343973e-01 -1.577012762219900111e-01
-1.819905642611828189e-01 -1.583108162244920847e-01
-1.824195807094535771e-01 -1.589251116265159303e-01
-1.828524470151802195e-01 -1.595442170002082383e-01
-1.832892054588064479e-01 -1.601681877270905441e-01
-1.837298989453410580e-01 -1.607970800114640608e-01
-1.841745710143507797e-01 -1.614309508942965155e-01
-1.846232658838510843e-01 -1.620698582969681001e-01
-1.850760285491635515e-01 -1.627138611137150526e-01
-1.855329044430151508e-01 -1.633630189185588111e-01
-1.859939396671198286e-01 -1.640173921734947027e-01
-1.864591810406372452e-01 -1.646770422768262521e-01
-1.869286761082648851e-01 -1.653420315762075266e-01
-1.874024731490956663e-01 -1.660124233824540885e-01
-1.878806211862383557e-01 -1.666882819841267183e-01
-1.883631700270076426e-01 -1.673696726893832420e-01
-1.888501705953919974e-01 -1.680566621282758577e-01
-1.893416741157905037e-01 -1.687493175339689067e-01
-1.898377324857561388e-01 -1.694477070786792883e-01
-1.903383984706746301e-01 -1.701519000534759130e-01
-1.908437257071647075e-01 -1.708619668784336632e-01
-1.913537687080280880e-01 -1.715779791142358068e-01
-1.918685828687384243e-01 -1.723000094752293043e-01
-1.923882244745574732e-01 -1.730281318431283466e-01
-1.929127506286488214e-01 -1.737624212096486043e-01
-1.934422194236027348e-01 -1.745029538381636658e-01
-1.939766899364911978e-01 -1.752498072673660534e-01
-1.945162221660376167e-01 -1.760030602625428375e-01
-1.950608770508422685e-01 -1.767627928398271542e-01
-1.956107164888937211e-01 -1.775290862917975609e-01
-1.961658033583638938e-01 -1.783020232144406914e-01
-1.967262015396724906e-01 -1.790816875354759308e-01
-1.972919758297312365e-01 -1.798681644446002426e-01
-1.978631921098535917e-01 -1.806615405546739550e-01
-1.984399175177930796e-01 -1.814619040681066942e-01
-1.990222202652311700e-01 -1.822693446200032152e-01
-1.996101696696595540e-01 -1.830839533164831390e-01
-2.002038361268384248e-01 -1.839058227187212735e-01
-2.008032911638664986e-01 -1.847350469009578777e-01
-2.014086075519006536e-01 -1.855717215639546558e-01
-2.020198594274693060e-01 -1.864159441573624565e-01
-2.026371221382447796e-01 -1.872678137485069283e-01
-2.032604722790160579e-01 -1.881274310659735993e-01
-2.038899877216965584e-01 -1.889948985380106583e-01
-2.045257474805419473e-01 -1.898703201782490080e-01
-2.051678321492597101e-01 -1.907538020020515812e-01
-2.058163238013755447e-01 -1.916454519467990503e-01
-2.064713058857924333e-01 -1.925453797869098316e-01
-2.071328632691302463e-01 -1.934536971851237019e-01
-2.078010822513500222e-01 -1.943705177192027456e-01
-2.084760503723418756e-01 -1.952959567130024832e-01
-2.091578571306809964e-01 -1.962301319217442108e-01
-2.098465936774818186e-01 -1.971731632604347695e-01
-2.105423527168234499e-01 -1.981251727241438443e-01
-2.112452285582250289e-01 -1.990862844507941543e-01
-2.119553169282677174e-01 -2.000566245571277768e-01
-2.126727142426173001e-01 -2.010363204630505329e-01
-2.133975207251264661e-01 -2.020255038518783408e-01
-2.141298384670701493e-01 -2.030243088598757129e-01
-2.148697710963049234e-01 -2.040328717780152123e-01
-2.156174238804325349e-01 -2.050513311637037484e-01
-2.163729037858195259e-01 -2.060798279114174902e-01
-2.171363195443034300e-01 -2.071185053312378233e-01
-2.179077820591537595e-01 -2.081675095521262897e-01
-2.186874042663422280e-01 -2.092269894076449477e-01
-2.194753012146815618e-01 -2.102970965302776163e-01
-2.202715901718017288e-01 -2.113779854713198347e-01
-2.210763910919332775e-01 -2.124698141694925102e-01
-2.218898265428830008e-01 -2.135727439031682995e-01
-2.227120204516022384e-01 -2.146869381032286417e-01
-2.235430995453665526e-01 -2.158125637574878353e-01
-2.243831923070156165e-01 -2.169497904241631525e-01
-2.252324322784513000e-01 -2.180987934468686384e-01
-2.260909527561612842e-01 -2.192597488506877190e-01
-2.269588905119125366e-01 -2.204328369576197266e-01
-2.278363859383208956e-01 -2.216182425571273096e-01
-2.287235817907840862e-01 -2.228161537107130330e-01
-2.296206228793259696e-01 -2.240267614723336909e-01
-2.305276573275020502e-01 -2.252502611373850827e-01
-2.314448382195763709e-01 -2.264868538828387623e-01
-2.323723197551730291e-01 -2.277367430391113723e-01
-2.333102580291495920e-01 -2.290001348678614990e-01
-2.342588132172769566e-01 -2.302772407286708678e-01
-2.352181504455418126e-01 -2.315682779692673221e-01
-2.361884374006086584e-01 -2.328734676105272960e-01
-2.371698453337711954e-01 -2.341930353612944327e-01
-2.381625497931644242e-01 -2.355272123735254741e-01
-2.391667291041462140e-01 -2.368762337738556378e-01
-2.401825654187075554e-01 -2.382403397299994452e-01
-2.412102249358311912e-01 -2.396197558349597856e-01
