-3.397772315418838285e-01 -1.230580861760339172e-02
-3.381524632021308263e-01 -1.252990515940678382e-02
-3.365450933097681729e-01 -1.275195940510614329e-02
-3.349548861685199830e-01 -1.297200604588743394e-02
-3.333815833276621010e-01 -1.319007808179165249e-02
-3.318249318467103581e-01 -1.340620786850151014e-02
-3.302846823989131764e-01 -1.362042706224826823e-02
-3.287605911406910608e-01 -1.383276671364557994e-02
-3.272524196986354439e-01 -1.404325729013122977e-02
-3.257599327809528877e-01 -1.425192859441135051e-02
-3.242829010779681442e-01 -1.445880990672861362e-02
-3.228211009231704010e-01 -1.466392999455045504e-02
-3.213743135673898244e-01 -1.486731710265578807e-02
-3.199423205808343829e-01 -1.506899875720145790e-02
-3.185249087779758459e-01 -1.526900200317590078e-02
-3.171218702174707360e-01 -1.546735342638774768e-02
-3.157330012363387950e-01 -1.566407912754072887e-02
-3.143581004181477678e-01 -1.585920463767586525e-02
-3.129969704675337749e-01 -1.605275502374665930e-02
-3.116494185433378306e-01 -1.624475492326902734e-02
-3.103152563891093396e-01 -1.643522856991467065e-02
-3.089942954413054110e-01 -1.662419954955513673e-02
-3.076863540224957227e-01 -1.681169119202340426e-02
-3.063912527630814897e-01 -1.699772634599376261e-02
-3.051088160487414047e-01 -1.718232747018185250e-02
-3.038388704273606300e-01 -1.736551655804587438e-02
-3.025812455091106412e-01 -1.754731519905892295e-02
-3.013357746959411387e-01 -1.772774463447089957e-02
-3.001022944072835874e-01 -1.790682572701073755e-02
-2.988806439553122196e-01 -1.808457896599775100e-02
-2.976706654202174174e-01 -1.826102447182465990e-02
-2.964722037243266439e-01 -1.843618201217889913e-02
-2.952851065040900669e-01 -1.861007100589671948e-02
-2.941092236977839725e-01 -1.878271050801914865e-02
-2.929444075809498060e-01 -1.895411922174048205e-02
-2.917905126480611067e-01 -1.912431550045646383e-02
-2.906473954939480797e-01 -1.929331734920132491e-02
-2.895149159006562556e-01 -1.946114250651505631e-02
-2.883929380058528058e-01 -1.962780853733523193e-02
-2.872813266837087043e-01 -1.979333260191996555e-02
-2.861799489803817376e-01 -1.995773155904298837e-02
-2.850886741114697087e-01 -2.012102197492432465e-02
-2.840073733983504711e-01 -2.028322012778365629e-02
-2.829359203670849809e-01 -2.044434202382065108e-02
-2.818741911555321944e-01 -2.060440343622215939e-02
-2.808220636150196570e-01 -2.076341984970087040e-02
-2.797794175360500124e-01 -2.092140648455888263e-02
-2.787461346388087624e-01 -2.107837830410489929e-02
-2.777220985214504112e-01 -2.123435001879446851e-02
-2.767071946658144488e-01 -2.138933609454901977e-02
-2.757013107582473865e-01 -2.154335078572749279e-02
-2.747043361226254032e-01 -2.169640809959635930e-02
-2.737161617817188142e-01 -2.184852180809613784e-02
-2.727366804689487778e-01 -2.199970545591548726e-02
-2.717657865844388954e-01 -2.214997236408589726e-02
-2.708033762290720792e-01 -2.229933563977723465e-02
-2.698493472092412526e-01 -2.244780818382767495e-02
-2.689035991349776888e-01 -2.259540270614555577e-02
-2.679660329622924886e-01 -2.274213169443673258e-02
-2.670365511763696520e-01 -2.288800743555038583e-02
-2.661150577505445591e-01 -2.303304201834306328e-02
-2.652014581110918034e-01 -2.317724733684478275e-02
-2.642956593780146912e-01 -2.332063511760020316e-02
-2.633975700845899715e-01 -2.346321690179493935e-02
-2.625071000332386273e-01 -2.360500403822515456e-02
-2.616241603832322737e-01 -2.374600769658024441e-02
-2.607486636227520083e-01 -2.388623887057581691e-02
-2.598805235423355398e-01 -2.402570838107358567e-02
-2.590196552097061566e-01 -2.416442687919752308e-02
-2.581659749459908060e-01 -2.430240484945282720e-02
-2.573194003369324578e-01 -2.443965261604949882e-02
-2.564798503591633194e-01 -2.457618036030765826e-02
-2.556472451132226764e-01 -2.471199810068978875e-02
-2.548215058815233580e-01 -2.484711570316674306e-02
-2.540025551350533761e-01 -2.498154288683556226e-02
-2.531903165216983220e-01 -2.511528922774969655e-02
-2.523847148561370046e-01 -2.524836416284696738e-02
-2.515856761113012818e-01 -2.538077699398554390e-02
-2.507931274114060249e-01 -2.551253689209631581e-02
-2.500069966010458611e-01 -2.564365285781830539e-02
-2.492272122418727198e-01 -2.577413372416926390e-02
-2.484537043182359906e-01 -2.590398823311630336e-02
-2.476864038290963466e-01 -2.603322499866514081e-02
-2.469252427720159404e-01 -2.616185250942163615e-02
-2.461701541298131068e-01 -2.628987913135796134e-02
-2.454210718580233930e-01 -2.641731311059786549e-02
-2.446779308731608371e-01 -2.654416257622690956e-02
-2.439406670224479046e-01 -2.667043554101670294e-02
-2.432092167881633460e-01 -2.679613987275716522e-02
-2.424835176249827973e-01 -2.692128333436681273e-02
-2.417635079334024550e-01 -2.704587358500315508e-02
-2.410491269725615893e-01 -2.716991817420894711e-02
-2.403403148468744033e-01 -2.729342454399782264e-02
-2.396370124931402057e-01 -2.741640003092839922e-02
-2.389391616681395825e-01 -2.753885186816863381e-02
-2.382467049367131273e-01 -2.766078718755369745e-02
-2.375595856268162831e-01 -2.778221301772285101e-02
-2.368777477592467762e-01 -2.790313627904392538e-02
-2.362011361754521865e-01 -2.802356380168254460e-02
-2.355296964695056949e-01 -2.814350232092095033e-02
-2.348633749717149721e-01 -2.826295847834614863e-02
-2.342021187373945212e-01 -2.838193882357994274e-02
-2.335458755360107774e-01 -2.850044981599856447e-02
-2.328945938407036009e-01 -2.861849782644330584e-02
-2.322482228177652486e-01 -2.873608913887418237e-02
-2.316067122578880366e-01 -2.885322994471537991e-02
-2.309700126085121596e-01 -2.896992634953185833e-02
-2.303380750009458300e-01 -2.908618437921204128e-02
-2.297108512103709088e-01 -2.920200997775617910e-02
-2.290882936460784669e-01 -2.931740900873095954e-02
-2.284703553420038280e-01 -2.943238725671282197e-02
-2.278569899475554605e-01 -2.954695042872276453e-02
-2.272481517187435740e-01 -2.966110415565325134e-02
-2.266437955022566619e-01 -2.977485399272391392e-02
-2.260438766836604940e-01 -2.988820541511373260e-02
-2.254483512463939798e-01 -3.000116382807267723e-02
-2.248571757467957011e-01 -3.011373456608983437e-02
-2.242703072987127511e-01 -3.022592289322565198e-02
-2.236877035653546675e-01 -3.033773400434978604e-02
-2.231093227513950283e-01 -3.044917302637081477e-02
-2.225351235953177131e-01 -3.056024501945981894e-02
-2.219650653620049152e-01 -3.067095497826967040e-02
-2.213991077951686093e-01 -3.078130782753309494e-02
-2.208372111063375831e-01 -3.089130842253222028e-02
-2.202793360581827564e-01 -3.100096156278837195e-02
-2.197254439073784982e-01 -3.111027198629151211e-02
-2.191754963971713766e-01 -3.121924437051750573e-02
-2.186294557509294023e-01 -3.132788333354854377e-02
-2.180872846659158981e-01 -3.143619343519420822e-02
-2.175489463072924901e-01 -3.154417917811362659e-02
-2.170144043023474467e-01 -3.165184500894087372e-02
-2.164836227349516973e-01 -3.175919531941414492e-02
-2.159565661402390591e-01 -3.186623444751126438e-02
-2.154331994995146160e-01 -3.197296667859138297e-02
-2.149134882353820053e-01 -3.207939624654393418e-02
-2.143973980378416633e-01 -3.218552730953913588e-02
-2.138848949604243987e-01 -3.229136396565528144e-02
-2.133759456001026178e-01 -3.239691028171956533e-02
-2.128705169592281510e-01 -3.250217027452183965e-02
-2.123685764402626353e-01 -3.260714791171080706e-02
-2.118700918406817846e-01 -3.271184711268980416e-02
-2.113750313480521059e-01 -3.281627174951357029e-02
-2.108833635352765912e-01 -3.292042564778763225e-02
-2.103950573560154080e-01 -3.302431258757025645e-02
-2.099100821402764550e-01 -3.312793630427873781e-02
-2.094284075901790276e-01 -3.323130048960056676e-02
-2.089500037758868778e-01 -3.333440879241120203e-02
-2.084748411294057857e-01 -3.343726481932817601e-02
-2.080028902826584758e-01 -3.353987211012396386e-02
-2.075341222264196206e-01 -3.364223416432012698e-02
-2.070685083693696582e-01 -3.374435445232140673e-02
-2.066060204558820834e-01 -3.384623640371271086e-02
-2.061466305617998263e-01 -3.394788340797608162e-02
-2.056903110903390286e-01 -3.404929881520836477e-02
-2.052370347681249652e-01 -3.415048593683944755e-02
-2.047867746413560286e-01 -3.425144804635241180e-02
-2.043395040720988320e-01 -3.435218838000597685e-02
-2.038951967347102934e-01 -3.445271013756068257e-02
-2.034538266123913641e-01 -3.455301648300865974e-02
-2.030153679938700440e-01 -3.465311054530816059e-02
-2.025797954635703835e-01 -3.475299541798479441e-02
-2.021470837715287350e-01 -3.485267413794858327e-02
-2.017172079990725286e-01 -3.495214971488790762e-02
-2.012901435530634331e-01 -3.505142513166605717e-02
-2.008658661202311624e-01 -3.515050333770546043e-02
-2.004443516637418599e-01 -3.524938724956300923e-02
-2.000255764198645425e-01 -3.534807975150550119e-02
-1.996095168947339682e-01 -3.544658369608612997e-02
-1.991961498612136172e-01 -3.554490190472170408e-02
-1.987854523558552355e-01 -3.564303716827195434e-02
-1.983774016759579095e-01 -3.574099224762092297e-02
-1.979719753767224533e-01 -3.583876987426180827e-02
-1.975691512685059936e-01 -3.593637275088485544e-02
-1.971689074033259881e-01 -3.603380354998678842e-02
-1.967712219821918795e-01 -3.613106489787403647e-02
-1.963760734976538191e-01 -3.622815940157871062e-02
-1.959834407007177981e-01 -3.632508964396107681e-02
-1.955933025771815215e-01 -3.642185818039476997e-02
-1.952056383448226573e-01 -3.651846753923164435e-02
-1.948204274506639966e-01 -3.661492022226599252e-02
-1.944376495683129147e-01 -3.671121870519958308e-02
-1.940572845953765224e-01 -3.680736543810714939e-02
-1.936793126509504248e-01 -3.690336284590371718e-02
-1.933037140731836134e-01 -3.699921332881317415e-02
-1.929304694169187151e-01 -3.709491926283903923e-02
-1.925595594514051823e-01 -3.719048300023827108e-02
-1.921909651440988909e-01 -3.728590686728346093e-02
-1.918246676019412789e-01 -3.738119315365556750e-02
-1.914606481806845339e-01 -3.747634413442415408e-02
-1.910988884458000581e-01 -3.757136206341801787e-02
-1.907393701609561010e-01 -3.766624917183624549e-02
-1.903820752857097454e-01 -3.776100766862727776e-02
-1.900269859732557631e-01 -3.785563974086853661e-02
-1.896740845682360621e-01 -3.795014755414582996e-02
-1.893233536046059762e-01 -3.804453325293381816e-02
-1.889747758035604797e-01 -3.813879896097716743e-02
-1.886283340715165513e-01 -3.823294678167369481e-02
-1.882840114981556290e-01 -3.832697879845865796e-02
-1.879417913545241847e-01 -3.842089707519120295e-02
-1.876016570743947454e-01 -3.851470365309540844e-02
-1.872635922211347281e-01 -3.860840054461552040e-02
-1.869275805686088088e-01 -3.870198975070868880e-02
-1.865936060644120542e-01 -3.879547325409535979e-02
-1.862616528243345171e-01 -3.888885301883929918e-02
-1.859317051304505142e-01 -3.898213099065832993e-02
-1.856037474292536738e-01 -3.907530909723503504e-02
-1.852777643298360866e-01 -3.916838924852818898e-02
-1.849537406021150576e-01 -3.926137333708416138e-02
-1.846316611751044612e-01 -3.935426323834952805e-02
-1.843115111352325863e-01 -3.944706081098443839e-02
-1.839932757247041972e-01 -3.953976789717770363e-02
-1.836769403399094447e-01 -3.963238632296324504e-02
-1.833624905033355568e-01 -3.972491789278782132e-02
-1.830499118501477118e-01 -3.981736438712335513e-02
-1.827391902062926177e-01 -3.990972757999652898e-02
-1.824303115446916923e-01 -4.000200923019765764e-02
-1.821232619822790444e-01 -4.009421108125140604e-02
-1.818180277785007293e-01 -4.018633486169605196e-02
-1.815145953338565266e-01 -4.027838228536390758e-02
-1.812129511884814359e-01 -4.037035505166323979e-02
-1.809130820207668910e-01 -4.046225484586275095e-02
-1.806149746460237460e-01 -4.055408333937760706e-02
-1.803186160151845907e-01 -4.064584219005822757e-02
-1.800239932135475340e-01 -4.073753304248141360e-02
-1.797310934595588439e-01 -4.082915752824483463e-02
-1.794399041036369991e-01 -4.092071726626420047e-02
-1.791504126270374586e-01 -4.101221386307381950e-02
-1.788626066407555948e-01 -4.110364891313111196e-02
-1.785764738809093310e-01 -4.119502399830264616e-02
-1.782920020935315208e-01 -4.128634066171783801e-02
-1.780091791794109757e-01 -4.137760044146106264e-02
-1.777279932078212887e-01 -4.146880487443784652e-02
-1.774484323669112962e-01 -4.155995548547905538e-02
-1.771704849624687883e-01 -4.165105378755528526e-02
-1.768941394167125036e-01 -4.174210128199237757e-02
-1.766193842671151815e-01 -4.183309945868748936e-02
-1.763462081652555913e-01 -4.192404979632657902e-02
-1.760745998757007880e-01 -4.201495376260280107e-02
-1.758045482749164834e-01 -4.210581281443692703e-02
-1.755360423502087264e-01 -4.219662839819892514e-02
-1.752690711986938099e-01 -4.228740194993160090e-02
-1.750036240262990428e-01 -4.237813489557600011e-02
-1.747396901467908048e-01 -4.246882865119937928e-02
-1.744772589808342711e-01 -4.255948462322512588e-02
-1.742163200550818636e-01 -4.265010420866523211e-02
-1.739568629813056655e-01 -4.274068879044565922e-02
-1.736988774036381245e-01 -4.283123972475641472e-02
-1.734423531242878236e-01 -4.292175837228869029e-02
-1.731872800521588041e-01 -4.301224608615752953e-02
-1.729336481941732562e-01 -4.310270421019580384e-02
-1.726814476542942733e-01 -4.319313407912763608e-02
-1.724306686325715599e-01 -4.328353701874267101e-02
-1.721813014242083717e-01 -4.337391434607165697e-02
-1.719333364186530488e-01 -4.346426736956266607e-02
-1.716867640987120025e-01 -4.355459738925873681e-02
-1.714415750396862392e-01 -4.364490569697661304e-02
-1.711977599085297008e-01 -4.373519357648741196e-02
-1.709553094630309189e-01 -4.382546230369842311e-02
-1.707142145510175124e-01 -4.391571314683671151e-02
-1.704744661095820568e-01 -4.400594736663492740e-02
-1.702360551643322117e-01 -4.409616621651873264e-02
-1.699989728286589730e-01 -4.418637094279576766e-02
-1.697632102574485602e-01 -4.427656277295870246e-02
-1.695287586782384115e-01 -4.436674292400907826e-02
-1.692956094388283483e-01 -4.445691261526849708e-02
-1.690637539691480229e-01 -4.454707305885273472e-02
-1.688331837804510627e-01 -4.463722545981013701e-02
-1.686038904645258407e-01 -4.472737101626109851e-02
-1.683758656929243147e-01 -4.481751091953774940e-02
-1.681491012162081577e-01 -4.490764635432428764e-02
-1.679235888632112095e-01 -4.499777849879860181e-02
-1.676993205403199683e-01 -4.508790852477438660e-02
-1.674762882307710699e-01 -4.517803759784452811e-02
-1.672544839939663353e-01 -4.526816687752534263e-02
-1.670338999648036948e-01 -4.535829751740253629e-02
-1.668145283530268197e-01 -4.544843066527805980e-02
-1.665963614425913231e-01 -4.553856746331842731e-02
-1.663793915910475041e-01 -4.562870904820490875e-02
-1.661636112237990515e-01 -4.571885654987027647e-02
-1.659490127930833003e-01 -4.580901108046667863e-02
-1.657355888472441807e-01 -4.589917375365681895e-02
-1.655233320137150799e-01 -4.598934568030472320e-02
-1.653122349885086384e-01 -4.607952796588818400e-02
-1.651022905355644110e-01 -4.616972171061130975e-02
-1.648934914861087675e-01 -4.625992800951789219e-02
-1.646858307380294761e-01 -4.635014795260505860e-02
-1.644793012552624722e-01 -4.644038262493752761e-02
-1.642738960671931425e-01 -4.653063310676244096e-02
-1.640696082680691281e-01 -4.662090047362538875e-02
-1.638664310164277549e-01 -4.671118579648678160e-02
-1.636643575345366197e-01 -4.680149014183922901e-02
-1.634633811078463339e-01 -4.689181457182624996e-02
-1.632634950844576160e-01 -4.698216014436165655e-02
-1.630646928746007918e-01 -4.707252791325023528e-02
-1.628669679501293932e-01 -4.716291892830960092e-02
-1.626703138291259454e-01 -4.725333423116544196e-02
-1.624747240692596129e-01 -4.734377485351293213e-02
-1.622801923111243938e-01 -4.743424182995138044e-02
-1.620867122542846983e-01 -4.752473619132487059e-02
-1.618942776559856855e-01 -4.761525896459821439e-02
-1.617028823306247975e-01 -4.770581117295105006e-02
-1.615125201492346174e-01 -4.779639383587221818e-02
-1.613231850389748590e-01 -4.788700796925497022e-02
-1.611348709826359027e-01 -4.797765458549244078e-02
-1.609475720181526015e-01 -4.806833469357361943e-02
-1.607612822381277173e-01 -4.815904929918051608e-02
-1.605759957893665713e-01 -4.824979940478553442e-02
-1.603917068724215467e-01 -4.834058600974995568e-02
-1.602084097411476393e-01 -4.843141011042298438e-02
-1.600260987022671666e-01 -4.852227270024218192e-02
-1.598447681149459121e-01 -4.861317476983451763e-02
-1.596644123896238943e-01 -4.870411730688789520e-02
-1.594850259644213231e-01 -4.879510128915624106e-02
-1.593066033346087207e-01 -4.888612769361835864e-02
-1.591291390548545404e-01 -4.897719749742041745e-02
-1.589526277290934930e-01 -4.906831167500897567e-02
-1.587770640100863440e-01 -4.915947119821017369e-02
-1.586024425989889242e-01 -4.925067703630882365e-02
-1.584287582449295795e-01 -4.934193015612788752e-02
-1.582560057445936696e-01 -4.943323152210886418e-02
-1.580841799418171711e-01 -4.952458209639206549e-02
-1.579132757271881626e-01 -4.961598283889786382e-02
-1.577432880376566648e-01 -4.970743470740812686e-02
-1.575742118561519745e-01 -4.979893865764873501e-02
-1.574060422112087965e-01 -4.989049564337246639e-02
-1.572387741766016200e-01 -4.998210661644248570e-02
-1.570724028709862274e-01 -5.007377252691704722e-02
-1.569069234575503069e-01 -5.016549432313461426e-02
-1.567423311363046468e-01 -5.025727294943783952e-02
-1.565786211262306105e-01 -5.034910934059313309e-02
-1.564157887113894474e-01 -5.044100443673850409e-02
-1.562538292210967072e-01 -5.053295917726258191e-02
-1.560927380268002651e-01 -5.062497449999197457e-02
-1.559325105417423141e-01 -5.071705134126659742e-02
-1.557731422206276584e-01 -5.080919063601610497e-02
-1.556146285593002221e-01 -5.090139331783665594e-02
-1.554569650944264692e-01 -5.099366031906875374e-02
-1.553001474031862617e-01 -5.108599257087553108e-02
-1.551441711029704906e-01 -5.117839100332249175e-02
-1.549890318510863396e-01 -5.127085654545766868e-02
-1.548347253444702087e-01 -5.136339012539276744e-02
-1.546812473194066062e-01 -5.145599267038566266e-02
-1.545285935512555886e-01 -5.154866510692359544e-02
-1.543767598541865571e-01 -5.164140836080760577e-02
-1.542257420809199642e-01 -5.173422335723784626e-02
-1.540755361224750708e-01 -5.182711102090058197e-02
-1.539261379079260861e-01 -5.192007227605589803e-02
-1.537775434041650235e-01 -5.201310804662673259e-02
-1.536297486156711911e-01 -5.210621925628952655e-02
-1.534827495842886746e-01 -5.219940682856589326e-02
-1.533365423696541885e-01 -5.229267168031472013e-02
-1.531911230131453305e-01 -5.238601470947906735e-02
-1.530464876436963828e-01 -5.247943683127814091e-02
-1.529026324303340567e-01 -5.257293896228853319e-02
-1.527595535766465840e-01 -5.266652201871740296e-02
-1.526172473205173186e-01 -5.276018691646518211e-02
-1.524757099338636679e-01 -5.285393457118835875e-02
-1.523349377223816026e-01 -5.294776589836308611e-02
-1.521949270252953845e-01 -5.304168181334912441e-02
-1.520556742151122909e-01 -5.313568323145495542e-02
-1.519171756973831111e-01 -5.322977106800298036e-02
-1.517794279104679456e-01 -5.332394623839557812e-02
-1.516424273253068056e-01 -5.341820965818222522e-02
-1.515061704451959868e-01 -5.351256224312694182e-02
-1.513706538055695772e-01 -5.360700490927675088e-02
-1.512358739737864888e-01 -5.370153857303076178e-02
-1.511018275489220963e-01 -5.379616415121050294e-02
-1.509685111615657604e-01 -5.389088256113080261e-02
-1.508359214736236520e-01 -5.398569472067146074e-02
-1.507040551781261839e-01 -5.408060154835036409e-02
-1.505729089990413549e-01 -5.417560396339715645e-02
-1.504424796910928674e-01 -5.427070288582813012e-02
-1.503127640256914366e-01 -5.436589923149710846e-02
-1.501837587713121536e-01 -5.446119390505353708e-02
-1.500554607593865830e-01 -5.455658782387969030e-02
-1.499278668530091008e-01 -5.465208190697554841e-02
-1.498009739440508692e-01 -5.474767707404906703e-02
-1.496747789529548622e-01 -5.484337424557193807e-02
-1.495492788285343599e-01 -5.493917434283603074e-02
-1.494244705477758284e-01 -5.503507828801007529e-02
-1.493003511156454910e-01 -5.513108700419747099e-02
-1.491769175649004520e-01 -5.522720141549411488e-02
-1.490541669559034832e-01 -5.532342244704687578e-02
-1.489320963764420302e-01 -5.541975102511320639e-02
-1.488107029415512428e-01 -5.551618807712074832e-02
-1.486899837933409185e-01 -5.561273453172808218e-02
-1.485699361008269992e-01 -5.570939131888571344e-02
-1.484505570597660362e-01 -5.580615936989839071e-02
-1.483318438924947913e-01 -5.590303961748767370e-02
-1.482137938477733896e-01 -5.600003299585525063e-02
-1.480964042006321646e-01 -5.609714044074750466e-02
-1.479796722522229435e-01 -5.619436288952044806e-02
-1.478635953296742467e-01 -5.629170128120569022e-02
-1.477481707859504001e-01 -5.638915655657706499e-02
-1.476333959878974589e-01 -5.648672965369719301e-02
-1.475192683041893493e-01 -5.658442150335678961e-02
-1.474057851538619901e-01 -5.668223304774250987e-02
-1.472929439820035158e-01 -5.678016523130421239e-02
-1.471807422580170555e-01 -5.687821900020509358e-02
-1.470691774754615544e-01 -5.697639530237366690e-02
-1.469582471518963707e-01 -5.707469508755607518e-02
-1.468479488287280366e-01 -5.717311930736929809e-02
-1.467382800710609059e-01 -5.727166891535441506e-02
-1.466292384675506877e-01 -5.737034486703031233e-02
-1.465208216302607558e-01 -5.746914811994854877e-02
-1.464130271945218997e-01 -5.756807963374804132e-02
-1.463058528187950735e-01 -5.766714037021082595e-02
-1.461992961845372530e-01 -5.776633129331794347e-02
-1.460933549960700406e-01 -5.786565336930653974e-02
-1.459880269804516573e-01 -5.796510756672699355e-02
-1.458833098873519585e-01 -5.806469485650109230e-02
-1.457792014889306431e-01 -5.816441621198045753e-02
-1.456756995797177934e-01 -5.826427260900621935e-02
-1.455728019764984671e-01 -5.836426502596884364e-02
-1.454705065181993995e-01 -5.846439444386902079e-02
-1.453688110657797294e-01 -5.856466184637892924e-02
-1.452677134920959956e-01 -5.866506821585524417e-02
-1.451672116751102914e-01 -5.876561453064576418e-02
-1.450673035334114069e-01 -5.886630177952634907e-02
-1.449679870074666033e-01 -5.896713095427182083e-02
-1.448692600586012069e-01 -5.906810304934462241e-02
-1.447711206688744312e-01 -5.916921906194486103e-02
-1.446735668409586117e-01 -5.927047999206042778e-02
-1.445765965980195522e-01 -5.937188684251799159e-02
-1.444802079836002284e-01 -5.947344061903403478e-02
-1.443843990615064909e-01 -5.957514233026622863e-02
-1.442891679156948770e-01 -5.967699298786592610e-02
-1.441945126501630869e-01 -5.977899360653040478e-02
-1.441004313888427091e-01 -5.988114520405604657e-02
-1.440069222754943312e-01 -5.998344880139170471e-02
-1.439139834736045398e-01 -6.008590542269294510e-02
-1.438216131662859998e-01 -6.018851609537668318e-02
-1.437298095561792277e-01 -6.029128185017598035e-02
-1.436385708653568349e-01 -6.039420372119617964e-02
-1.435478953352302411e-01 -6.049728274597091643e-02
-1.434577812264584418e-01 -6.060051996551907988e-02
-1.433682268188594400e-01 -6.070391642440210733e-02
-1.432792304113235105e-01 -6.080747317078236819e-02
-1.431907903151137806e-01 -6.091119125366773607e-02
-1.431029048513621504e-01 -6.101507172190524797e-02
-1.430155723711438454e-01 -6.111911563281004905e-02
-1.429287912442779862e-01 -6.122332404751650720e-02
-1.428425598588571044e-01 -6.132769803086986216e-02
-1.427568766211552154e-01 -6.143223865147789259e-02
-1.426717399555376409e-01 -6.153694698176357530e-02
-1.425871483043731625e-01 -6.164182409801763352e-02
-1.425031001279476184e-01 -6.174687108045150835e-02
-1.424195939043794157e-01 -6.185208901325154468e-02
-1.423366281295371238e-01 -6.195747898463269815e-02
-1.422542013169587893e-01 -6.206304208689345653e-02
-1.421723119977733318e-01 -6.216877941647069167e-02
-1.420909587206232172e-01 -6.227469207399566331e-02
-1.420101400515896006e-01 -6.238078116435001597e-02
-1.419298545741192463e-01 -6.248704779672238641e-02
-1.418501008889528348e-01 -6.259349308466596873e-02
-1.417708776140556570e-01 -6.270011814615612800e-02
-1.416921833845496692e-01 -6.280692410364890899e-02
-1.416140168526478782e-01 -6.291391208413979474e-02
-1.415363766875901430e-01 -6.302108321922361700e-02
-1.414592615755808358e-01 -6.312843864515459147e-02
-1.413826700138395565e-01 -6.323597941081918195e-02
-1.413066011629904306e-01 -6.334370685889340047e-02
-1.412310534941109141e-01 -6.345162202132628715e-02
-1.411560257594098311e-01 -6.355972605295968914e-02
-1.410815167271836368e-01 -6.366802011333200229e-02
-1.410075251817813624e-01 -6.377650536674711601e-02
-1.409340499235703092e-01 -6.388518298234288628e-02
-1.408610897689011321e-01 -6.399405413415928945e-02
-1.407886435500727285e-01 -6.410312000120728382e-02
-1.407167101152972111e-01 -6.421238176753664428e-02
-1.406452883286645472e-01 -6.432184062230432431e-02
-1.405743770701070594e-01 -6.443149775984212402e-02
-1.405039752353637872e-01 -6.454135437972503830e-02
-1.404340817359445159e-01 -6.465141168683875839e-02
-1.403646954990940554e-01 -6.476167089144728439e-02
-1.402958154677559077e-01 -6.487213320926069060e-02
-1.402274406005359630e-01 -6.498279986150246046e-02
-1.401595698716660010e-01 -6.509367207497683550e-02
-1.400922022709672754e-01 -6.520475108213585891e-02
-1.400253368038133495e-01 -6.531603812114676610e-02
-1.399589724910934030e-01 -6.542753443595887564e-02
-1.398931083691750121e-01 -6.553924127637014707e-02
-1.398277434767085659e-01 -6.565115989191643020e-02
-1.397628768487128303e-01 -6.576329152910533049e-02
-1.396985075447618185e-01 -6.587563744469500382e-02
-1.396346346349552625e-01 -6.598819889919474435e-02
-1.395712571992427931e-01 -6.610097715660495643e-02
-1.395083743269583398e-01 -6.621397348425199503e-02
-1.394459851264078509e-01 -6.632718915740241916e-02
-1.393840887929130856e-01 -6.644062549180108912e-02
-1.393226845128759384e-01 -6.655428379829503305e-02
-1.392617714834900600e-01 -6.666816539223117954e-02
-1.392013489243764945e-01 -6.678227159910031518e-02
-1.391414160783721321e-01 -6.689660375503898859e-02
nan nan
nan nan
nan nan
nan nan
nan nan
nan nan
nan nan
nan nan
-1.384065319751736078e-01 -6.840410198848487222e-02
-1.383533822420459636e-01 -6.852174081617438961e-02
-1.383007121550531571e-01 -6.863962624373869115e-02
-1.382485211280273796e-01 -6.875775969067203508e-02
-1.381968085974874250e-01 -6.887614258819989288e-02
-1.381455740217577555e-01 -6.899477637896668514e-02
-1.380948168693568456e-01 -6.911366251134737348e-02
-1.380445365994472096e-01 -6.923280242970548948e-02
-1.379947327566778958e-01 -6.935219762201855209e-02
-1.379454049036409335e-01 -6.947184958631967555e-02
-1.378965526113291318e-01 -6.959175982598578281e-02
-1.378481754595528297e-01 -6.971192985000293496e-02
-1.378002730375608442e-01 -6.983236117333826987e-02
-1.377528449578016012e-01 -6.995305532398815584e-02
-1.377058908281041105e-01 -7.007401382895502018e-02
-1.376594102574949241e-01 -7.019523821720000112e-02
-1.376134028691423095e-01 -7.031673002627497615e-02
-1.375678683003266900e-01 -7.043849080239282523e-02
-1.375228062024105857e-01 -7.056052210049763851e-02
-1.374782162408083319e-01 -7.068282548433540979e-02
-1.374340980949558810e-01 -7.080540252652403610e-02
-1.373904514582798830e-01 -7.092825480862363641e-02
-1.373472760381675706e-01 -7.105138392120653734e-02
-1.373045715559350344e-01 -7.117479146392756417e-02
-1.372623377467966088e-01 -7.129847904559412364e-02
-1.372205743598334804e-01 -7.142244828423577330e-02
-1.371792811579619353e-01 -7.154670080717462355e-02
-1.371384579179018570e-01 -7.167123825109490698e-02
-1.370981044301447793e-01 -7.179606226211288078e-02
-1.370582204989217734e-01 -7.192117449584635447e-02
-1.370188059421710847e-01 -7.204657661748462005e-02
-1.369798605915058809e-01 -7.217227030185804915e-02
-1.369413842921814173e-01 -7.229825723350725986e-02
-1.369033769030621739e-01 -7.242453910675307471e-02
-1.368658385529888666e-01 -7.255111776168053639e-02
-1.368287687012904874e-01 -7.267799468658038553e-02
-1.367921674473638605e-01 -7.280517171137776411e-02
-1.367560347053734249e-01 -7.293265057094001913e-02
-1.367203704036037137e-01 -7.306043301062851991e-02
-1.366851744844506944e-01 -7.318852078638472813e-02
-1.366504469044139414e-01 -7.331691566481760014e-02
-1.366161876340909187e-01 -7.344561942329161375e-02
-1.365823966581725668e-01 -7.357463385001615508e-02
-1.365490739754408323e-01 -7.370396074413579357e-02
-1.365162195987672800e-01 -7.383360191582204191e-02
-1.364838335551134541e-01 -7.396355918636586535e-02
-1.364519158855332925e-01 -7.409383438827121804e-02
-1.364204666451761805e-01 -7.422442936535038338e-02
-1.363894859032923068e-01 -7.435534597281968916e-02
-1.363589737432391868e-01 -7.448658607739677695e-02
-1.363289302624900723e-01 -7.461815155739888461e-02
-1.362993555726433326e-01 -7.475004430284259982e-02
-1.362702497994336959e-01 -7.488226621554446016e-02
-1.362416130827453775e-01 -7.501481920922270508e-02
-1.362134455766259578e-01 -7.514770520960074862e-02
-1.361857474493021192e-01 -7.528092615451127678e-02
-1.361585188835548466e-01 -7.541448399420005999e-02
-1.361317600872800904e-01 -7.554838069728499195e-02
-1.361054712743274275e-01 -7.568261824025798723e-02
-1.360796526668329454e-01 -7.581719860883660844e-02
-1.360543045015175367e-01 -7.595212380154482690e-02
-1.360294270296941443e-01 -7.608739582981723093e-02
-1.360050205172773918e-01 -7.622301671810416401e-02
-1.359810852447947693e-01 -7.635898850397866700e-02
-1.359576215074000671e-01 -7.649531323824447504e-02
-1.359346296148881972e-01 -7.663199298504604073e-02
-1.359121098917122350e-01 -7.676902982197955638e-02
-1.358900626770021824e-01 -7.690642584020566941e-02
-1.358684883245858122e-01 -7.704418314456341899e-02
-1.358473872030108720e-01 -7.718230385368636537e-02
-1.358267596955694545e-01 -7.732079010011935760e-02
-1.358066062003242813e-01 -7.745964403043760493e-02
-1.357869271301366809e-01 -7.759886780536658091e-02
-1.357677229126960927e-01 -7.773846359990427279e-02
-1.357489939905518195e-01 -7.787843360344437471e-02
-1.357307408211464450e-01 -7.801878001990121547e-02
-1.357129638768507784e-01 -7.815950506783654606e-02
-1.356956636450008524e-01 -7.830061098058760383e-02
-1.356788406287713356e-01 -7.844210000687963646e-02
-1.356624953645766962e-01 -7.858397442101813790e-02
-1.356466283888202173e-01 -7.872623650380128346e-02
-1.356312402441960108e-01 -7.886888854620945077e-02
-1.356163314890740379e-01 -7.901193285493329777e-02
-1.356019026975193997e-01 -7.915537175249841295e-02
-1.355879544593137642e-01 -7.929920757739154780e-02
-1.355744873799796246e-01 -7.944344268418893074e-02
-1.355615020808070836e-01 -7.958807944368638532e-02
-1.355489991988821086e-01 -7.973312024303183532e-02
-1.355369793871185058e-01 -7.987856748585947519e-02
-1.355254433142912829e-01 -8.002442359242571690e-02
-1.355143916650728420e-01 -8.017069099974795388e-02
-1.355038251400713101e-01 -8.031737216174453242e-02
-1.354937444558713955e-01 -8.046446954937727658e-02
-1.354841503450776585e-01 -8.061198565079581713e-02
-1.354750435563597810e-01 -8.075992297148430754e-02
-1.354664248545003336e-01 -8.090828403441004124e-02
-1.354582950204451797e-01 -8.105707138017406721e-02
-1.354506548513554620e-01 -8.120628756716424812e-02
-1.354435051606625307e-01 -8.135593517171037237e-02
-1.354368467781247865e-01 -8.150601678824120899e-02
-1.354306805513306178e-01 -8.165653503031432281e-02
-1.354250073678671396e-01 -8.180749254414076965e-02
-1.354198281107213686e-01 -8.195889198185250801e-02
-1.354151436692936361e-01 -8.211073600818594165e-02
-1.354109549502709176e-01 -8.226302730715688571e-02
-1.354072628776611664e-01 -8.241576858221255630e-02
-1.354040683928304789e-01 -8.256896255638625226e-02
-1.354013724545438113e-01 -8.272261197245465991e-02
-1.353991760390080845e-01 -8.287671959309798886e-02
-1.353974801399191186e-01 -8.303128820106275843e-02
-1.353962857685112042e-01 -8.318632059932670741e-02
-1.353955939536098940e-01 -8.334181961126740923e-02
-1.353954057416876799e-01 -8.349778808083271886e-02
-1.353957221969228075e-01 -8.365422887271448116e-02
-1.353965444012613928e-01 -8.381114487252459833e-02
-1.353978734544819262e-01 -8.396853898697452523e-02
-1.353997104742630520e-01 -8.412641414405687412e-02
-1.354020565962548162e-01 -8.428477329323015577e-02
-1.354049129741518587e-01 -8.444361940560653201e-02
-1.354082807797705179e-01 -8.460295547414216355e-02
-1.354121612031279898e-01 -8.476278451383048584e-02
-1.354165554525254000e-01 -8.492310956189845494e-02
-1.354214647570405605e-01 -8.508393367951865016e-02
-1.354268903945617109e-01 -8.524525996961566932e-02
-1.354328336323452342e-01 -8.540709153970493794e-02
-1.354392957446449719e-01 -8.556943151300980266e-02
-1.354462780252793930e-01 -8.573228303649749193e-02
-1.354537817876843298e-01 -8.589564928106832586e-02
-1.354618083649701543e-01 -8.605953344174817332e-02
-1.354703591099827020e-01 -8.622393873788522511e-02
-1.354794353953681085e-01 -8.638886841334930677e-02
-1.354890386136420599e-01 -8.655432573673534080e-02
-1.354991701772623736e-01 -8.672031400157061143e-02
-1.355098315187059921e-01 -8.688683652652499922e-02
-1.355210240905494190e-01 -8.705389665562540680e-02
-1.355327493655535676e-01 -8.722149775847375108e-02
-1.355450088367521899e-01 -8.738964323046832794e-02
-1.355578040175437204e-01 -8.755833649302950661e-02
-1.355711364417880038e-01 -8.772758099382854668e-02
-1.355850076639056601e-01 -8.789738020702078658e-02
-1.355994192589820846e-01 -8.806773763348216266e-02
-1.356143728228745293e-01 -8.823865680104973908e-02
-1.356298699723236523e-01 -8.841014126476620660e-02
-1.356459123450683146e-01 -8.858219460712794813e-02
-1.356625016046108245e-01 -8.875482044137769644e-02
-1.356796394819969886e-01 -8.892802243909136983e-02
-1.356973276821273333e-01 -8.910180426911466778e-02
-1.357155679156109851e-01 -8.927616961841215726e-02
-1.357343619159505077e-01 -8.945112220347813115e-02
-1.357537114396074607e-01 -8.962666577056911665e-02
-1.357736182660727597e-01 -8.980280409594054714e-02
-1.357940841979420055e-01 -8.997954098608869355e-02
-1.358151110609976675e-01 -9.015688027799713400e-02
-1.358367007042950436e-01 -9.033482583938856614e-02
-1.358588550002546302e-01 -9.051338156898110221e-02
-1.358815758447592115e-01 -9.069255139674967103e-02
-1.359048651572566657e-01 -9.087233928419274909e-02
-1.359287248808678794e-01 -9.105274922460354636e-02
-1.359531569824994346e-01 -9.123378524334684048e-02
-1.359781634529625971e-01 -9.141545139814057086e-02
-1.360037463070962183e-01 -9.159775177934274815e-02
-1.360299075838956040e-01 -9.178069051024349834e-02
-1.360566493466464633e-01 -9.196427174736222787e-02
-1.360839736830632696e-01 -9.214849968075010389e-02
-1.361118827054339508e-01 -9.233337853429783582e-02
-1.361403785507680486e-01 -9.251891256604878599e-02
-1.361694633833598067e-01 -9.270510607015733373e-02
-1.361991394118233500e-01 -9.289196338873710601e-02
-1.362294088489153510e-01 -9.307948888474559812e-02
-1.362602739269259122e-01 -9.326768695260882758e-02
-1.362917369042205562e-01 -9.345656202289273629e-02
-1.363238000653892723e-01 -9.364611856263128919e-02
-1.363564657213997555e-01 -9.383636107566042939e-02
-1.363897362097571675e-01 -9.402729410295794510e-02
-1.364236138946693100e-01 -9.421892222298904052e-02
-1.364581011672170996e-01 -9.441125005205841525e-02
-1.364932004455308157e-01 -9.460428224466789493e-02
-1.365289141749713997e-01 -9.479802349388030680e-02
-1.365652448283181386e-01 -9.499247853168944766e-02
-1.366021949059603724e-01 -9.518765212939626907e-02
-1.366397669360958911e-01 -9.538354909799129366e-02
-1.366779634749339944e-01 -9.558017428854267972e-02
-1.367167871069039087e-01 -9.577753259259151608e-02
-1.367562404531535714e-01 -9.597562894836697556e-02
-1.367963261694251365e-01 -9.617446833959782115e-02
-1.368370469206852957e-01 -9.637405577793727030e-02
-1.368784054011682738e-01 -9.657439631724039353e-02
-1.369204043351982536e-01 -9.677549505440678768e-02
-1.369630464773709810e-01 -9.697735712977681444e-02
-1.370063346127421700e-01 -9.717998772753583259e-02
-1.370502715570237895e-01 -9.738339207612591031e-02
-1.370948601567865688e-01 -9.758757544866475397e-02
-1.371401032896705785e-01 -9.779254316337286645e-02
-1.371860038646016966e-01 -9.799830058400842148e-02
-1.372325648220154570e-01 -9.820485312030927116e-02
-1.372797891340882814e-01 -9.841220622844347454e-02
-1.373276798049746783e-01 -9.862036541146741719e-02
-1.373762398710518806e-01 -9.882933621979182737e-02
-1.374254724011708118e-01 -9.903912425165561917e-02
-1.374753804975485938e-01 -9.924973515406568247e-02
-1.375259673157692153e-01 -9.946117463756504185e-02
-1.375772360279800266e-01 -9.967344844999995179e-02
-1.376291898283500403e-01 -9.988656238067954163e-02
-1.376818319458653628e-01 -1.001005222699134223e-01
-1.377351656445455763e-01 -1.003153340094858348e-01
-1.377891942236689760e-01 -1.005310035431398463e-01
-1.378439210180074370e-01 -1.007475368670711358e-01
-1.378993493980692209e-01 -1.009649400304317851e-01
-1.379554827703513009e-01 -1.011832191358431887e-01
-1.380123245776009033e-01 -1.014023803399195095e-01
-1.380698782990851525e-01 -1.016224298538008497e-01
-1.381281474508697371e-01 -1.018433739436961499e-01
-1.381871355861062078e-01 -1.020652189314363301e-01
-1.382468462953286292e-01 -1.022879711950374776e-01
-1.383072832067576696e-01 -1.025116371692744305e-01
-1.383684499866137396e-01 -1.027362233462639912e-01
-1.384303503476290442e-01 -1.029617362821501902e-01
-1.384929880629268417e-01 -1.031881826078574621e-01
-1.385563669081524285e-01 -1.034155689864012934e-01
-1.386204906954297544e-01 -1.036439021384057690e-01
-1.386853632778944634e-01 -1.038731888458495622e-01
-1.387509885499556561e-01 -1.041034359526438052e-01
-1.388173704475687831e-01 -1.043346503652230889e-01
-1.388845129485217489e-01 -1.045668390531487441e-01
-1.389524200727312031e-01 -1.048000090497251541e-01
-1.390210958825510434e-01 -1.050341674526285157e-01
-1.390905444830921045e-01 -1.052693214245482428e-01
-1.391607700225537259e-01 -1.055054781938421643e-01
-1.392317766925663669e-01 -1.057426450552036434e-01
-1.393035687285449908e-01 -1.059808293703424914e-01
-1.393761504100547721e-01 -1.062200385686787596e-01
-1.394495260611867682e-01 -1.064602801480497990e-01
-1.395237000509457204e-01 -1.067015616754307256e-01
-1.395986768242396814e-01 -1.069438908111038228e-01
-1.396744608624699291e-01 -1.071872752790508365e-01
-1.397510566577724600e-01 -1.074317228475284852e-01
-1.398284687507481416e-01 -1.076772413583308580e-01
-1.399067017307649985e-01 -1.079238387274818606e-01
-1.399857602362722664e-01 -1.081715229459420946e-01
-1.400656489551308226e-01 -1.084203020803324036e-01
-1.401463726249583819e-01 -1.086701842736736423e-01
-1.402279360334907632e-01 -1.089211777461440989e-01
-1.403103440189579498e-01 -1.091732907958529036e-01
-1.403936014704747215e-01 -1.094265317996308690e-01
-1.404777133284475232e-01 -1.096809092138382458e-01
-1.405626845849952400e-01 -1.099364315751898413e-01
-1.406485202843853477e-01 -1.101931075015970679e-01
-1.407352255234846361e-01 -1.104509456930276995e-01
-1.408228054522243644e-01 -1.107099549323825455e-01
-1.409112652802883836e-01 -1.109701440912788523e-01
-1.410006103182783188e-01 -1.112315221630890832e-01
-1.410908458756696959e-01 -1.114940981831486211e-01
-1.411819773032712000e-01 -1.117578812625222712e-01
-1.412740100097628348e-01 -1.120228806015649003e-01
-1.413669494620745926e-01 -1.122891054907826786e-01
-1.414608011857843572e-01 -1.125565653117162612e-01
-1.415555707655375695e-01 -1.128252695378458015e-01
-1.416512638454841544e-01 -1.130952277355174868e-01
-1.417478861297376547e-01 -1.133664495648927517e-01
-1.418454433828525985e-01 -1.136389447809187103e-01
-1.419439414303215741e-01 -1.139127232343217361e-01
-1.420433861590919000e-01 -1.141877948726228859e-01
-1.421437835181011689e-01 -1.144641697411758891e-01
-1.422451395188329970e-01 -1.147418579842281738e-01
-1.423474602358898444e-01 -1.150208698460040702e-01
-1.424507518075867341e-01 -1.153012156718116604e-01
-1.425550204750888617e-01 -1.155829059404087367e-01
-1.426602725709206487e-01 -1.158659512555780535e-01
-1.427665144031951272e-01 -1.161503622527719909e-01
-1.428737523471776405e-01 -1.164361496737644081e-01
-1.429819928485371872e-01 -1.167233243699735967e-01
-1.430912424237807956e-01 -1.170118973035125937e-01
-1.432015076607170423e-01 -1.173018795482697330e-01
-1.433127952189461873e-01 -1.175932822910177450e-01
-1.434251118303776495e-01 -1.178861168325538583e-01
-1.435384642997749038e-01 -1.181803945888692392e-01
-1.436528595053266077e-01 -1.184761270923483240e-01
-1.437683043992460108e-01 -1.187733259929993901e-01
-1.438848060083953440e-01 -1.190720030597152146e-01
-1.440023714349370210e-01 -1.193721701815638886e-01
-1.441210078570124564e-01 -1.196738393691113150e-01
-1.442407225294451423e-01 -1.199770227557745705e-01
-1.443615227855884198e-01 -1.202817326001372339e-01
-1.444834160712341331e-01 -1.205879813150433216e-01
-1.446064098826981281e-01 -1.208957814168715450e-01
-1.447305117769608351e-01 -1.212051455346306733e-01
-1.448557293932506984e-01 -1.215160864287421760e-01
-1.449820704537756189e-01 -1.218286169924892304e-01
-1.451095427644829294e-01 -1.221427502535004234e-01
-1.452381542158490135e-01 -1.224584993752682316e-01
-1.453679127836973173e-01 -1.227758776587028894e-01
-1.454988265300465600e-01 -1.230948985437221310e-01
-1.456309036039858118e-01 -1.234155756108765017e-01
-1.457641522425785485e-01 -1.237379225830097795e-01
-1.458985807717957661e-01 -1.240619533269566310e-01
-1.460341976102549899e-01 -1.243876818576429150e-01
-1.461710112971862929e-01 -1.247151223628932548e-01
-1.463090304289764165e-01 -1.250442891503512344e-01
-1.464482636844155750e-01 -1.253751966697924103e-01
-1.465887198385886214e-01 -1.257078595259235043e-01
-1.467304077637406057e-01 -1.260422924801167244e-01
-1.468733364301811617e-01 -1.263785104521896185e-01
-1.470175149072240062e-01 -1.267165285222293103e-01
-1.471629523641649895e-01 -1.270563619324616977e-01
-1.473096580712958126e-01 -1.273980260891657834e-01
-1.474576414009557690e-01 -1.277415365646347167e-01
-1.476069118286183757e-01 -1.280869090991811066e-01
-1.477574789340141137e-01 -1.284341596031893240e-01
-1.479093524093224310e-01 -1.287833041653368982e-01
-1.480625420884747745e-01 -1.291343590793069818e-01
-1.482170578624976420e-01 -1.294873407712049118e-01
-1.483729097240366335e-01 -1.298422658392803242e-01
-1.485301077791004454e-01 -1.301991510653134065e-01
-1.486886622480957099e-01 -1.305580134167063644e-01
-1.488485834669092123e-01 -1.309188700486332013e-01
-1.490098818880401521e-01 -1.312817383062472032e-01
-1.491725680817774791e-01 -1.316466357269461263e-01
-1.493366527374261898e-01 -1.320135800426956996e-01
-1.495021466645790609e-01 -1.323825891824113032e-01
-1.496690607944367035e-01 -1.327536812743998762e-01
-1.498374061811725277e-01 -1.331268746488594168e-01
-1.500071940191183562e-01 -1.335021878544782048e-01
-1.501784356670080589e-01 -1.338796396814853351e-01
-1.503511425389636724e-01 -1.342592490659333948e-01
-1.505253261741772153e-01 -1.346410351528432858e-01
-1.507009982463203002e-01 -1.350250173059805436e-01
-1.508781705647734006e-01 -1.354112151103820938e-01
-1.510568550759170126e-01 -1.357996483749558669e-01
-1.512370638644848220e-01 -1.361903371351569081e-01
-1.514188091549812931e-01 -1.365833016557389257e-01
-1.516021033131586815e-01 -1.369785624335820573e-01
-1.517869588475567466e-01 -1.373761402005966858e-01
-1.519733884111031941e-01 -1.377760559267046381e-01
-1.521614048027737365e-01 -1.381783308228970997e-01
-1.523510210009310917e-01 -1.385829863731306844e-01
-1.525422501665658626e-01 -1.389900443391144380e-01
-1.527351055180805883e-01 -1.393995266478932904e-01
-1.529296004281058274e-01 -1.398114554812762700e-01
-1.531257484298704230e-01 -1.402258532833355331e-01
-1.533235632186666364e-01 -1.406427427634723004e-01
-1.535230586533977981e-01 -1.410621468995816308e-01
-1.537242487582108352e-01 -1.414840889413176706e-01
-1.539271477242079578e-01 -1.419085924134572685e-01
-1.541317699112433881e-01 -1.423356811193658977e-01
-1.543381298497994436e-01 -1.427653791445628595e-01
-1.545462422429432214e-01 -1.431977108603896542e-01
-1.547561219683645517e-01 -1.436327009277793554e-01
-1.549677841382308963e-01 -1.440703743548074067e-01
-1.551812440540558669e-01 -1.445107564570436709e-01
-1.553965170878329194e-01 -1.449538727487150458e-01
-1.556136188011520982e-01 -1.453997490551248717e-01
-1.558325649485842457e-01 -1.458484115178806106e-01
-1.560533714794624383e-01 -1.462998865986621655e-01
-1.562760545397745560e-01 -1.467542010831212052e-01
-1.565006304741642373e-01 -1.472113820849119958e-01
-1.567271158280433563e-01 -1.476714570498563750e-01
-1.569555273498092207e-01 -1.481344537602405087e-01
-1.571858819931727658e-01 -1.486004003392474293e-01
-1.574181969195913855e-01 -1.490693252555228276e-01
-1.576524895008082350e-01 -1.495412573278776247e-01
-1.578887774186892579e-01 -1.500162258224719825e-01
-1.581270785317003547e-01 -1.504942603288695890e-01
-1.583674108033617245e-01 -1.509753906939149681e-01
-1.586097924284759764e-01 -1.514596471437958114e-01
-1.588542418352248409e-01 -1.519470602885894528e-01
-1.591007776874072688e-01 -1.524376611269785409e-01
-1.593494188868204153e-01 -1.529314810511395728e-01
-1.596001845757858972e-01 -1.534285518518067881e-01
-1.598530941398173533e-01 -1.539289057235110336e-01
-1.601081672104323894e-01 -1.544325752699970689e-01
-1.603654236681028578e-01 -1.549395935098172028e-01
-1.606248836453457451e-01 -1.554499938821029548e-01
-1.608865675305006793e-01 -1.559638102530474524e-01
-1.611504960074694459e-01 -1.564810769573601323e-01
-1.614166899936101407e-01 -1.570018287410634428e-01
-1.616851706461448213e-01 -1.575261007704517047e-01
-1.619559593949323750e-01 -1.580539286668563304e-01
-1.622290779460716370e-01 -1.585853485132340812e-01
-1.625045482856520562e-01 -1.591203968609500585e-01
-1.627823926836521329e-01 -1.596591107367590079e-01
-1.630626336979799085e-01 -1.602015276499831054e-01
-1.633452941836924244e-01 -1.607476856048417058e-01
-1.636303973090348918e-01 -1.612976231196127930e-01
-1.639179665111351603e-01 -1.618513791863876172e-01
-1.642080255313513870e-01 -1.624089933091841520e-01
-1.645005984247212283e-01 -1.629705055167733896e-01
-1.647957095643047265e-01 -1.635359563705479635e-01
-1.650933836457006976e-01 -1.641053869726288306e-01
-1.653936456917416975e-01 -1.646788389742117609e-01
-1.656965210573609626e-01 -1.652563545841539416e-01
-1.660020354559712530e-01 -1.658379765991191690e-01
-1.663102149378920258e-01 -1.664237483860237787e-01
-1.666210858651583082e-01 -1.670137138606619942e-01
-1.669346749583294764e-01 -1.676079175383876907e-01
-1.672510093016648935e-01 -1.682064045434184529e-01
-1.675701163482322398e-01 -1.688092206181457389e-01
-1.678920239252378044e-01 -1.694164121327433048e-01
-1.682167602395816530e-01 -1.700280260950807754e-01
-1.685443538870159685e-01 -1.706441101643638436e-01
-1.688748338977349994e-01 -1.712647127018408766e-01
-1.692082296434166688e-01 -1.718898826812512992e-01
-1.695445708845032817e-01 -1.725196697410554814e-01
-1.698838877993556762e-01 -1.731541242186930285e-01
-1.702262109899748688e-01 -1.737932971612416999e-01
-1.705715714880182421e-01 -1.744372403364630453e-01
-1.709200007611037797e-01 -1.750860062442308185e-01
-1.712715307194010994e-01 -1.757396481283479139e-01
-1.716261937739399779e-01 -1.763982200416122637e-01
-1.719840228521171410e-01 -1.770617768674500603e-01
-1.723450511582936828e-01 -1.777303740788639119e-01
-1.727093123784934625e-01 -1.784040679536799678e-01
-1.730768406984824204e-01 -1.790829155988445942e-01
-1.734476708087839547e-01 -1.797669749613995949e-01
-1.738218379102076661e-01 -1.804563048400763259e-01
-1.741993777198924120e-01 -1.811509648975136999e-01
-1.745803264791487563e-01 -1.818510156744466699e-01
-1.749647212338995839e-01 -1.825565188884384349e-01
-1.753525993397342386e-01 -1.832675369251994535e-01
-1.757439984618134055e-01 -1.839841328428108991e-01
-1.761389568713197518e-01 -1.847063706869414845e-01
-1.765375134464798879e-01 -1.854343154988974673e-01
-1.769397076746468400e-01 -1.861680333248364738e-01
-1.773455796554298802e-01 -1.869075912261476680e-01
-1.777551701048689092e-01 -1.876530572910083128e-01
-1.781685203468819922e-01 -1.884045006325664739e-01
-1.785856722693930088e-01 -1.891619913496619121e-01
-1.790066685045135775e-01 -1.899256007248420752e-01
-1.794315523370555165e-01 -1.906954011356163103e-01
-1.798603676926392447e-01 -1.914714660495137055e-01
-1.802931591498884156e-01 -1.922538700447418147e-01
-1.807299719534770366e-01 -1.930426888319320966e-01
-1.811708520280293500e-01 -1.938379992769808380e-01
-1.816158459928612912e-01 -1.946398794249882269e-01
-1.820650010974981803e-01 -1.954484084393552923e-01
-1.825183653159783426e-01 -1.962636667109771693e-01
-1.829759875336996189e-01 -1.970857360681799730e-01
-1.834379173775602945e-01 -1.979146996038763651e-01
-1.839042052351502754e-01 -1.987506417052501140e-01
-1.843749022777653457e-01 -1.995936480878375829e-01
-1.848500603307519363e-01 -2.004438056643663701e-01
-1.853297321800366215e-01 -2.013012028860060310e-01
-1.858139714995625524e-01 -2.021659296745682843e-01
-1.863028328424258528e-01 -2.030380774233970231e-01
-1.867963716121833762e-01 -2.039177389765762516e-01
-1.872946440870883744e-01 -2.048050086657610125e-01
-1.877977074064933471e-01 -2.056999823058950627e-01
-1.883056195237708119e-01 -2.066027571541061703e-01
-1.888184395835565688e-01 -2.075134323344760279e-01
-1.893362276981568892e-01 -2.084321086056173389e-01
-1.898590449374709943e-01 -2.093588883612914897e-01
-1.903869533575869855e-01 -2.102938756737009196e-01
-1.909200160007853975e-01 -2.112371763055347906e-01
-1.914582967375484668e-01 -2.121888975469830019e-01
-1.920018608635960800e-01 -2.131491488892418851e-01
-1.925507748184004109e-01 -2.141180417278485681e-01
-1.931051061116644540e-01 -2.150956892945999621e-01
-1.936649233589481656e-01 -2.160822067105069577e-01
-1.942302962762131324e-01 -2.170777109933141047e-01
-1.948012947142974960e-01 -2.180823199902314213e-01
-1.953779910701946010e-01 -2.190961550865628549e-01
-1.959604594942472577e-01 -2.201193403425856787e-01
-1.965487751561407759e-01 -2.211520016877489003e-01
-1.971430143168073634e-01 -2.221942670149645305e-01
-1.977432543997030001e-01 -2.232462662750875904e-01
-1.983495739595707297e-01 -2.243081314563652728e-01
-1.989620529481649913e-01 -2.253799969000096493e-01
-1.995807727900833495e-01 -2.264619994034335893e-01
-2.002058163243238820e-01 -2.275542781718438712e-01
-2.008372678775858788e-01 -2.286569749192631784e-01
-2.014752133370765474e-01 -2.297702339699385365e-01
-2.021197406513109140e-01 -2.308942028496266397e-01
-2.027709393368905821e-01 -2.320290317453357620e-01
-2.034288998757453060e-01 -2.331748728339445298e-01
-2.040937147557660702e-01 -2.343318814908114667e-01
-2.047654775073800837e-01 -2.355002152057160125e-01
-2.054442857009862178e-01 -2.366800370507842199e-01
-2.061302362075208283e-01 -2.378715102552685923e-01
-2.068234284038396320e-01 -2.390748019088381748e-01
-2.075239640721731615e-01 -2.402900828745397621e-01
-2.082319471676720157e-01 -2.415175275477625949e-01
-2.089474825805285874e-01 -2.427573124445270014e-01
-2.096706774541447493e-01 -2.440096177500017671e-01
-2.104016418004616695e-01 -2.452746280633580078e-01
-2.111404884827765005e-01 -2.465525324114786476e-01
-2.118873299949890765e-01 -2.478435205154721765e-01
-2.126422814481833956e-01 -2.491477862920940256e-01
-2.134054610255350648e-01 -2.504655284194316489e-01
-2.141769901835066103e-01 -2.517969506099325683e-01
-2.149569917531061192e-01 -2.531422594130903203e-01
-2.157455914754134452e-01 -2.545016660468155667e-01
-2.165429179919367564e-01 -2.558753864215309037e-01
-2.173491016191594627e-01 -2.572636397252873186e-01
-2.181642755601184425e-01 -2.586666498837997263e-01
-2.189885576696289360e-01 -2.600846239395470660e-01
