-3.397077072914467810e-01 -1.409516253147669734e-02
-3.381654508674009629e-01 -1.433882236090619142e-02
-3.366388569070075665e-01 -1.458037796141333810e-02
-3.351277275341380535e-01 -1.481986351823274921e-02
-3.336318411234138748e-01 -1.505731142222244308e-02
-3.321509808645572437e-01 -1.529275347703493333e-02
-3.306849327004451333e-01 -1.552622082428221223e-02
-3.292334867855501446e-01 -1.575774402592995324e-02
-3.277964379591124522e-01 -1.598735310660169551e-02
-3.263735840901799135e-01 -1.621507749273516652e-02
-3.249647266404810386e-01 -1.644094605490302799e-02
-3.235696722309985840e-01 -1.666498720490200078e-02
-3.221882317817396091e-01 -1.688722887419997348e-02
-3.208202189726137021e-01 -1.710769845148243928e-02
-3.194654477286427707e-01 -1.732642265887037250e-02
-3.181237376076923584e-01 -1.754342785019014084e-02
-3.167949118558894828e-01 -1.775873992765534051e-02
-3.154787970370427908e-01 -1.797238433758837836e-02
-3.141752212333698280e-01 -1.818438598142477561e-02
-3.128840163383880268e-01 -1.839476935746173908e-02
-3.116050177359090401e-01 -1.860355855908453829e-02
-3.103380647139320492e-01 -1.881077731578406631e-02
-3.090829956322904692e-01 -1.901644871366106257e-02
-3.078396551397251657e-01 -1.922059564182786173e-02
-3.066078894771441243e-01 -1.942324052356080022e-02
-3.053875479608565979e-01 -1.962440541889015275e-02
-3.041784821099669522e-01 -1.982411198176632638e-02
-3.029805451598686639e-01 -2.002238143796773034e-02
-3.017935938046469313e-01 -2.021923470967487355e-02
-3.006174872410419252e-01 -2.041469236633040515e-02
-2.994520870562437653e-01 -2.060877462834180551e-02
-2.982972571315167798e-01 -2.080150137127353971e-02
-2.971528635709811406e-01 -2.099289213128747653e-02
-2.960187748739171454e-01 -2.118296612762069972e-02
-2.948948615052482403e-01 -2.137174224239144285e-02
-2.937809958362446738e-01 -2.155923902522007690e-02
-2.926770521076164644e-01 -2.174547469918960627e-02
-2.915829063379072328e-01 -2.193046716248881270e-02
-2.904984362319000257e-01 -2.211423398955464359e-02
-2.894235224623427083e-01 -2.229679253750956394e-02
-2.883580490234612381e-01 -2.247815998726939921e-02
-2.873019004086819206e-01 -2.265835313612938814e-02
-2.862549629099944704e-01 -2.283738850370077220e-02
-2.852171245841348957e-01 -2.301528233739218859e-02
-2.841882752034287085e-01 -2.319205061645399427e-02
-2.831683062642402771e-01 -2.336770906050565991e-02
-2.821571114613319886e-01 -2.354227317698483202e-02
-2.811545859609428377e-01 -2.371575820987001024e-02
-2.801606264534415303e-01 -2.388817915088520955e-02
-2.791751312113126549e-01 -2.405955075145421382e-02
-2.781980000492281224e-01 -2.422988752644536156e-02
-2.772291342841228801e-01 -2.439920375769664626e-02
-2.762684369039827836e-01 -2.456751351588295704e-02
-2.753158125581123272e-01 -2.473483066727218127e-02
-2.743711671545035480e-01 -2.490116884476906156e-02
-2.734344080127207866e-01 -2.506654146767456001e-02
-2.725054438310925975e-01 -2.523096174509230002e-02
-2.715841846527888293e-01 -2.539444267904975364e-02
-2.706705419196325235e-01 -2.555699707571855786e-02
-2.697644284736911979e-01 -2.571863755195187215e-02
-2.688657585848742704e-01 -2.587937654433488180e-02
-2.679744476196088687e-01 -2.603922628351008559e-02
-2.670904121863938996e-01 -2.619819881345755372e-02
-2.662135701041078439e-01 -2.635630599402792595e-02
-2.653438403710881022e-01 -2.651355950337761988e-02
-2.644811433145101143e-01 -2.666997085841654735e-02
-2.636254005329767280e-01 -2.682555141503654289e-02
-2.627765346005081493e-01 -2.698031234352552682e-02
-2.619344691998921615e-01 -2.713426464683173570e-02
-2.610991291011104942e-01 -2.728741916337145551e-02
-2.602704401404480894e-01 -2.743978656978947675e-02
-2.594483292006161124e-01 -2.759137738371375548e-02
-2.586327241918917053e-01 -2.774220196651023054e-02
-2.578235540342779797e-01 -2.789227052604349028e-02
-2.570207487253170497e-01 -2.804159312868569412e-02
-2.562242393427737741e-01 -2.819017970453433289e-02
-2.554339578564220892e-01 -2.833804003146630016e-02
-2.546498372083021433e-01 -2.848518374818674245e-02
-2.538718113039006852e-01 -2.863162035767509439e-02
-2.530998150033648697e-01 -2.877735923058589648e-02
-2.523337841138615922e-01 -2.892240960873420502e-02
-2.515736553830876243e-01 -2.906678060867191535e-02
-2.508193664939263878e-01 -2.921048122536313782e-02
-2.500708557681707855e-01 -2.935352030167972040e-02
-2.493280619677173404e-01 -2.949590650779274070e-02
-2.485909250824695771e-01 -2.963764843710344279e-02
-2.478593859387853982e-01 -2.977875456482315802e-02
-2.471333861769480778e-01 -2.991923324906730144e-02
-2.464128682406988013e-01 -3.005909273329687714e-02
-2.456977753673621756e-01 -3.019834114877464892e-02
-2.449880515785577972e-01 -3.033698651704096541e-02
-2.442836416715010450e-01 -3.047503675241240370e-02
-2.435844911075668306e-01 -3.061249965152049168e-02
-2.428905458782986693e-01 -3.074938287937994258e-02
-2.422017528582152412e-01 -3.088569401679203130e-02
-2.415180596355602505e-01 -3.102144054264622045e-02
-2.408394144927020197e-01 -3.115662983464596164e-02
-2.401657663959180788e-01 -3.129126917114953554e-02
-2.394970649855371891e-01 -3.142536573300069858e-02
-2.388332605664311992e-01 -3.155892660535272731e-02
-2.381743040988609506e-01 -3.169195877948732115e-02
-2.375201471611643744e-01 -3.182446915080995586e-02
-2.368707418866708714e-01 -3.195646451316255798e-02
-2.362260410816076905e-01 -3.208795157737150128e-02
-2.355859981654154500e-01 -3.221893696616347225e-02
-2.349505671569304122e-01 -3.234942721506500751e-02
-2.343197026656683446e-01 -3.247942877393412281e-02
-2.336933598833837999e-01 -3.260894800848253283e-02
-2.330714945759057299e-01 -3.273799120178962074e-02
-2.324540630752456316e-01 -3.286656455581106473e-02
-2.318410222553738964e-01 -3.299467419052008049e-02
-2.312323294783489303e-01 -3.312232613866690489e-02
-2.306279426797544219e-01 -3.324952636032427189e-02
-2.300278203276669153e-01 -3.337628073955823532e-02
-2.294319214099355131e-01 -3.350259508500481181e-02
-2.288402054267319463e-01 -3.362847513115188591e-02
-2.282526323833191373e-01 -3.375392653961261508e-02
-2.276691627830395304e-01 -3.387895490039100760e-02
-2.270897576205185009e-01 -3.400356573314213676e-02
-2.265143783662066923e-01 -3.412776448709037291e-02
-2.259429869247808476e-01 -3.425155653689811175e-02
-2.253755456913321131e-01 -3.437494719321913805e-02
-2.248120175252551756e-01 -3.449794170093666706e-02
-2.242523657391073955e-01 -3.462054523956675095e-02
-2.236965540923091245e-01 -3.474276292435300034e-02
-2.231445467850250441e-01 -3.486459980735453351e-02
-2.225963084522227797e-01 -3.498606087852876995e-02
-2.220518041579138957e-01 -3.510715106680965814e-02
-2.215109993783738462e-01 -3.522787523940232313e-02
-2.209738599399695969e-01 -3.534823819372361065e-02
-2.204403521196059978e-01 -3.546824467515950763e-02
-2.199104426078129226e-01 -3.558789937315691432e-02
-2.193840984930185700e-01 -3.570720692055781575e-02
-2.188612872564800471e-01 -3.582617189458998930e-02
-2.183419767673785705e-01 -3.594479881785776071e-02
-2.178261352780800075e-01 -3.606309215933348189e-02
-2.173137314195639214e-01 -3.618105633535009108e-02
-2.168047341970163466e-01 -3.629869571059710087e-02
-2.162991129855881822e-01 -3.641601459912037486e-02
-2.157968375263212835e-01 -3.653301726532621335e-02
-2.152978779222382011e-01 -3.664970792499206570e-02
-2.148022046345973157e-01 -3.676609074628416074e-02
-2.143097883457670549e-01 -3.688216982779939090e-02
-2.138206000010997865e-01 -3.699794920681220844e-02
-2.133346110126074502e-01 -3.711343289590426919e-02
-2.128517931225800131e-01 -3.722862486126128634e-02
-2.123721183991342798e-01 -3.734352902340262043e-02
-2.118955592322499804e-01 -3.745814925797351369e-02
-2.114220883299315901e-01 -3.757248939653796971e-02
-2.109516787144983807e-01 -3.768655322737265306e-02
-2.104843037189977062e-01 -3.780034449626352294e-02
-2.100199369837443819e-01 -3.791386690730567249e-02
-2.095585524529874066e-01 -3.802712412370645723e-02
-2.091001243717004465e-01 -3.814011976859391084e-02
-2.086446272824974413e-01 -3.825285742583065668e-02
-2.081920360052781638e-01 -3.836534063762760821e-02
-2.077423254863210722e-01 -3.847757287786378322e-02
-2.072954710354966978e-01 -3.858955759680741254e-02
-2.068514482733143367e-01 -3.870129821288430944e-02
-2.064102330924240114e-01 -3.881279810686739939e-02
-2.059718016543677088e-01 -3.892406062251117099e-02
-2.055361303864275124e-01 -3.903508906718579363e-02
-2.051031959785666603e-01 -3.914588671251259533e-02
-2.046729753804655549e-01 -3.925645679500103929e-02
-2.042454457986542515e-01 -3.936680251668725483e-02
-2.038205846937380106e-01 -3.947692704577573930e-02
-2.033983697777171640e-01 -3.958683351728431443e-02
-2.029787790114037926e-01 -3.969652503369254515e-02
-2.025617906019308856e-01 -3.980600466559508499e-02
-2.021473829387379073e-01 -3.991527544019329160e-02
-2.017355345784115905e-01 -4.002434033911692751e-02
-2.013262243931001616e-01 -4.013320232876857463e-02
-2.009194314853490482e-01 -4.024186434472552809e-02
-2.005151351837631546e-01 -4.035032929192548107e-02
-2.001133150403911209e-01 -4.045860004517531222e-02
-1.997139508281796372e-01 -4.056667944966058093e-02
-1.993170225384994221e-01 -4.067457032145582047e-02
-1.989225103787449767e-01 -4.078227544803546267e-02
-1.985303947700036153e-01 -4.088979758878683729e-02
-1.981406563447968838e-01 -4.099713947552533627e-02
-1.977532759448947242e-01 -4.110430381301160424e-02
-1.973682346191995285e-01 -4.121129327947221921e-02
-1.969855136162463327e-01 -4.131811052597954281e-02
-1.966050942995473949e-01 -4.142475815953190060e-02
-1.962269582628166642e-01 -4.153123876795755676e-02
-1.958510873185482226e-01 -4.163755491855019447e-02
-1.954774634704165570e-01 -4.174370915318426078e-02
-1.951060689110934443e-01 -4.184970398872637359e-02
-1.947368860201198759e-01 -4.195554191744659683e-02
-1.943698973618349368e-01 -4.206122540742947974e-02
-1.940050856833571702e-01 -4.216675690298619938e-02
-1.936424339126222860e-01 -4.227213882506730691e-02
-1.932819251564743546e-01 -4.237737357167706970e-02
-1.929235426988138158e-01 -4.248246351828895151e-02
-1.925672699987981684e-01 -4.258741101826348657e-02
-1.922130906890978930e-01 -4.269221840326859613e-02
-1.918609885489052924e-01 -4.279688797805787648e-02
-1.915109474786143295e-01 -4.290142201547017531e-02
-1.911629515890276854e-01 -4.300582277704959044e-02
-1.908169851558991215e-01 -4.311009250375173740e-02
-1.904730326157928477e-01 -4.321423341576509369e-02
-1.901310785643046675e-01 -4.331824771284714659e-02
-1.897911077543276426e-01 -4.342213757466016621e-02
-1.894531050943589201e-01 -4.352590516110772800e-02
-1.891170556468490249e-01 -4.362955261267179724e-02
-1.887829446265955335e-01 -4.373308205075023686e-02
-1.884507573991779095e-01 -4.383649557799584873e-02
-1.881204794794347213e-01 -4.393979527865689294e-02
-1.877920965299850753e-01 -4.404298321891873813e-02
-1.874655943583795059e-01 -4.414606144691557432e-02
-1.871409588713637273e-01 -4.424903198258554188e-02
-1.868181761274203267e-01 -4.435189683059424792e-02
-1.864972323418681854e-01 -4.445465798225296805e-02
-1.861781138675361880e-01 -4.455731741162105575e-02
-1.858608071932686678e-01 -4.465987707578147198e-02
-1.855452989424632992e-01 -4.476233891511676583e-02
-1.852315758716430449e-01 -4.486470485358475674e-02
-1.849196248690604949e-01 -4.496697679899488292e-02
-1.846094329533375933e-01 -4.506915664328454973e-02
-1.843009872721368680e-01 -4.517124626279660909e-02
-1.839942751008663002e-01 -4.527324751855781731e-02
-1.836892838414188878e-01 -4.537516225655805618e-02
-1.833860010209437952e-01 -4.547699230803120551e-02
-1.830844142747366787e-01 -4.557873948577585016e-02
-1.827845113165823543e-01 -4.568040557724072775e-02
-1.824862800199054391e-01 -4.578199236523892296e-02
-1.821897083804183970e-01 -4.588350161928808624e-02
-1.818947845111487660e-01 -4.598493509491979880e-02
-1.816014966412724529e-01 -4.608629453392718012e-02
-1.813098331149768372e-01 -4.618758166461380682e-02
-1.810197823903543224e-01 -4.628879820204329087e-02
-1.807313330383246708e-01 -4.638994584829109202e-02
-1.804444737415864253e-01 -4.649102629269786374e-02
-1.801591932935992513e-01 -4.659204121212442984e-02
-1.798754805975943949e-01 -4.669299227120926599e-02
-1.795933246656153948e-01 -4.679388112262803517e-02
-1.793127146175871600e-01 -4.689470940735587789e-02
-1.790336396804161623e-01 -4.699547875493189503e-02
-1.787560891871182722e-01 -4.709619078372697526e-02
-1.784800525759763501e-01 -4.719684710121459237e-02
-1.782055193870858423e-01 -4.729744930354325833e-02
-1.779324791608574985e-01 -4.739799894897295945e-02
-1.776609215632664884e-01 -4.749849759134138621e-02
-1.773908364033911778e-01 -4.759894678535869089e-02
-1.771222135870153258e-01 -4.769934807478781735e-02
-1.768550431156704350e-01 -4.779970299263565370e-02
-1.765893150857008598e-01 -4.790001306134442083e-02
-1.763250196873494824e-01 -4.800027979298422676e-02
-1.760621472038649549e-01 -4.810050468944655766e-02
-1.758006880106317005e-01 -4.820068924263833099e-02
-1.755406325743205098e-01 -4.830083493467766942e-02
-1.752819714520602035e-01 -4.840094323809089605e-02
-1.750246952906327480e-01 -4.850101561601059125e-02
-1.747687948256879398e-01 -4.860105352237573811e-02
-1.745142608809802376e-01 -4.870105840213352633e-02
-1.742610843676276333e-01 -4.880103169144262010e-02
-1.740092562833912559e-01 -4.890097481787894496e-02
-1.737587677119761531e-01 -4.900088920064346598e-02
-1.735096097976315255e-01 -4.910077624377570671e-02
-1.732617737138390512e-01 -4.920063732754002828e-02
-1.730152507692508113e-01 -4.930047383873626538e-02
-1.727700323566840335e-01 -4.940028715676011289e-02
-1.725261099486366245e-01 -4.950007865271034702e-02
-1.722834750965321349e-01 -4.959984968954408990e-02
-1.720421194299815437e-01 -4.969960162223304584e-02
-1.718020346560623912e-01 -4.979933579791983450e-02
-1.715632125586136758e-01 -4.989905355607580223e-02
-1.713256449975473494e-01 -4.999875622865979780e-02
-1.710893239081771877e-01 -5.009844514027753798e-02
-1.708542413005633698e-01 -5.019812160834270787e-02
-1.706203892588734616e-01 -5.029778694323929628e-02
-1.703877599407608856e-01 -5.039744244848495119e-02
-1.701563455767590438e-01 -5.049708942089631281e-02
-1.699261384696916510e-01 -5.059672915075588695e-02
-1.696971309941006367e-01 -5.069636292198034105e-02
-1.694693155935786955e-01 -5.079599201165825584e-02
-1.692426847286886138e-01 -5.089561767471273424e-02
-1.690172309465961809e-01 -5.099524116497674425e-02
-1.687929468819585610e-01 -5.109486373587401181e-02
-1.685698252361300942e-01 -5.119448663452007275e-02
-1.683478587765422918e-01 -5.129411110184736028e-02
-1.681270403360972665e-01 -5.139373837273023687e-02
-1.679073628125729856e-01 -5.149336967611107402e-02
-1.676888191680408480e-01 -5.159300623512689393e-02
-1.674714024282971947e-01 -5.169264926723628195e-02
-1.672551056823058935e-01 -5.179229998434754789e-02
-1.670399220816540242e-01 -5.189195959294778948e-02
-1.668258448400206095e-01 -5.199162929423232354e-02
-1.666128672326571414e-01 -5.209131028423576171e-02
-1.664009825958804312e-01 -5.219100375396407143e-02
-1.661901843265790324e-01 -5.229071088952741420e-02
-1.659804658817310430e-01 -5.239043287227470452e-02
-1.657718207779345643e-01 -5.249017087892946659e-02
-1.655642425746295943e-01 -5.258992607654235096e-02
-1.653577248609361949e-01 -5.268969961849613581e-02
-1.651522613135673612e-01 -5.278949266315031974e-02
-1.649478456669007109e-01 -5.288930636466734198e-02
-1.647444717109913526e-01 -5.298914187264729819e-02
-1.645421332910709800e-01 -5.308900033223042103e-02
-1.643408243070572927e-01 -5.318888288419958144e-02
-1.641405387130725757e-01 -5.328879066508374757e-02
-1.639412705169716600e-01 -5.338872480726186698e-02
-1.637430137798806251e-01 -5.348868643906697778e-02
-1.635457626157441891e-01 -5.358867668489134678e-02
-1.633495111908827568e-01 -5.368869666529236390e-02
-1.631542537235598500e-01 -5.378874749709874892e-02
-1.629599844835584732e-01 -5.388883029351813209e-02
-1.627666977917673063e-01 -5.398894616424511350e-02
-1.625743880197761948e-01 -5.408909621557071029e-02
-1.623830495894818815e-01 -5.418928155049227563e-02
-1.621926769711255212e-01 -5.428950326829691531e-02
-1.620032646563628609e-01 -5.438976245575123658e-02
-1.618148071968641688e-01 -5.449006020019370178e-02
-1.616272992010265308e-01 -5.459039758871445797e-02
-1.614407353244929622e-01 -5.469077570521734682e-02
-1.612551102697414307e-01 -5.479119563050584979e-02
-1.610704187856805691e-01 -5.489165844236967851e-02
-1.608866556672532977e-01 -5.499216521567190652e-02
-1.607038157550483015e-01 -5.509271702243596913e-02
-1.605218939349188079e-01 -5.519331493193375959e-02
-1.603408851376090516e-01 -5.529396001077394734e-02
-1.601607843383879848e-01 -5.539465332299112199e-02
-1.599815865566913686e-01 -5.549539593013521482e-02
-1.598032868557704989e-01 -5.559618889136191955e-02
-1.596258803423488415e-01 -5.569703326352398731e-02
-1.594493621662864680e-01 -5.579793010126270908e-02
-1.592737275202516511e-01 -5.589888045710086906e-02
-1.590989716393997333e-01 -5.599988538153641282e-02
-1.589250897907017179e-01 -5.610094591948003306e-02
-1.587520772686125958e-01 -5.620206310887283091e-02
-1.585799294252019376e-01 -5.630323799151312064e-02
-1.584086416534018771e-01 -5.640447160737419724e-02
-1.582382093861439132e-01 -5.650576499449406348e-02
-1.580686280960238721e-01 -5.660711918904934303e-02
-1.578998932949736700e-01 -5.670853522542894376e-02
-1.577320005339378772e-01 -5.681001413630857449e-02
-1.575649454025566942e-01 -5.691155695272569204e-02
-1.573987235288553388e-01 -5.701316470415437876e-02
-1.572333305789386793e-01 -5.711483841858120553e-02
-1.570687622566920572e-01 -5.721657912258163586e-02
-1.569050143034881883e-01 -5.731838784139639542e-02
-1.567420824978999205e-01 -5.742026559900909738e-02
-1.565799626554183754e-01 -5.752221341822431888e-02
-1.564186506281780298e-01 -5.762423232074598278e-02
-1.562581423046867646e-01 -5.772632332725687043e-02
-1.560984336076461088e-01 -5.782848745678920849e-02
-1.559395204710340987e-01 -5.793072571837733220e-02
-1.557813988773755487e-01 -5.803303912499077621e-02
-1.556240648510702207e-01 -5.813542869128349860e-02
-1.554675144510307139e-01 -5.823789543104273408e-02
-1.553117437704200632e-01 -5.834044035726003441e-02
-1.551567489363950836e-01 -5.844306448220274591e-02
-1.550025261098547658e-01 -5.854576881748635442e-02
-1.548490714851944450e-01 -5.864855437414694811e-02
-1.546963812900648827e-01 -5.875142216271490164e-02
-1.545444517851362332e-01 -5.885437319328932354e-02
-1.543932792638683105e-01 -5.895740847561270481e-02
-1.542428600522851023e-01 -5.906052901914692760e-02
-1.540931905087549736e-01 -5.916373583315007872e-02
-1.539442670237761157e-01 -5.926702992675363796e-02
-1.537960860197672974e-01 -5.937041230904108180e-02
-1.536486439508631674e-01 -5.947388398912743096e-02
-1.535019373027159129e-01 -5.957744597623924887e-02
-1.533559625923012204e-01 -5.968109927979613899e-02
-1.532107163677293715e-01 -5.978484490949331764e-02
-1.530661952080622779e-01 -5.988868387538469340e-02
-1.529223957231350961e-01 -5.999261718796771586e-02
-1.527793145533829777e-01 -6.009664585826891142e-02
-1.526369483679986538e-01 -6.020077089727058489e-02
-1.524952938124277124e-01 -6.030499329529077218e-02
-1.523543475797687341e-01 -6.040931405016221334e-02
-1.522141064150855094e-01 -6.051373416918983533e-02
-1.520745670918667025e-01 -6.061825466003314955e-02
-1.519357264118196549e-01 -6.072287653076675895e-02
-1.517975812046681028e-01 -6.082760078994137176e-02
-1.516601283279542245e-01 -6.093242844664481517e-02
-1.515233646668440459e-01 -6.103736051056408984e-02
-1.513872871339366766e-01 -6.114239799204787551e-02
-1.512518926690782084e-01 -6.124754190216928629e-02
-1.511171782391784180e-01 -6.135279325278954199e-02
-1.509831408380318263e-01 -6.145815305662240269e-02
-1.508497774861428942e-01 -6.156362232729867962e-02
-1.507170852305544928e-01 -6.166920207943195342e-02
-1.505850611446803156e-01 -6.177489332868495164e-02
-1.504537023281415087e-01 -6.188069709183616901e-02
-1.503230059066067992e-01 -6.198661438684782005e-02
-1.501929690316360644e-01 -6.209264623293434676e-02
-1.500635888805286755e-01 -6.219879365063151616e-02
-1.499348626561747277e-01 -6.230505766186655858e-02
-1.498067875869101839e-01 -6.241143929002937463e-02
-1.496793609263764591e-01 -6.251793956004397801e-02
-1.495525799532345379e-01 -6.262455949837916758e-02
-1.494264419412819622e-01 -6.273130012063242444e-02
-1.493009441901336776e-01 -6.283816244441162158e-02
-1.491760840431923807e-01 -6.294514749705150403e-02
-1.490518588676444101e-01 -6.305225630738088560e-02
-1.489282660543006509e-01 -6.315948990577859024e-02
-1.488053030174413816e-01 -6.326684932422932395e-02
-1.486829671946634790e-01 -6.337433559638062930e-02
-1.485612560467303445e-01 -6.348194975760011738e-02
-1.484401670574256316e-01 -6.358969284503286634e-02
-1.483196977334091116e-01 -6.369756589765979138e-02
-1.481998456040756751e-01 -6.380556995635658368e-02
-1.480806082214176367e-01 -6.391370606395267717e-02
-1.479619831598897317e-01 -6.402197526529142257e-02
-1.478439680162763892e-01 -6.413037860729066397e-02
-1.477265604095632789e-01 -6.423891713900359290e-02
-1.476097579808106075e-01 -6.434759191168079595e-02
-1.474935583930296057e-01 -6.445640397883270478e-02
-1.473779593310622638e-01 -6.456535439629255968e-02
-1.472629585014636477e-01 -6.467444422228044165e-02
-1.471485536323870469e-01 -6.478367451746758210e-02
-1.470347424734720632e-01 -6.489304634504208802e-02
-1.469215227957358094e-01 -6.500256077077447292e-02
-1.468088923914666333e-01 -6.511221886308481144e-02
-1.466968490568044403e-01 -6.522202168541149647e-02
-1.465853906007545115e-01 -6.533197030024734397e-02
-1.464745148713711420e-01 -6.544206578090601412e-02
-1.463642197369910414e-01 -6.555230920332834332e-02
-1.462545030860642192e-01 -6.566270164611470728e-02
-1.461453628270347471e-01 -6.577324419057999083e-02
-1.460367968882236578e-01 -6.588393792080868283e-02
-1.459288032177143979e-01 -6.599478392371015134e-02
-1.458213797832405012e-01 -6.610578328907476542e-02
-1.457145245720751492e-01 -6.621693710963068302e-02
-1.456082355909235904e-01 -6.632824648110040300e-02
-1.455025108658172250e-01 -6.643971250225862157e-02
-1.453973484420101603e-01 -6.655133627499032478e-02
-1.452927463838782074e-01 -6.666311890434931109e-02
-1.451887027748196279e-01 -6.677506149861738016e-02
-1.450852157171585166e-01 -6.688716516936445144e-02
-1.449822833320502102e-01 -6.699943103150853008e-02
-1.448799037593889727e-01 -6.711186020337693570e-02
-1.447780751577176783e-01 -6.722445380676812798e-02
-1.446767957041400765e-01 -6.733721296701362935e-02
-1.445760635942349992e-01 -6.745013881304116887e-02
-1.444758770419725669e-01 -6.756323247743845073e-02
-1.443762342796330866e-01 -6.767649509651711692e-02
-1.442771335475589167e-01 -6.778992780560000320e-02
-1.441785730917856945e-01 -6.790353173795150854e-02
-1.440805511928023308e-01 -6.801730803838640371e-02
-1.439830661490638375e-01 -6.813125785566119530e-02
-1.438861162764334956e-01 -6.824538234231035394e-02
-1.437896999080907900e-01 -6.835968265470127037e-02
-1.436938153944411767e-01 -6.847415995308857306e-02
-1.435984611030269587e-01 -6.858881540166972268e-02
-1.435036354184406060e-01 -6.870365016864089791e-02
-1.434093367422392962e-01 -6.881866542625288130e-02
-1.433155634928613420e-01 -6.893386235086780556e-02
-1.432223141055440074e-01 -6.904924212301652431e-02
-1.431295870322437103e-01 -6.916480592745587186e-02
-1.430373807415569742e-01 -6.928055495322692214e-02
-1.429456937186437682e-01 -6.939649039371376116e-02
-1.428545244651521773e-01 -6.951261344670232878e-02
-1.427638714991449342e-01 -6.962892531444020428e-02
-1.426737333550273934e-01 -6.974542720369680815e-02
-1.425841085834772537e-01 -6.986212032582427012e-02
-1.424949957513761412e-01 -6.997900589681850525e-02
-1.424063934417424404e-01 -7.009608513738112279e-02
-1.423183002536660413e-01 -7.021335927298220925e-02
-1.422307148022447509e-01 -7.033082953392291725e-02
-1.421436357149745144e-01 -7.044849715364109866e-02
-1.420570616268904129e-01 -7.056636336637206464e-02
-1.419709911972441563e-01 -7.068442941549833713e-02
-1.418854231014792799e-01 -7.080269654968690540e-02
-1.418003560304939292e-01 -7.092116602261715197e-02
-1.417157886905753561e-01 -7.103983909303993038e-02
-1.416317198033357205e-01 -7.115871702483773931e-02
-1.415481481056491408e-01 -7.127780108708542395e-02
-1.414650723495902984e-01 -7.139709255411078037e-02
-1.413824913023743746e-01 -7.151659270555615899e-02
-1.413004037462982643e-01 -7.163630282644073421e-02
-1.412188084786833164e-01 -7.175622420722262140e-02
-1.411377043118194063e-01 -7.187635814386214572e-02
-1.410570900729101462e-01 -7.199670593788569384e-02
-1.409769646040198721e-01 -7.211726889644939908e-02
-1.408973267620216852e-01 -7.223804833240418666e-02
-1.408181754185467149e-01 -7.235904556436123514e-02
-1.407395094599352414e-01 -7.248026191675749352e-02
-1.406613277871886503e-01 -7.260169871992240564e-02
-1.405836293159228867e-01 -7.272335731014510640e-02
-1.405064129763233804e-01 -7.284523902974185394e-02
-1.404296777131012475e-01 -7.296734522712451654e-02
-1.403534224854504076e-01 -7.308967725686967010e-02
nan nan
nan nan
nan nan
nan nan
nan nan
nan nan
nan nan
nan nan
nan nan
nan nan
nan nan
nan nan
nan nan
nan nan
nan nan
nan nan
nan nan
nan nan
nan nan
nan nan
nan nan
nan nan
nan nan
nan nan
nan nan
nan nan
nan nan
nan nan
-1.381002618638785540e-01 -7.726255107108118136e-02
-1.380398039865829707e-01 -7.739341294604322463e-02
-1.379797982474005313e-01 -7.752455231971204508e-02
-1.379202440846342692e-01 -7.765597080536096319e-02
-1.378611409496859896e-01 -7.778767002499159533e-02
-1.378024883070218254e-01 -7.791965160940750312e-02
-1.377442856341392630e-01 -7.805191719828791230e-02
-1.376865324215353070e-01 -7.818446844026287479e-02
-1.376292281726758104e-01 -7.831730699298906917e-02
-1.375723724039662477e-01 -7.845043452322605915e-02
-1.375159646447235706e-01 -7.858385270691360669e-02
-1.374600044371490914e-01 -7.871756322925002602e-02
-1.374044913363032250e-01 -7.885156778477071804e-02
-1.373494249100806475e-01 -7.898586807742807858e-02
-1.372948047391873705e-01 -7.912046582067201739e-02
-1.372406304171183422e-01 -7.925536273753151784e-02
-1.371869015501370193e-01 -7.939056056069655753e-02
-1.371336177572554382e-01 -7.952606103260129178e-02
-1.370807786702158138e-01 -7.966186590550836111e-02
-1.370283839334733023e-01 -7.979797694159325439e-02
-1.369764332041799593e-01 -7.993439591303019842e-02
-1.369249261521696959e-01 -8.007112460207899129e-02
-1.368738624599446507e-01 -8.020816480117215486e-02
-1.368232418233066017e-01 -8.034551831338172800e-02
-1.367730639589894159e-01 -8.048318695701074665e-02
-1.367233285885302296e-01 -8.062117255622922030e-02
-1.366740354428885584e-01 -8.075947694385259001e-02
-1.366251842658443572e-01 -8.089810196343086290e-02
-1.365767748139800064e-01 -8.103704946933666664e-02
-1.365288068566640756e-01 -8.117632132685372037e-02
-1.364812801760362793e-01 -8.131591941226702647e-02
-1.364341945669937661e-01 -8.145584561295399206e-02
-1.363875498371790174e-01 -8.159610182747611962e-02
-1.363413458069688833e-01 -8.173668996567241829e-02
-1.362955823094648411e-01 -8.187761194875363413e-02
-1.362502591904852511e-01 -8.201886970939749333e-02
-1.362053763085583347e-01 -8.216046519184516672e-02
-1.361609335349164562e-01 -8.230240035199902493e-02
-1.361169307534923489e-01 -8.244467715752105963e-02
-1.360733678609162001e-01 -8.258729758793292852e-02
-1.360302447665139580e-01 -8.273026363471704114e-02
-1.359875613923073878e-01 -8.287357730141847734e-02
-1.359453176730150981e-01 -8.301724060374843228e-02
-1.359035135560549001e-01 -8.316125556968895216e-02
-1.358621490015476108e-01 -8.330562423959825269e-02
-1.358212239823221590e-01 -8.345034866631789727e-02
-1.357807384843573717e-01 -8.359543091554935690e-02
-1.357406925221876781e-01 -8.374087307546489167e-02
-1.357010861117526335e-01 -8.388667724012865978e-02
-1.356619192725849743e-01 -8.403284551088691101e-02
-1.356231920373749678e-01 -8.417938000235265783e-02
-1.355849044519610580e-01 -8.432628284250903716e-02
-1.355470565753227608e-01 -8.447355617281443463e-02
-1.355096484795747513e-01 -8.462120214830819165e-02
-1.354726802499635063e-01 -8.476922293771861627e-02
-1.354361519848645001e-01 -8.491762072357228464e-02
-1.354000637957826492e-01 -8.506639770230439712e-02
-1.353644158073530890e-01 -8.521555608437111906e-02
-1.353292081573444494e-01 -8.536509809436355900e-02
-1.352944409966637118e-01 -8.551502597112255188e-02
-1.352601144893625928e-01 -8.566534196785577371e-02
-1.352262288126456213e-01 -8.581604835225611905e-02
-1.351927841568802691e-01 -8.596714740662142473e-02
-1.351597807256082195e-01 -8.611864142797609478e-02
-1.351272187355586907e-01 -8.627053272819422414e-02
-1.350950984166630897e-01 -8.642282363412442936e-02
-1.350634200120716388e-01 -8.657551648771595609e-02
-1.350321837781714163e-01 -8.672861364614671553e-02
-1.350013899846060905e-01 -8.688211748195297235e-02
-1.349710389143411182e-01 -8.703603038318916130e-02
-1.349411308808069476e-01 -8.719035476462255740e-02
-1.349116662037057601e-01 -8.734509305229966325e-02
-1.348826452006838539e-01 -8.750024767821830418e-02
-1.348540682032708105e-01 -8.765582109070843564e-02
-1.348259355568818540e-01 -8.781181575455773713e-02
-1.347982476208220426e-01 -8.796823415113907974e-02
-1.347710047682933454e-01 -8.812507877853960336e-02
-1.347442073864037471e-01 -8.828235215169226435e-02
-1.347178558761778777e-01 -8.844005680250931201e-02
-1.346919506525708354e-01 -8.859819528001740274e-02
-1.346664921444835072e-01 -8.875677015049522611e-02
-1.346414807947799441e-01 -8.891578399761317086e-02
-1.346169170603074838e-01 -8.907523942257440652e-02
-1.345928014119184557e-01 -8.923513904425915688e-02
-1.345691343344940227e-01 -8.939548549937013922e-02
-1.345459163269704939e-01 -8.955628144258047374e-02
-1.345231479023673848e-01 -8.971752954668382740e-02
-1.345008295878175331e-01 -8.987923250274672260e-02
-1.344789619245994883e-01 -9.004139302026258063e-02
-1.344575454681719850e-01 -9.020401382730855455e-02
-1.344365807882098862e-01 -9.036709767070430499e-02
-1.344160684686429297e-01 -9.053064731617263550e-02
-1.343960091076960295e-01 -9.069466554850304230e-02
-1.343764033357426058e-01 -9.085915518376021238e-02
-1.343572517990051784e-01 -9.102411905849672191e-02
-1.343385551319454529e-01 -9.118956001115999244e-02
-1.343203139840403459e-01 -9.135548090026986146e-02
-1.343025290199302835e-01 -9.152188460466288700e-02
-1.342852009194363261e-01 -9.168877402364965234e-02
-1.342683303775801806e-01 -9.185615207717504060e-02
-1.342519181046072652e-01 -9.202402170598032727e-02
-1.342359648260119387e-01 -9.219238587176860344e-02
-1.342204712825659785e-01 -9.236124755737305791e-02
-1.342054382303497773e-01 -9.253060976692743800e-02
-1.341908664407859830e-01 -9.270047552603968843e-02
-1.341767567006758310e-01 -9.287084788196851848e-02
-1.341631098122386678e-01 -9.304172990380231434e-02
-1.341499265931535290e-01 -9.321312468264131290e-02
-1.341372078766036313e-01 -9.338503533178224569e-02
-1.341249545113235575e-01 -9.355746498690653556e-02
-1.341131673616489661e-01 -9.373041680627040850e-02
-1.341018473075688000e-01 -9.390389397089872470e-02
-1.340909952447804920e-01 -9.407789968478137699e-02
-1.340806120847470306e-01 -9.425243717507290897e-02
-1.340706987547571893e-01 -9.442750969229454783e-02
-1.340612561979883655e-01 -9.460312051053991478e-02
-1.340522853940377124e-01 -9.477927294215410248e-02
-1.340437873549328029e-01 -9.495597033520991603e-02
-1.340357630623943974e-01 -9.513321602925715881e-02
-1.340282135138792241e-01 -9.531101338791447830e-02
-1.340211397240714808e-01 -9.548936580009587116e-02
-1.340145427249062604e-01 -9.566827668020269626e-02
-1.340084235655960021e-01 -9.584774946831901843e-02
-1.340027833126620493e-01 -9.602778763041062982e-02
-1.339976230499689280e-01 -9.620839465852801253e-02
-1.339929438787624827e-01 -9.638957407101318708e-02
-1.339887469177119539e-01 -9.657132941270973880e-02
-1.339850333029558582e-01 -9.675366425517735458e-02
-1.339818041881507826e-01 -9.693658219691006495e-02
-1.339790607445246473e-01 -9.712008686355773357e-02
-1.339768041609332438e-01 -9.730418190815240398e-02
-1.339750356439199375e-01 -9.748887101133800470e-02
-1.339737564177796159e-01 -9.767415788160375978e-02
-1.339729677246259409e-01 -9.786004625552231773e-02
-1.339726708244615150e-01 -9.804653989799141933e-02
-1.339728669952524598e-01 -9.823364260247934021e-02
-1.339735575330059658e-01 -9.842135819127498242e-02
-1.339747437518510054e-01 -9.860969051574189348e-02
-1.339764269841231814e-01 -9.879864345657575486e-02
-1.339786085865345977e-01 -9.898822092856075783e-02
-1.339812899457193396e-01 -9.917842688491604330e-02
-1.339844724461370096e-01 -9.936926529377275441e-02
-1.339881574896225891e-01 -9.956074015275762079e-02
-1.339923464971088385e-01 -9.975285549047073486e-02
-1.339970409087082870e-01 -9.994561536675415636e-02
-1.340022421837983035e-01 -1.001390238729655824e-01
-1.340079518011099979e-01 -1.003330851322566247e-01
-1.340141712588218958e-01 -1.005278032998552229e-01
-1.340209020746557789e-01 -1.007231825633529421e-01
-1.340281457859774095e-01 -1.009192271429971699e-01
-1.340359039499007809e-01 -1.011159412919874490e-01
-1.340441781433954482e-01 -1.013133292967769022e-01
-1.340529699633981053e-01 -1.015113954773782107e-01
-1.340622810269274934e-01 -1.017101441876746976e-01
-1.340721129712029724e-01 -1.019095798157354932e-01
-1.340824674537663408e-01 -1.021097067841361394e-01
-1.340933461530474657e-01 -1.023105295506192003e-01
-1.341047507823038276e-01 -1.025120526189850223e-01
-1.341166830640434793e-01 -1.027142805198388159e-01
-1.341291447335531406e-01 -1.029172178134513393e-01
-1.341421375477314937e-01 -1.031208690967291564e-01
-1.341556632851873543e-01 -1.033252390035341028e-01
-1.341697237463422565e-01 -1.035303322050088876e-01
-1.341843207535375060e-01 -1.037361534099082716e-01
-1.341994561511466177e-01 -1.039427073649357713e-01
-1.342151318056923892e-01 -1.041499988550870087e-01
-1.342313496059680256e-01 -1.043580327039984601e-01
-1.342481114631640660e-01 -1.045668137743020892e-01
-1.342654193109991956e-01 -1.047763469679864889e-01
-1.342832751058555818e-01 -1.049866372267636849e-01
-1.343016808269192619e-01 -1.051976895324418793e-01
-1.343206384763251937e-01 -1.054095089073047581e-01
-1.343401500793057479e-01 -1.056221004144966419e-01
-1.343602176843450291e-01 -1.058354691584137419e-01
-1.343808433708343353e-01 -1.060496202910185537e-01
-1.344020292515650250e-01 -1.062645590141418628e-01
-1.344237774406057406e-01 -1.064802905543875550e-01
-1.344460900754403665e-01 -1.066968201808164013e-01
-1.344689693183933055e-01 -1.069141532063590111e-01
-1.344924173567541847e-01 -1.071322949882059505e-01
-1.345164364029082515e-01 -1.073512509282060490e-01
-1.345410286944725142e-01 -1.075710264732715471e-01
-1.345661964944386280e-01 -1.077916271157910583e-01
-1.345919420913212761e-01 -1.080130583940499406e-01
-1.346182677993125743e-01 -1.082353258926589540e-01
-1.346451759584422758e-01 -1.084584352429893428e-01
-1.346726689347439998e-01 -1.086823921236166612e-01
-1.347007491204270657e-01 -1.089072022607724122e-01
-1.347294189340542958e-01 -1.091328714288024027e-01
-1.347586808207253128e-01 -1.093594054506341479e-01
-1.347885372522653336e-01 -1.095868101982515469e-01
-1.348189907286204969e-01 -1.098150915941552563e-01
-1.348500438019445968e-01 -1.100442556313551978e-01
-1.348816990292469598e-01 -1.102743083351779840e-01
-1.349139589829467523e-01 -1.105052557720752615e-01
-1.349468262642986582e-01 -1.107371040608862572e-01
-1.349803035035371246e-01 -1.109698593733047800e-01
-1.350143933600282398e-01 -1.112035279343560612e-01
-1.350490985224294116e-01 -1.114381160228825468e-01
-1.350844217088571497e-01 -1.116736299720402226e-01
-1.351203656670624531e-01 -1.119100761698048757e-01
-1.351569331746138303e-01 -1.121474610594872662e-01
-1.351941270390881189e-01 -1.123857911402592891e-01
-1.352319500982691880e-01 -1.126250729676898377e-01
-1.352704052203532736e-01 -1.128653131542903948e-01
-1.353094953041629189e-01 -1.131065183700711435e-01
-1.353492232793677974e-01 -1.133486953431070560e-01
-1.353895921067123920e-01 -1.135918508601144739e-01
-1.354306047782521671e-01 -1.138359917670373617e-01
-1.354722643336891130e-01 -1.140811249831967106e-01
-1.355145738593227511e-01 -1.143272575009271624e-01
-1.355575364322262055e-01 -1.145743963389096592e-01
-1.356011551616388144e-01 -1.148225485773055332e-01
-1.356454331908162891e-01 -1.150717213597337030e-01
-1.356903736972041863e-01 -1.153219218938416613e-01
-1.357359798926219552e-01 -1.155731574518901184e-01
-1.357822550234563941e-01 -1.158254353713498441e-01
-1.358292023708665974e-01 -1.160787630555113886e-01
-1.358768252509987839e-01 -1.163331479741084584e-01
-1.359251270152104507e-01 -1.165885976639537414e-01
-1.359741110503058514e-01 -1.168451197295880817e-01
-1.360237807787808839e-01 -1.171027218439431999e-01
-1.360741396590774699e-01 -1.173614117490172915e-01
-1.361251911858485930e-01 -1.176211972565640029e-01
-1.361769388902328570e-01 -1.178820862487955229e-01
-1.362293863401379257e-01 -1.181440866790983840e-01
-1.362825371434465138e-01 -1.184072065752928143e-01
-1.363363949876504888e-01 -1.186714540746347940e-01
-1.363909635564018175e-01 -1.189368373518680105e-01
-1.364462465538819336e-01 -1.192033646406719660e-01
-1.365022477244123011e-01 -1.194710442511809495e-01
-1.365589708526641355e-01 -1.197398845706827142e-01
-1.366164197638815025e-01 -1.200098940643326006e-01
-1.366745983241177964e-01 -1.202810812758858122e-01
-1.367335104404856228e-01 -1.205534548284460244e-01
-1.367931600614205045e-01 -1.208270234252310921e-01
-1.368535511769564950e-01 -1.211017958503556313e-01
-1.369146878190156680e-01 -1.213777809696312132e-01
-1.369765740617109318e-01 -1.216549877313837097e-01
-1.370392140216604160e-01 -1.219334251672877650e-01
-1.371026118583155984e-01 -1.222131023932189059e-01
-1.371667717743019488e-01 -1.224940286101239562e-01
-1.372316980157715360e-01 -1.227762131049074945e-01
-1.372973948727685412e-01 -1.230596652513376021e-01
-1.373638667145575532e-01 -1.233443945423525756e-01
-1.374311179755911549e-01 -1.236304105783143092e-01
-1.374991530588108857e-01 -1.239177229806275315e-01
-1.375679764135348815e-01 -1.242063414620365180e-01
-1.376375925377110454e-01 -1.244962758292806060e-01
-1.377080059781530530e-01 -1.247875359839467346e-01
-1.377792213307950098e-01 -1.250801319233453834e-01
-1.378512432409632615e-01 -1.253740737414087703e-01
-1.379240764036681888e-01 -1.256693716296121421e-01
-1.379977255639135703e-01 -1.259660358779192135e-01
-1.380721955170232662e-01 -1.262640768757497534e-01
-1.381474911089870528e-01 -1.265635051129711808e-01
-1.382236172368238869e-01 -1.268643311809140306e-01
-1.383005788489617971e-01 -1.271665657734108723e-01
-1.383783809456367864e-01 -1.274702196878585714e-01
-1.384570285793083888e-01 -1.277753038263058361e-01
-1.385365268550918794e-01 -1.280818291965635514e-01
-1.386168809340631303e-01 -1.283898069159838395e-01
-1.386980960609894009e-01 -1.286992482379424874e-01
-1.387801775024975759e-01 -1.290101644953495774e-01
-1.388631305691193085e-01 -1.293225671216504946e-01
-1.389469606277550784e-01 -1.296364676631159285e-01
-1.390316731021121466e-01 -1.299518777800224012e-01
-1.391172734731636607e-01 -1.302688092478602733e-01
-1.392037672796260783e-01 -1.305872739585693387e-01
-1.392911601184551595e-01 -1.309072839218011763e-01
-1.393794576453619427e-01 -1.312288512662091455e-01
-1.394686655753470672e-01 -1.315519882407662211e-01
-1.395587896832532759e-01 -1.318767072161110554e-01
-1.396498358043368748e-01 -1.322030206859206025e-01
-1.397418098348571225e-01 -1.325309412683119414e-01
-1.398347177459344504e-01 -1.328604817198622001e-01
-1.399285655791546734e-01 -1.331916549324007881e-01
-1.400233594069378029e-01 -1.335244738961629540e-01
-1.401191053661084707e-01 -1.338589517324669520e-01
-1.402158096594503245e-01 -1.341951016961029919e-01
-1.403134785562306919e-01 -1.345329371767572668e-01
-1.404121183927511951e-01 -1.348724717004721185e-01
-1.405117355729233741e-01 -1.352137189311400922e-01
-1.406123365688669302e-01 -1.355566926720327692e-01
-1.407139279215337269e-01 -1.359014068673657094e-01
-1.408165162413549942e-01 -1.362478756038984773e-01
-1.409201082089120149e-01 -1.365961131125694172e-01
-1.410247105756307073e-01 -1.369461337701670389e-01
-1.411303301662015230e-01 -1.372979521026935767e-01
-1.412369739112856459e-01 -1.376515828182762469e-01
-1.413446487813447838e-01 -1.380070407438925562e-01
-1.414533618047056074e-01 -1.383643408437922051e-01
-1.415631200867328299e-01 -1.387234982392041016e-01
-1.416739308104351114e-01 -1.390845282100249547e-01
-1.417858012371026599e-01 -1.394474461965525824e-01
-1.418987387069751693e-01 -1.398122678012631570e-01
-1.420127506399428141e-01 -1.401790087906336080e-01
-1.421278445362778309e-01 -1.405476850970098224e-01
-1.422440279773961036e-01 -1.409183128205190594e-01
-1.423613086266505012e-01 -1.412909082310284392e-01
-1.424796942301544966e-01 -1.416654877701499227e-01
-1.425991926176343738e-01 -1.420420680532899771e-01
-1.427198117216511852e-01 -1.424206658900460387e-01
-1.428415595850144604e-01 -1.428012982930156327e-01
-1.429644442767478985e-01 -1.431839823951061019e-01
-1.430884739526735727e-01 -1.435687355110383256e-01
-1.432136568600454463e-01 -1.439555751432785025e-01
-1.433400013382737093e-01 -1.443445189840918963e-01
-1.434675158196921929e-01 -1.447355849176551190e-01
-1.435962088303670003e-01 -1.451287910222275879e-01
-1.437260889909445227e-01 -1.455241555723804647e-01
-1.438571650175422267e-01 -1.459216970412850756e-01
-1.439894457226790492e-01 -1.463214341030614207e-01
-1.441229400162445662e-01 -1.467233856351849997e-01
-1.442576569065094627e-01 -1.471275707209542538e-01
-1.443936055023489207e-01 -1.475340086532181683e-01
-1.445307950729974589e-01 -1.479427189970277390e-01
-1.446692349412782297e-01 -1.483537214821958328e-01
-1.448089344937266987e-01 -1.487670360147654580e-01
-1.449499032253318276e-01 -1.491826827242269116e-01
-1.450921507403558075e-01 -1.496006819659572162e-01
-1.452356867532095253e-01 -1.500210543237377736e-01
-1.453805210893826805e-01 -1.504438206123482336e-01
-1.455266636864299690e-01 -1.508690018802380239e-01
-1.456741245950093633e-01 -1.512966194122747632e-01
-1.458229139799754603e-01 -1.517266947325717763e-01
-1.459730421215265084e-01 -1.521592496073940481e-01
-1.461245194164026151e-01 -1.525943060481418367e-01
-1.462773563791371634e-01 -1.530318863144150832e-01
-1.464315636680292021e-01 -1.534720129430111324e-01
-1.465871521210823925e-01 -1.539147087876973352e-01
-1.467441325884874803e-01 -1.543599968453918392e-01
-1.469025160377046557e-01 -1.548079003677047261e-01
-1.470623135666265513e-01 -1.552584428766512481e-01
-1.472235364045894890e-01 -1.557116481676771580e-01
-1.473861959134583621e-01 -1.561675403127855133e-01
-1.475503035887829606e-01 -1.566261436637647331e-01
-1.477158710610279313e-01 -1.570874828555206826e-01
-1.478829100968740706e-01 -1.575515828095121751e-01
-1.480514326005889503e-01 -1.580184687372891972e-01
-1.482214506154699851e-01 -1.584881661441366052e-01
-1.483929763253561962e-01 -1.589607008328228488e-01
-1.485660220564588574e-01 -1.594360989077222568e-01
-1.487406003703120871e-01 -1.599143868769366816e-01
-1.489167239214456984e-01 -1.603955915021115786e-01
-1.490944054274947195e-01 -1.608797397679195551e-01
-1.492736577627870875e-01 -1.613668589846826984e-01
-1.494544939595471300e-01 -1.618569767920618463e-01
-1.496369272091936653e-01 -1.623501211628792240e-01
-1.498209708637368298e-01 -1.628463204070767778e-01
-1.500066384372684414e-01 -1.633456031758113713e-01
-1.501939436075454826e-01 -1.638479984656842914e-01
-1.503829002176688689e-01 -1.643535356231096700e-01
-1.505735222778540883e-01 -1.648622443488204636e-01
-1.507658239672918510e-01 -1.653741547025121550e-01
-1.509598196361018330e-01 -1.658892971076257605e-01
-1.511555238145146363e-01 -1.664077023641314934e-01
-1.513529512363890051e-01 -1.669294016772502887e-01
-1.515521167692667759e-01 -1.674544265832083600e-01
-1.517530354552131810e-01 -1.679828089967984051e-01
-1.519557225206105422e-01 -1.685145812250228026e-01
-1.521601933784175464e-01 -1.690497759725025362e-01
-1.523664636305217257e-01 -1.695884263470374131e-01
-1.525745490701869156e-01 -1.701305658653203823e-01
-1.527844656845923077e-01 -1.706762284588028977e-01
-1.529962296606069694e-01 -1.712254484832334001e-01
-1.532098574005855418e-01 -1.717782607395230976e-01
-1.534253654827246738e-01 -1.723347004325539444e-01
-1.536427706873330079e-01 -1.728948032036932703e-01
-1.538620900053795648e-01 -1.734586051436749488e-01
-1.540833406411688256e-01 -1.740261427989728271e-01
-1.543065400151278077e-01 -1.745974531783582029e-01
-1.545317057667081884e-01 -1.751725737596448174e-01
-1.547588557574013368e-01 -1.757515424966204776e-01
-1.549880080772324809e-01 -1.763343978299992121e-01
-1.552191810700531971e-01 -1.769211787199048425e-01
-1.554523932745154602e-01 -1.775119245824134662e-01
-1.556876634580003083e-01 -1.781066753317188112e-01
-1.559250106306244166e-01 -1.787054713999172983e-01
-1.561644540483082821e-01 -1.793083537444337683e-01
-1.564060132159875716e-01 -1.799153638556792167e-01
-1.566497078909712681e-01 -1.805265437649427596e-01
-1.568955580864419552e-01 -1.811419360525193534e-01
-1.571435840782817173e-01 -1.817615838597569089e-01
-1.573938064420630778e-01 -1.823855309361714083e-01
-1.576462459728687482e-01 -1.830138215510400124e-01
-1.579009237246440378e-01 -1.836465005430212849e-01
-1.581578610323439160e-01 -1.842836133502579188e-01
-1.584170795154335731e-01 -1.849252060190290370e-01
-1.586786010815764980e-01 -1.855713252126979240e-01
-1.589424479305134308e-01 -1.862220182209616270e-01
-1.592086425581263343e-01 -1.868773329694016216e-01
-1.594772077665793375e-01 -1.875373180362665260e-01
-1.597481667719584664e-01 -1.882020227842836346e-01
-1.600215429711211446e-01 -1.888714970916777758e-01
-1.602973600268248755e-01 -1.895457914565431556e-01
-1.605756419376093980e-01 -1.902249570842913517e-01
-1.608564130404791237e-01 -1.909090458962956482e-01
-1.611396980139259416e-01 -1.915981105390130168e-01
-1.614255218812939707e-01 -1.922922043935902658e-01
-1.617139100144797947e-01 -1.929913815859551629e-01
-1.620048881453705070e-01 -1.936956970062481687e-01
-1.622984826152544247e-01 -1.944052066134936418e-01
-1.625947198624511369e-01 -1.951199668294605616e-01
-1.628936265485504964e-01 -1.958400346935351977e-01
-1.631952297464544510e-01 -1.965654680937399812e-01
-1.634995569402337146e-01 -1.972963257732157916e-01
-1.638066360256979770e-01 -1.980326673376112678e-01
-1.641164953116713288e-01 -1.987745532633805323e-01
-1.644291635219699288e-01 -1.995220449069978474e-01
-1.647446697973575236e-01 -2.002752045142219550e-01
-1.650630436406139434e-01 -2.010340951601486403e-01
-1.653843150330994438e-01 -2.017987808978267683e-01
-1.657085144289306977e-01 -2.025693267588897784e-01
-1.660356727077386130e-01 -2.033457987034354986e-01
-1.663658211821449628e-01 -2.041282636364579739e-01
-1.666989916058043697e-01 -2.049167894251281707e-01
-1.670352161820048420e-01 -2.057114449169240855e-01
-1.673745275728178439e-01 -2.065122999586130881e-01
-1.677169589085853729e-01 -2.073194254158306216e-01
-1.680625436995060729e-01 -2.081328930716050130e-01
-1.684113160185451430e-01 -2.089527758603545449e-01
-1.687633105327548122e-01 -2.097791479160411865e-01
-1.691185624042314539e-01 -2.106120844584755680e-01
-1.694771073050388432e-01 -2.114516618205068421e-01
-1.698389814324754998e-01 -2.122979574759105703e-01
-1.702042214131188891e-01 -2.131510499282689430e-01
-1.705728645060153037e-01 -2.140110189738978208e-01
-1.709449485799912072e-01 -2.148779456837555113e-01
-1.713205121073126669e-01 -2.157519124056967164e-01
-1.716995941247817514e-01 -2.166330027256272994e-01
-1.720822342497365376e-01 -2.175213014975834191e-01
-1.724684726952000202e-01 -2.184168948730327020e-01
-1.728583501694974933e-01 -2.193198701838814935e-01
-1.732519081213081680e-01 -2.202303162632277822e-01
-1.736491887393760425e-01 -2.211483234572317880e-01
-1.740502348416299028e-01 -2.220739834959667980e-01
-1.744550898941374106e-01 -2.230073895287378039e-01
-1.748637980298763106e-01 -2.239486361595215413e-01
-1.752764040069353102e-01 -2.248978194050436363e-01
-1.756929531702484670e-01 -2.258550366568801149e-01
-1.761134918932204529e-01 -2.268203872611523619e-01
-1.765380672778532611e-01 -2.277939721479260160e-01
-1.769667271429798683e-01 -2.287758938288211030e-01
-1.773995200478458989e-01 -2.297662564403318286e-01
-1.778364953060788400e-01 -2.307651657751121077e-01
-1.782777021843919008e-01 -2.317727282536649891e-01
-1.787231916240120955e-01 -2.327890531702517252e-01
-1.791730160125237226e-01 -2.338142524200208794e-01
-1.796272283917572932e-01 -2.348484394856271140e-01
-1.800858825070759117e-01 -2.358917295144425386e-01
-1.805490328562510405e-01 -2.369442393960550231e-01
-1.810167347047233199e-01 -2.380060877963957322e-01
-1.814890441142583410e-01 -2.390773952098467492e-01
-1.819660181954407541e-01 -2.401582843073082896e-01
-1.824477149943644350e-01 -2.412488798044539196e-01
-1.829341935271484032e-01 -2.423493085242651168e-01
-1.834255138292967824e-01 -2.434596994799136660e-01
-1.839217370141444929e-01 -2.445801839706019387e-01
-1.844229258383544012e-01 -2.457108963539816615e-01
-1.849291436420457679e-01 -2.468519726576626216e-01
-1.854404546340632232e-01 -2.480035509737904542e-01
-1.859569244064675775e-01 -2.491657721652066060e-01
-1.864786190351763462e-01 -2.503387786815555738e-01
-1.870056078810186928e-01 -2.515227183388846766e-01
-1.875379592577567645e-01 -2.527177385301095369e-01
-1.880757433164230719e-01 -2.539239901121519427e-01
-1.886190317839955555e-01 -2.551416270823725352e-01
-1.891678981410052363e-01 -2.563708068460617273e-01
-1.897224162452667562e-01 -2.576116883769800081e-01
-1.902826613932305233e-01 -2.588644336729593043e-01
-1.908487105268312500e-01 -2.601292080634116655e-01
-1.914206433698335541e-01 -2.614061817895885209e-01
-1.919985392231823573e-01 -2.626955256634066482e-01
-1.925824784477982443e-01 -2.639974131020721981e-01
-1.931725433611111986e-01 -2.653120213808207173e-01
-1.937688187269153983e-01 -2.666395323403281670e-01
-1.943713908149750091e-01 -2.679801311302297262e-01
-1.949803470567779140e-01 -2.693340057615453143e-01
-1.955957770042393573e-01 -2.707013484571295092e-01
-1.962177720348037002e-01 -2.720823552792697164e-01
-1.968464244825454956e-01 -2.734772249554136558e-01
-1.974818288317435611e-01 -2.748861605611400138e-01
-1.981240650394886227e-01 -2.763093462990864890e-01
