-3.393259282765955787e-01 2.139893453484804919e-02
-3.380835148163726656e-01 2.169705528435868919e-02
-3.368512129240596176e-01 2.199312265302663313e-02
-3.356289313458810097e-01 2.228716471011805630e-02
-3.344165533456727180e-01 2.257920739443880845e-02
-3.332139638345960608e-01 2.286927623447740365e-02
-3.320210498476504624e-01 2.315739639089889682e-02
-3.308376993070146765e-01 2.344359258082459943e-02
-3.296638019168687816e-01 2.372788914725688578e-02
-3.284992493718870143e-01 2.401031008432009256e-02
-3.273439353327772805e-01 2.429087904660924557e-02
-3.261977542073672409e-01 2.456961926840592683e-02
-3.250606022027143771e-01 2.484655364832699664e-02
-3.239323778072772386e-01 2.512170479681065036e-02
-3.228129813346529708e-01 2.539509501300518321e-02
-3.217023149240307300e-01 2.566674629504351116e-02
-3.206002812121775403e-01 2.593668024284554591e-02
-3.195067827228228463e-01 2.620491801086449052e-02
-3.184217249175221864e-01 2.647148056112862829e-02
-3.173450147909193664e-01 2.673638856133713632e-02
-3.162765608464565004e-01 2.699966239138837723e-02
-3.152162728581008322e-01 2.726132213123978743e-02
-3.141640608891851927e-01 2.752138748209065344e-02
-3.131198369388227820e-01 2.777987791410316959e-02
-3.120835144906441427e-01 2.803681263671113644e-02
-3.110550083956087897e-01 2.829221059628869717e-02
-3.100342354927441701e-01 2.854609054097812654e-02
-3.090211105253820589e-01 2.879847065125749200e-02
-3.080155527623417711e-01 2.904936915269594466e-02
-3.070174814603765512e-01 2.929880390826959322e-02
-3.060268171907052359e-01 2.954679254639304420e-02
-3.050434818149852512e-01 2.979335246594752920e-02
-3.040673978355251661e-01 3.003850077933051602e-02
-3.030984884750548281e-01 3.028225432402764997e-02
-3.021366786029917595e-01 3.052462976024108293e-02
-3.011818941549938011e-01 3.076564352083187986e-02
-3.002340620984623176e-01 3.100531181374252196e-02
-2.992931103992882980e-01 3.124365062431629092e-02
-2.983589679885984558e-01 3.148067571739422699e-02
-2.974315647295096010e-01 3.171640263918786007e-02
-2.965108314920791854e-01 3.195084673058678354e-02
-2.955967001077438039e-01 3.218402312785079156e-02
-2.946891031632016267e-01 3.241594674533274795e-02
-2.937879740667215245e-01 3.264663228708702958e-02
-2.928932470168825186e-01 3.287609424797136026e-02
-2.920048569709940978e-01 3.310434691450295230e-02
-2.911227396135299128e-01 3.333140436550151992e-02
-2.902468313245694653e-01 3.355728047252090618e-02
-2.893770701000705214e-01 3.378198901118360797e-02
-2.885133954627082664e-01 3.400554365974764459e-02
-2.876557468320640742e-01 3.422795781375324170e-02
-2.868040643983489901e-01 3.444924469038275483e-02
-2.859582891095220347e-01 3.466941733122506919e-02
-2.851183626543930538e-01 3.488848860446057409e-02
-2.842842274457251239e-01 3.510647120693276974e-02
-2.834558266033375684e-01 3.532337766610527119e-02
-2.826331041395365173e-01 3.553922036734726009e-02
-2.818160049410595169e-01 3.575401155665521025e-02
-2.810044743956394697e-01 3.596776329776658204e-02
-2.801984585738959699e-01 3.618048749845424045e-02
-2.793979042167692439e-01 3.639219591272364884e-02
-2.786027587218018464e-01 3.660290014277282900e-02
-2.778129701294200782e-01 3.681261164085975618e-02
-2.770284871092125178e-01 3.702134171107776539e-02
-2.762492590749194288e-01 3.722910152838312947e-02
-2.754752361772205838e-01 3.743590214179595699e-02
-2.747063690522866808e-01 3.764175444408608684e-02
-2.739426089385953444e-01 3.784666919063379292e-02
-2.731839076662400112e-01 3.805065700132151396e-02
-2.724302176452769175e-01 3.825372836221906797e-02
-2.716814918540738644e-01 3.845589362718969395e-02
-2.709376838276567612e-01 3.865716301941836408e-02
-2.701987477883407429e-01 3.885754665332218083e-02
-2.694646384685518981e-01 3.905705451273391859e-02
-2.687353112108127884e-01 3.925569646837050869e-02
-2.680107218099245792e-01 3.945348225802942921e-02
-2.672908265875433287e-01 3.965042150018741746e-02
-2.665755823812441805e-01 3.984652369532365457e-02
-2.658649465337981632e-01 4.004179822720232984e-02
-2.651588768826685372e-01 4.023625436411478601e-02
-2.644573318489390479e-01 4.042990127525243615e-02
-2.637602704319269020e-01 4.062274803315914229e-02
-2.630676519992190543e-01 4.081480358440925382e-02
-2.623794363905504468e-01 4.100607676790340300e-02
-2.616955839113114246e-01 4.119657631649778495e-02
-2.610160553251361093e-01 4.138631085844486635e-02
-2.603408118467759880e-01 4.157528891882854294e-02
-2.596698151352569428e-01 4.176351892099745833e-02
-2.590030272873216632e-01 4.195100918799763573e-02
-2.583404108311528335e-01 4.213776794400787840e-02
-2.576819287203833131e-01 4.232380331577872967e-02
-2.570275443602146881e-01 4.250912333934210585e-02
-2.563772216572490770e-01 4.269373597084826638e-02
-2.557309248701053472e-01 4.287764906434370776e-02
-2.550886186661410759e-01 4.306087038331904426e-02
-2.544502681233892782e-01 4.324340760333487271e-02
-2.538158387272422267e-01 4.342526831376362223e-02
-2.531852963674569579e-01 4.360646001956390572e-02
-2.525586073354788574e-01 4.378699014309059279e-02
-2.519357383220849900e-01 4.396686602594250537e-02
-2.513166564153430649e-01 4.414609493085127484e-02
-2.507013290988913679e-01 4.432468404361250558e-02
-2.500897241876214316e-01 4.450264046386769728e-02
-2.494818094833108069e-01 4.467997114529008440e-02
-2.488775533682215380e-01 4.485668300246189316e-02
-2.482769246373937588e-01 4.503278288374109456e-02
-2.476798924340077313e-01 4.520827756179045254e-02
-2.470864262456179683e-01 4.538317373484444112e-02
-2.464964959005519207e-01 4.555747802798048446e-02
-2.459100715644724211e-01 4.573119699439689295e-02
-2.453271237371032476e-01 4.590433711669795330e-02
-2.447476232491165027e-01 4.607690480818855266e-02
-2.441715412591844991e-01 4.624890641417819109e-02
-2.435988492423634966e-01 4.642034821161413610e-02
-2.430295188299982090e-01 4.659123638016972324e-02
-2.424635220105555988e-01 4.676157704183835084e-02
-2.419008311225586683e-01 4.693137626157780490e-02
-2.413414188022157958e-01 4.710064003906548613e-02
-2.407852579798017145e-01 4.726937430966287462e-02
-2.402323218761343027e-01 4.743758494537567844e-02
-2.396825839991515439e-01 4.760527775580911808e-02
-2.391360181405867424e-01 4.777245848911986642e-02
-2.385925983727390509e-01 4.793913283296572653e-02
-2.380522990453446674e-01 4.810530641545295027e-02
-2.375150947823036207e-01 4.827098480603376346e-02
-2.369809604334766340e-01 4.843617350719812281e-02
-2.364498711083027893e-01 4.860087796265082777e-02
-2.359218022028025386e-01 4.876510356435384552e-02
-2.353967293703617403e-01 4.892885564807120807e-02
-2.348746285186427696e-01 4.909213949417382677e-02
-2.343554758065739263e-01 4.925496032843881822e-02
-2.338392476414133392e-01 4.941732332284505536e-02
-2.333259206758906967e-01 4.957923359636474264e-02
-2.328154718054223915e-01 4.974069621575256256e-02
-2.323078781654050740e-01 4.990171619633190087e-02
-2.318031171285835634e-01 5.006229850277957999e-02
-2.313011662808767133e-01 5.022244804521480699e-02
-2.308020034158324851e-01 5.038216967918803663e-02
-2.303056065790307361e-01 5.054146821659175060e-02
-2.298119540398164129e-01 5.070034842085005544e-02
-2.293210242883002015e-01 5.085881500751495560e-02
-2.288327960327757038e-01 5.101687264493628970e-02
-2.283472481971985379e-01 5.117452595492719830e-02
-2.278643599187256674e-01 5.133177951342614287e-02
-2.273841105453131006e-01 5.148863785115656566e-02
-2.269064796333757628e-01 5.164510545428342703e-02
-2.264314469455059597e-01 5.180118676506813985e-02
-2.259589924399780236e-01 5.195688618061874986e-02
-2.254890962526957254e-01 5.211220804982180654e-02
-2.250217387347618614e-01 5.226715668306684826e-02
-2.245569004338900387e-01 5.242173634912571795e-02
-2.240945620904954971e-01 5.257595127534558238e-02
-2.236347046355068591e-01 5.272980564822180721e-02
-2.231773091882285620e-01 5.288330361396737650e-02
-2.227223570542536391e-01 5.303644927907965462e-02
-2.222698297234235454e-01 5.318924671090552447e-02
-2.218197088678403039e-01 5.334169993820413180e-02
-2.213719763399260576e-01 5.349381295170854006e-02
-2.209266141639840697e-01 5.364558970309558916e-02
-2.204836044983114196e-01 5.379703409671273556e-02
-2.200429297019961261e-01 5.394815000670286770e-02
-2.196045723127294791e-01 5.409894127268005670e-02
-2.191685150375302649e-01 5.424941169844504224e-02
-2.187347407509733221e-01 5.439956505250314461e-02
-2.183032324934652546e-01 5.454940506858121929e-02
-2.178739734695664121e-01 5.469893544614454900e-02
-2.174469470463563925e-01 5.484815985091453377e-02
-2.170221367518475608e-01 5.499708191538642960e-02
-2.165995262734430049e-01 5.514570523934844704e-02
-2.161790994564410928e-01 5.529403339040188381e-02
-2.157608403025837729e-01 5.544206990448349859e-02
-2.153447329686524470e-01 5.558981828638951544e-02
-2.149307617651078361e-01 5.573728201030223040e-02
-2.145189111547766703e-01 5.588446452031925471e-02
-2.141091657515818425e-01 5.603136923098640115e-02
-2.137015102718715365e-01 5.617799951536036479e-02
-2.132959294747594492e-01 5.632435868982448718e-02
-2.128924083631738851e-01 5.647045006763319608e-02
-2.124909320873989149e-01 5.661627693462110977e-02
-2.120914859367264149e-01 5.676184254780628630e-02
-2.116940553380624868e-01 5.690715013580396886e-02
-2.112986258545666574e-01 5.705220289924086557e-02
-2.109051831843276603e-01 5.719700401116914468e-02
-2.105137131590728017e-01 5.734155661748126243e-02
-2.101242017429126585e-01 5.748586383732535304e-02
-2.097366350311190009e-01 5.762992876352214522e-02
-2.093509992489383520e-01 5.777375446298288475e-02
-2.089672807504401597e-01 5.791734397712878374e-02
-2.085854660173978581e-01 5.806070032231296085e-02
-2.082055416582058727e-01 5.820382649024392896e-02
-2.078274944068300156e-01 5.834672544841188607e-02
-2.074513111217931027e-01 5.848940014051746961e-02
-2.070769787186745314e-01 5.863185346806989995e-02
-2.067044842004624738e-01 5.877408829932258272e-02
-2.063338147538574807e-01 5.891610749725934015e-02
-2.059649576818194106e-01 5.905791390131827356e-02
-2.055979004023023582e-01 5.919951032768994148e-02
-2.052326304471390750e-01 5.934089956964939960e-02
-2.048691354609507298e-01 5.948208439788865709e-02
-2.045074032000837871e-01 5.962306756084904957e-02
-2.041474215315709773e-01 5.976385178505461138e-02
-2.037891784321201882e-01 5.990443977544582244e-02
-2.034326619871288655e-01 6.004483421571406992e-02
-2.030778603897232248e-01 6.018503776863774746e-02
-2.027247619398246659e-01 6.032505307641932574e-02
-2.023733550432415262e-01 6.046488276102392201e-02
-2.020236282107870929e-01 6.060452942451961811e-02
-2.016755700574223986e-01 6.074399564941996427e-02
-2.013291692994143289e-01 6.088328399842012073e-02
-2.009844146845317925e-01 6.102239699378179949e-02
-2.006412950784783600e-01 6.116133714383780590e-02
-2.002997994745172039e-01 6.130010694661754828e-02
-1.999599169626206652e-01 6.143870888110789658e-02
-1.996216367285464643e-01 6.157714540752091265e-02
-1.992849480529316486e-01 6.171541896756188583e-02
-1.989498403104081881e-01 6.185353198469707714e-02
-1.986163029687369741e-01 6.199148686442178258e-02
-1.982843255879624955e-01 6.212928599452861161e-02
-1.979538978195859444e-01 6.226693174537670933e-02
-1.976250094057589168e-01 6.240442647016118671e-02
-1.972976501784960701e-01 6.254177250518361264e-02
-1.969718100589083754e-01 6.267897217012327604e-02
-1.966474790564542163e-01 6.281602776831007873e-02
-1.963246472682112775e-01 6.295294158699819842e-02
-1.960033048781678333e-01 6.308971589764117427e-02
-1.956834421492069098e-01 6.322635295380221732e-02
-1.953650493742914163e-01 6.336285497577284764e-02
-1.950481169630914058e-01 6.349922417892743531e-02
-1.947326354179126362e-01 6.363546276654014067e-02
-1.944185953221012619e-01 6.377157292651894349e-02
-1.941059873392890489e-01 6.390755683162283041e-02
-1.937948022126536329e-01 6.404341663967910714e-02
-1.934850307641925449e-01 6.417915449380100223e-02
-1.931766638940135283e-01 6.431477252260503485e-02
-1.928696925796394013e-01 6.445027284042879889e-02
-1.925641078753278224e-01 6.458565754754923283e-02
-1.922599009114064339e-01 6.472092873040102834e-02
-1.919570628936220769e-01 6.485608846179617692e-02
-1.916555851025058266e-01 6.499113880114384956e-02
-1.913554588927529332e-01 6.512608179467113678e-02
-1.910566756926164178e-01 6.526091947564502393e-02
-1.907592270033171000e-01 6.539565386459526841e-02
-1.904631043856872541e-01 6.553028696514134888e-02
-1.901682994394128245e-01 6.566482075716441325e-02
-1.898748038638923830e-01 6.579925721810915562e-02
-1.895826094300328002e-01 6.593359831376409408e-02
-1.892917079770855826e-01 6.606784599757191401e-02
-1.890020914120274509e-01 6.620200221080910219e-02
-1.887137517089543803e-01 6.633606888276477598e-02
-1.884266809084861882e-01 6.647004793092005370e-02
-1.881408711171835280e-01 6.660394126112716140e-02
-1.878563145069756524e-01 6.673775076778933057e-02
-1.875730033146006948e-01 6.687147833404055719e-02
-1.872909298410570522e-01 6.700512583192599902e-02
-1.870100864510670646e-01 6.713869512258265060e-02
-1.867304655725508800e-01 6.727218805642115607e-02
-1.864520596961135313e-01 6.740560647330771926e-02
-1.861748613745423109e-01 6.753895220274717948e-02
-1.858988632223168014e-01 6.767222706406669785e-02
-1.856240578969436672e-01 6.780543285995800640e-02
-1.853504381040862459e-01 6.793857137860027928e-02
-1.850779966287884881e-01 6.807164440541939310e-02
-1.848067263146760397e-01 6.820465371588474435e-02
-1.845366200633265230e-01 6.833760107561770436e-02
-1.842676708337586677e-01 6.847048824054038918e-02
-1.839998716419312397e-01 6.860331695702412413e-02
-1.837332155602498795e-01 6.873608896203851903e-02
-1.834676957170841838e-01 6.886880598330007153e-02
-1.832033052962937503e-01 6.900146973942120066e-02
-1.829400375367625231e-01 6.913408194005976615e-02
-1.826778857319430460e-01 6.926664428606862933e-02
-1.824168432294094866e-01 6.939915846964581081e-02
-1.821569034304199863e-01 6.953162617448489791e-02
-1.818980597894871432e-01 6.966404907592649298e-02
-1.816403058139586246e-01 6.979642884110975887e-02
-1.813836350629972893e-01 6.992876712889033175e-02
-1.811280411185328676e-01 7.006106557890878772e-02
-1.808735176209436690e-01 7.019332582555852518e-02
-1.806200582752285067e-01 7.032554950073620359e-02
-1.803676568363696275e-01 7.045773822851182644e-02
-1.801163071089238454e-01 7.058989362526306433e-02
-1.798660029466206123e-01 7.072201729981017482e-02
-1.796167382519688049e-01 7.085411085355117211e-02
-1.793685069758716999e-01 7.098617588059749628e-02
-1.791213031172492198e-01 7.111821396791080663e-02
-1.788751207226688122e-01 7.125022669543996934e-02
-1.786299538859838498e-01 7.138221563625907207e-02
-1.783857967479807460e-01 7.151418235670603529e-02
-1.781426434960327321e-01 7.164612841652241715e-02
-1.779004883637626544e-01 7.177805536899409256e-02
-1.776593256307136270e-01 7.190996476109254298e-02
-1.774191496220265674e-01 7.204185813361788093e-02
-1.771799547081268633e-01 7.217373702134254054e-02
-1.769417353044180907e-01 7.230560295315630048e-02
-1.767044858709838073e-01 7.243745745221266685e-02
-1.764682009122974515e-01 7.256930203607625529e-02
-1.762328749769392910e-01 7.270113821687214373e-02
-1.759985026424268628e-01 7.283296749527218283e-02
-1.757650784658119358e-01 7.296479134015231016e-02
-1.755325970980901595e-01 7.309661123608117428e-02
-1.753010532402373700e-01 7.322842866554400698e-02
-1.750704416341140324e-01 7.336024510543509569e-02
-1.748407570621362817e-01 7.349206202716446201e-02
-1.746119943469524316e-01 7.362388089676509539e-02
-1.743841483511258394e-01 7.375570317500040884e-02
-1.741572139768237382e-01 7.388753031747173627e-02
-1.739311861655111480e-01 7.401936377472700945e-02
-1.737060598976514214e-01 7.415120499236929619e-02
-1.734818301924120343e-01 7.428305541116604627e-02
-1.732584921073767881e-01 7.441491646715887864e-02
-1.730360407382629251e-01 7.454678959177424291e-02
-1.728144712186449050e-01 7.467867621193442773e-02
-1.725937787196832329e-01 7.481057775016944356e-02
-1.723739584498598654e-01 7.494249562472946047e-02
-1.721550056547182239e-01 7.507443124969846726e-02
-1.719369156166099533e-01 7.520638603510837461e-02
-1.717196836544468419e-01 7.533836138705427010e-02
-1.715033051234588490e-01 7.547035870781024225e-02
-1.712877754149572107e-01 7.560237939594686984e-02
-1.710730899288446238e-01 7.573442483438146133e-02
-1.708592440873506202e-01 7.586649639651492361e-02
-1.706462333761140371e-01 7.599859546465828619e-02
-1.704340533148860637e-01 7.613072341734826443e-02
-1.702226994571922336e-01 7.626288162940475512e-02
-1.700121673900723829e-01 7.639507147202047321e-02
-1.698024527338244938e-01 7.652729431285143491e-02
-1.695935511417535069e-01 7.665955151610723273e-02
-1.693854582999247405e-01 7.679184444264194886e-02
-1.691781699269211958e-01 7.692417445004573473e-02
-1.689716817736055254e-01 7.705654289273633495e-02
-1.687659896228868306e-01 7.718895112205162445e-02
-1.685610892894916224e-01 7.732140048634220109e-02
-1.683569766197387241e-01 7.745389233106503291e-02
-1.681536474913193357e-01 7.758642799887736918e-02
-1.679510978130811794e-01 7.771900882973142854e-02
-1.677493235248171122e-01 7.785163616096950345e-02
-1.675483205970576539e-01 7.798431132742032756e-02
-1.673480850308687040e-01 7.811703566149569289e-02
-1.671486128576527286e-01 7.824981049328801064e-02
-1.669499001389553317e-01 7.838263715066851045e-02
-1.667519429636121209e-01 7.851551695813302478e-02
-1.665547374169153716e-01 7.864845122241148623e-02
-1.663582796310290601e-01 7.878144125630319461e-02
-1.661625657760207597e-01 7.891448837472093969e-02
-1.659675920502698965e-01 7.904759389036492001e-02
-1.657733546802545310e-01 7.918075911379894583e-02
-1.655798499203422203e-01 7.931398535352661427e-02
-1.653870740525833771e-01 7.944727391606840050e-02
-1.651950233865087103e-01 7.958062610603848508e-02
-1.650036942589301892e-01 7.971404322622187288e-02
-1.648130830337443398e-01 7.984752657765255279e-02
-1.646231861017400377e-01 7.998107745969125493e-02
-1.644339998804091874e-01 8.011469717010406832e-02
-1.642455208137605926e-01 8.024838700514154433e-02
-1.640577453721376311e-01 8.038214825961774446e-02
-1.638706700520385362e-01 8.051598222699066221e-02
-1.636842913759407048e-01 8.064989019944238113e-02
-1.634986058921281682e-01 8.078387346796002400e-02
-1.633136101745219226e-01 8.091793332241760395e-02
-1.631293008225140062e-01 8.105207105165798676e-02
-1.629456744608047125e-01 8.118628794357585221e-02
-1.627627277392433847e-01 8.132058528520094698e-02
-1.625804573234795880e-01 8.145496435817718706e-02
-1.623988598859564259e-01 8.158942643433535202e-02
-1.622179321428494359e-01 8.172397279433765704e-02
-1.620376708353837569e-01 8.185860471853269316e-02
-1.618580727284983367e-01 8.199332348644125523e-02
-1.616791346106726535e-01 8.212813037682291373e-02
-1.615008532937572405e-01 8.226302666774243377e-02
-1.613232256128053488e-01 8.239801363663702694e-02
-1.611462484259082450e-01 8.253309256038340869e-02
-1.609699186140330085e-01 8.266826471536498078e-02
-1.607942330808622422e-01 8.280353137754013770e-02
-1.606191887526369488e-01 8.293889382251001807e-02
-1.604447825780017933e-01 8.307435332558711638e-02
-1.602710115278527248e-01 8.320991116186418624e-02
-1.600978725951876791e-01 8.334556860628332398e-02
-1.599253627949589751e-01 8.348132693370589885e-02
-1.597534791639288743e-01 8.361718741898256646e-02
-1.595822187605276665e-01 8.375315133702362913e-02
-1.594115786647137545e-01 8.388921996287047878e-02
-1.592415559778368739e-01 8.402539457176688709e-02
-1.590721478225031460e-01 8.416167643923118391e-02
-1.589033513422781208e-01 8.429806684104092229e-02
-1.587351636876510319e-01 8.443456704590854289e-02
-1.585675820318813711e-01 8.457117832397414992e-02
-1.584006035764701503e-01 8.470790194988542243e-02
-1.582342255430968792e-01 8.484473919866865332e-02
-1.580684451734787888e-01 8.498169134578932582e-02
-1.579032597292313322e-01 8.511875966721338393e-02
-1.577386664917316272e-01 8.525594543946833637e-02
-1.575746627619827311e-01 8.539324993970523470e-02
-1.574112458604809417e-01 8.553067444576033240e-02
-1.572484131270846242e-01 8.566822023621754878e-02
-1.570861619208854532e-01 8.580588859047069694e-02
-1.569244896200809314e-01 8.594368078878682204e-02
-1.567633936218496005e-01 8.608159811236912318e-02
-1.566028713422279728e-01 8.621964184342087445e-02
-1.564429202159895449e-01 8.635781326520902690e-02
-1.562835376965255596e-01 8.649611366212918429e-02
-1.561247212557276831e-01 8.663454431977012093e-02
-1.559664683838736521e-01 8.677310652497904897e-02
-1.558087765895131427e-01 8.691180156592760719e-02
-1.556516433993569981e-01 8.705063073217786385e-02
-1.554950663581679271e-01 8.718959531474927693e-02
-1.553390430262850952e-01 8.732869660485415020e-02
-1.551835709694817655e-01 8.746793588829143706e-02
-1.550286477804064256e-01 8.760731445759896430e-02
-1.548742710709875847e-01 8.774683360794291453e-02
-1.547204384703295132e-01 8.788649463606106049e-02
-1.545671476245976395e-01 8.802629884031992757e-02
-1.544143961969050571e-01 8.816624752077277527e-02
-1.542621818672010592e-01 8.830634197921735651e-02
-1.541105023321606982e-01 8.844658351925449580e-02
-1.539593553050765395e-01 8.858697344634654247e-02
-1.538087385157511644e-01 8.872751306787629577e-02
-1.536586497103924198e-01 8.886820369320604096e-02
-1.535090866515088914e-01 8.900904663373741810e-02
-1.533600471178077351e-01 8.915004320297109652e-02
-1.532115289040940076e-01 8.929119471656703222e-02
-1.530635298211712181e-01 8.943250249240500271e-02
-1.529160476957436288e-01 8.957396785064575262e-02
-1.527690803703199707e-01 8.971559211379241672e-02
-1.526226257031189637e-01 8.985737660675184590e-02
-1.524766815679757248e-01 8.999932265689745969e-02
-1.523312458542504522e-01 9.014143159413146034e-02
-1.521863164667379975e-01 9.028370475094804615e-02
-1.520418913202747913e-01 9.042614345934185671e-02
-1.518979683411645909e-01 9.056874905173466217e-02
-1.517545454772654678e-01 9.071152286709179002e-02
-1.516116206913344644e-01 9.085446624709686558e-02
-1.514691919608778525e-01 9.099758053617605646e-02
-1.513272572780578473e-01 9.114086708155459682e-02
-1.511858146496005972e-01 9.128432723331378340e-02
-1.510448620967051736e-01 9.142796234444838799e-02
-1.509043976549539201e-01 9.157177377092387549e-02
-1.507644193742239680e-01 9.171576287173480169e-02
-1.506249253185999726e-01 9.185993100896261421e-02
-1.504859135662882930e-01 9.200427954783423068e-02
-1.503473822095319212e-01 9.214880985678106096e-02
-1.502093293545271602e-01 9.229352330749814037e-02
-1.500717531213410783e-01 9.243842127500379036e-02
-1.499346516438304078e-01 9.258350513769923740e-02
-1.497980230695614978e-01 9.272877627742942552e-02
-1.496618655597315162e-01 9.287423607954341243e-02
-1.495261772890911223e-01 9.301988593295552887e-02
-1.493909564458675010e-01 9.316572723020694058e-02
-1.492562012316896169e-01 9.331176136752775130e-02
-1.491219098611356320e-01 9.345798974466217046e-02
-1.489880805558436716e-01 9.360441376127390245e-02
-1.488547115534674115e-01 9.375103482264759980e-02
-1.487218011066100687e-01 9.389785433914567270e-02
-1.485893474807455927e-01 9.404487372501453557e-02
-1.484573489541418378e-01 9.419209439844315745e-02
-1.483258038177851512e-01 9.433951778162109891e-02
-1.481947103753057660e-01 9.448714530079739549e-02
-1.480640669429042489e-01 9.463497838633949666e-02
-1.479338718492789473e-01 9.478301847279253789e-02
-1.478041234355542688e-01 9.493126699893930653e-02
-1.476748200552098211e-01 9.507972540786019389e-02
-1.475459600740111066e-01 9.522839514699336927e-02
-1.474175418699404383e-01 9.537727766819598108e-02
-1.472895638331291890e-01 9.552637442780506638e-02
-1.471620243657910110e-01 9.567568688669923771e-02
-1.470349218821560278e-01 9.582521651036042531e-02
-1.469082548084056083e-01 9.597496476893647988e-02
-1.467820215826083907e-01 9.612493313730388622e-02
-1.466562206546574987e-01 9.627512309513069910e-02
-1.465308504862079253e-01 9.642553612694050591e-02
-1.464059095506155261e-01 9.657617372217623675e-02
-1.462813962111483290e-01 9.672703729477317991e-02
-1.461573092354066794e-01 9.687812852326799229e-02
-1.460336469719463182e-01 9.702944880695879570e-02
-1.459104079410348531e-01 9.718099965603484158e-02
-1.457875906741070704e-01 9.733278258577497677e-02
-1.456651937137260766e-01 9.748479911662442932e-02
-1.455432156135447186e-01 9.763705077427101142e-02
-1.454216549382665868e-01 9.778953908972148890e-02
-1.453005102636065193e-01 9.794226559937761756e-02
-1.451797801762512441e-01 9.809523184511195759e-02
-1.450594632738192447e-01 9.824843937434411811e-02
-1.449395581648207643e-01 9.840188974011621070e-02
-1.448200634686175048e-01 9.855558450116826130e-02
-1.447009778153816872e-01 9.870952522201413559e-02
-1.445822998460553066e-01 9.886371347301652068e-02
-1.444640282123088038e-01 9.901815083046217048e-02
-1.443461615764998207e-01 9.917283887663687347e-02
-1.442286986116309844e-01 9.932777919990058713e-02
-1.441116380013083009e-01 9.948297339476208645e-02
-1.439949784396987453e-01 9.963842306195345999e-02
-1.438787186314875455e-01 9.979412980850481396e-02
-1.437628572914268488e-01 9.995009524753446783e-02
-1.436473930341120309e-01 1.001063209215360961e-01
-1.435323243482531375e-01 1.002628082835990697e-01
-1.434176496657736943e-01 1.004195587447667126e-01
-1.433033676716473082e-01 1.005765738910368717e-01
-1.431894773716233804e-01 1.007338555331135505e-01
nan nan
nan nan
-1.424031339156401621e-01 1.018424446455425264e-01
-1.422923403778980633e-01 1.020019228803194650e-01
-1.421819278315012147e-01 1.021616826998532485e-01
-1.420718948962254591e-01 1.023217256410705461e-01
-1.419622405097894224e-01 1.024820534692450491e-01
-1.418529638587756325e-01 1.026426681307137379e-01
-1.417440640713125422e-01 1.028035715321171523e-01
-1.416355401496122712e-01 1.029647654908935894e-01
-1.415273909960812204e-01 1.031262517532679501e-01
-1.414196155221962015e-01 1.032880320729515772e-01
-1.413122126488548513e-01 1.034501082115011072e-01
-1.412051813063193717e-01 1.036124819383832246e-01
-1.410985204341600185e-01 1.037751550310393317e-01
-1.409922289811985918e-01 1.039381292749497337e-01
-1.408863059054513145e-01 1.041014064636981568e-01
-1.407807501740717393e-01 1.042649883990354603e-01
-1.406755607632937666e-01 1.044288768909433091e-01
-1.405707366583735241e-01 1.045930737576979963e-01
-1.404662768535321071e-01 1.047575808259336300e-01
-1.403621803518972089e-01 1.049223999307052207e-01
-1.402584461654453885e-01 1.050875329155515486e-01
-1.401550733149431460e-01 1.052529816325580569e-01
-1.400520608298885805e-01 1.054187479424191914e-01
-1.399494077484527144e-01 1.055848337145006144e-01
-1.398471131174200410e-01 1.057512408269014603e-01
-1.397451759921295722e-01 1.059179711665159951e-01
-1.396435954364152743e-01 1.060850266290953303e-01
-1.395423706755153370e-01 1.062524092357848005e-01
-1.394415005326455903e-01 1.064201207045710890e-01
-1.393409842143701338e-01 1.065881630475551956e-01
-1.392408208196097008e-01 1.067565381979049960e-01
-1.391410094557955501e-01 1.069252480982055414e-01
-1.390415492388294427e-01 1.070942947005377455e-01
-1.389424392930440066e-01 1.072636799665581397e-01
-1.388436787511641290e-01 1.074334058675794346e-01
-1.387452667542688201e-01 1.076034743846513153e-01
-1.386472024517537704e-01 1.077738875086429876e-01
-1.385494850012947143e-01 1.079446472403253615e-01
-1.384521135688115412e-01 1.081157555904545958e-01
-1.383550873284327687e-01 1.082872145798564611e-01
-1.382584054624610703e-01 1.084590262395112858e-01
-1.381620671613391638e-01 1.086311926106395404e-01
-1.380660716236166985e-01 1.088037157447885872e-01
-1.379704180559172544e-01 1.089765977039199307e-01
-1.378751056729066449e-01 1.091498405604976046e-01
-1.377801336972613033e-01 1.093234463975766291e-01
-1.376855013596377242e-01 1.094974173088934244e-01
-1.375912078986421816e-01 1.096717553989559613e-01
-1.374972525608011420e-01 1.098464627831353263e-01
-1.374036346023737309e-01 1.100215415892323856e-01
-1.373103532902205659e-01 1.101969939583071767e-01
-1.372174078934592090e-01 1.103728220381091224e-01
-1.371247976888040343e-01 1.105490279874466741e-01
-1.370325219608805323e-01 1.107256139765573077e-01
-1.369405800021920860e-01 1.109025821871989365e-01
-1.368489711130870534e-01 1.110799348127422675e-01
-1.367576946017266815e-01 1.112576740582643803e-01
-1.366667497840540757e-01 1.114358021406429422e-01
-1.365761359837633360e-01 1.116143212886519381e-01
-1.364858525322700522e-01 1.117932337430579820e-01
-1.363958987686824664e-01 1.119725417567175585e-01
-1.363062740397727457e-01 1.121522475946758746e-01
-1.362169776999498927e-01 1.123323535342659885e-01
-1.361280091112325730e-01 1.125128618652095625e-01
-1.360393676432234411e-01 1.126937748897181429e-01
-1.359510526730834667e-01 1.128750949225961753e-01
-1.358630635855070934e-01 1.130568242913444071e-01
-1.357753997726987849e-01 1.132389653362645271e-01
-1.356880606343490725e-01 1.134215204105652325e-01
-1.356010455776123225e-01 1.136044918804689774e-01
-1.355143540171330763e-01 1.137878821253606315e-01
-1.354279853808547374e-01 1.139716935428034539e-01
-1.353419391009191564e-01 1.141559285410461422e-01
-1.352562146123130193e-01 1.143405895379773635e-01
-1.351708113575715853e-01 1.145256789651958734e-01
-1.350857287867484879e-01 1.147111992681169451e-01
-1.350009663573871477e-01 1.148971529060793112e-01
-1.349165235344928493e-01 1.150835423524537993e-01
-1.348323997905056526e-01 1.152703700947530774e-01
-1.347485946052746075e-01 1.154576386347427042e-01
-1.346651074660319136e-01 1.156453504885536915e-01
-1.345819378673689948e-01 1.158335081867962607e-01
-1.344990853112130180e-01 1.160221142746746120e-01
-1.344165493068038286e-01 1.162111713121037060e-01
-1.343343293706724395e-01 1.164006818738267807e-01
-1.342524250266197983e-01 1.165906485495345341e-01
-1.341708358056968586e-01 1.167810739439854723e-01
-1.340895612461848185e-01 1.169719606771278675e-01
-1.340086008935766071e-01 1.171633113842230484e-01
-1.339279543005594264e-01 1.173551287159697032e-01
-1.338476210269970990e-01 1.175474153386302928e-01
-1.337676006399142192e-01 1.177401739341582126e-01
-1.336878927151873286e-01 1.179334072018324020e-01
-1.336084968439389953e-01 1.181271178640709435e-01
-1.335294126139804360e-01 1.183213086502111766e-01
-1.334506396184517718e-01 1.185159823042258032e-01
-1.333721774578356112e-01 1.187111415866429209e-01
-1.332940257399302109e-01 1.189067892746709931e-01
-1.332161840798236352e-01 1.191029281623262603e-01
-1.331386520998690814e-01 1.192995610605607493e-01
-1.330614294296613986e-01 1.194966907973929043e-01
-1.329845157060147998e-01 1.196943202180392740e-01
-1.329079105729409072e-01 1.198924521850484731e-01
-1.328316136816287130e-01 1.200910895784364912e-01
-1.327556246904252613e-01 1.202902352958237636e-01
-1.326799432648169130e-01 1.204898922525742544e-01
-1.326045690774123043e-01 1.206900633819361357e-01
-1.325295018079257203e-01 1.208907516351840628e-01
-1.324547411431618027e-01 1.210919599817637943e-01
-1.323802867770010883e-01 1.212936914094376734e-01
-1.323061384103864091e-01 1.214959489244332308e-01
-1.322322957513104302e-01 1.216987355515921215e-01
-1.321587585148037702e-01 1.219020543345222390e-01
-1.320855264229244264e-01 1.221059083357507180e-01
-1.320125992113165003e-01 1.223103006429652195e-01
-1.319399766245055172e-01 1.225152343648784614e-01
-1.318676584026345078e-01 1.227207126190703046e-01
-1.317956442930186545e-01 1.229267385428152309e-01
-1.317239340502587008e-01 1.231333152933588304e-01
-1.316525274362175812e-01 1.233404460480684028e-01
-1.315814242199978557e-01 1.235481340045861548e-01
-1.315106241779210039e-01 1.237563823809843672e-01
-1.314401270935076638e-01 1.239651944159228941e-01
-1.313699327574595621e-01 1.241745733688085773e-01
-1.313000409676419733e-01 1.243845225199575327e-01
-1.312304515290679263e-01 1.245950451707591444e-01
-1.311611642538840217e-01 1.248061446438422789e-01
-1.310921789613561927e-01 1.250178242832443443e-01
-1.310234954778579097e-01 1.252300874545820286e-01
-1.309551136368588553e-01 1.254429375452247586e-01
-1.308870332789150437e-01 1.256563779644702394e-01
-1.308192542516599388e-01 1.258704121437222434e-01
-1.307517764097965163e-01 1.260850435366712985e-01
-1.306845996150909905e-01 1.263002756194769038e-01
-1.306177237363668475e-01 1.265161118909527704e-01
-1.305511486504301877e-01 1.267325558736567270e-01
-1.304848742568776310e-01 1.269496111285005890e-01
-1.304189004482965986e-01 1.271672812260581931e-01
-1.303532271174096258e-01 1.273855697535912768e-01
-1.302878541644359178e-01 1.276044803223825852e-01
-1.302227814970653985e-01 1.278240165679141449e-01
-1.301580090304347015e-01 1.280441821500477029e-01
-1.300935366871040777e-01 1.282649807532093011e-01
-1.300293643970364954e-01 1.284864160865756832e-01
-1.299654920975783223e-01 1.287084918842640313e-01
-1.299019197334416453e-01 1.289312119055247008e-01
-1.298386472566878391e-01 1.291545799349369250e-01
-1.297756746267130501e-01 1.293785997826072953e-01
-1.297130018102354843e-01 1.296032752843714331e-01
-1.296506287812833058e-01 1.298286103019986037e-01
-1.295885555211850615e-01 1.300546087233994397e-01
-1.295267820185608543e-01 1.302812744628363273e-01
-1.294653082693153212e-01 1.305086114611376524e-01
-1.294041342766323044e-01 1.307366236859140995e-01
-1.293432600509700214e-01 1.309653151317788644e-01
-1.292826856100585675e-01 1.311946898205707257e-01
-1.292224109788985831e-01 1.314247518015799199e-01
-1.291624361970095669e-01 1.316555051591665748e-01
-1.291027613251410633e-01 1.318869540199294199e-01
-1.290433864061034386e-01 1.321191025129949126e-01
-1.289843114885394493e-01 1.323519547943586006e-01
-1.289255366289593085e-01 1.325855150491986878e-01
-1.288670618917121258e-01 1.328197874920915844e-01
-1.288088873489598440e-01 1.330547763672312034e-01
-1.287510130806520936e-01 1.332904859486525317e-01
-1.286934391745048201e-01 1.335269205404588100e-01
-1.286361657259794677e-01 1.337640844770522641e-01
-1.285791928382656879e-01 1.340019821233698061e-01
-1.285225206222650185e-01 1.342406178751210655e-01
-1.284661491965770896e-01 1.344799961590321669e-01
-1.284100786874877997e-01 1.347201214330920604e-01
-1.283543092289592125e-01 1.349609981868037101e-01
-1.282988409626217019e-01 1.352026309414388061e-01
-1.282436740377677908e-01 1.354450242502967805e-01
-1.281888086113479319e-01 1.356881826989680129e-01
-1.281342448479684537e-01 1.359321109056006727e-01
-1.280799829198903950e-01 1.361768135211720299e-01
-1.280260230070312533e-01 1.364222952297640123e-01
-1.279723652970221059e-01 1.366685607489001031e-01
-1.279190100068564317e-01 1.369156148529966921e-01
-1.278659573519430326e-01 1.371634623407048947e-01
-1.278132075357478747e-01 1.374121080239485426e-01
-1.277607607701686243e-01 1.376615567499290260e-01
-1.277086172755014792e-01 1.379118134013869457e-01
-1.276567772804123313e-01 1.381628828968697043e-01
-1.276052410219101485e-01 1.384147701910027617e-01
-1.275540087453223559e-01 1.386674802747674407e-01
-1.275030807042741021e-01 1.389210181757829232e-01
-1.274524571606692747e-01 1.391753889585936599e-01
-1.274021383846746236e-01 1.394305977249619688e-01
-1.273521246547065500e-01 1.396866496141658809e-01
-1.273024162574195317e-01 1.399435498033021474e-01
-1.272530134876984631e-01 1.402013035075944658e-01
-1.272039166486522155e-01 1.404599159807071729e-01
-1.271551260516103343e-01 1.407193925150641844e-01
-1.271066420161215960e-01 1.409797384421727640e-01
-1.270584648699556174e-01 1.412409591329538139e-01
-1.270105949491062702e-01 1.415030599980761361e-01
-1.269630325977970098e-01 1.417660464882972426e-01
-1.269157781684892017e-01 1.420299240948092179e-01
-1.268688320281936288e-01 1.422946983566567847e-01
-1.268221945897909098e-01 1.425603748963677198e-01
-1.267758662293956284e-01 1.428269593276727256e-01
-1.267298473218701760e-01 1.430944572953900817e-01
-1.266841382515231096e-01 1.433628744877638306e-01
-1.266387394120611631e-01 1.436322166367797748e-01
-1.265936512065466146e-01 1.439024895184884967e-01
-1.265488740473575957e-01 1.441736989533348168e-01
-1.265044083561521482e-01 1.444458508064949132e-01
-1.264602545638364994e-01 1.447189509882199632e-01
-1.264164131105364741e-01 1.449930054541868352e-01
-1.263728844455730971e-01 1.452680202058563852e-01
-1.263296690274415546e-01 1.455440012908381653e-01
-1.262867673237929589e-01 1.458209548032628478e-01
-1.262441798114211644e-01 1.460988868841616162e-01
-1.262019069762511381e-01 1.463778037218529116e-01
-1.261599493133322147e-01 1.466577115523362285e-01
-1.261183073268336008e-01 1.469386166596932664e-01
-1.260769815300437913e-01 1.472205253764969912e-01
-1.260359724453731234e-01 1.475034440842268868e-01
-1.259952806043585505e-01 1.477873792136928377e-01
-1.259549065476729957e-01 1.480723372454659237e-01
-1.259148508349889339e-01 1.483583247219247281e-01
-1.258751140403559787e-01 1.486453482423566175e-01
-1.258356967272109550e-01 1.489334144338830546e-01
-1.257965994682992972e-01 1.492225299752649448e-01
-1.257578228460912440e-01 1.495127015978391649e-01
-1.257193674527766758e-01 1.498039360859649283e-01
-1.256812338902646708e-01 1.500962402774788373e-01
-1.256434227701862805e-01 1.503896210641572639e-01
-1.256059347139000804e-01 1.506840853921886103e-01
-1.255687703525022181e-01 1.509796402626527312e-01
-1.255319303268387088e-01 1.512762927320090989e-01
-1.254954152875218110e-01 1.515740499125942387e-01
-1.254592258949494832e-01 1.518729189731263807e-01
-1.254233628193271721e-01 1.521729071392197430e-01
-1.253878267406938474e-01 1.524740216939071413e-01
-1.253526183489503953e-01 1.527762699781707589e-01
-1.253177383439647297e-01 1.530796593915725867e-01
-1.252831874492426611e-01 1.533841974094987959e-01
-1.252489663905202166e-01 1.536898915575930225e-01
-1.252150758920508866e-01 1.539967494076001919e-01
-1.251815166888748942e-01 1.543047785928534088e-01
-1.251482895268082318e-01 1.546139868087979818e-01
-1.251153951624361660e-01 1.549243818135255246e-01
-1.250828343631105732e-01 1.552359714283191860e-01
-1.250506079069526599e-01 1.555487635382093448e-01
-1.250187165828595126e-01 1.558627660925396563e-01
-1.249871611905153529e-01 1.561779871055450353e-01
-1.249559425404068308e-01 1.564944346569386857e-01
-1.249250614538423565e-01 1.568121168925122322e-01
-1.248945187629759701e-01 1.571310420247445105e-01
-1.248643153108345144e-01 1.574512183334231263e-01
-1.248344519513494566e-01 1.577726541662760051e-01
-1.248049295493918742e-01 1.580953579396141284e-01
-1.247757489824674465e-01 1.584193381410879398e-01
-1.247469111587436452e-01 1.587446033532619871e-01
-1.247184169768323636e-01 1.590711622032237316e-01
-1.246902673390863636e-01 1.593990233799056078e-01
-1.246624631599569238e-01 1.597281956453159846e-01
-1.246350053659784907e-01 1.600586878351708819e-01
-1.246078948957596438e-01 1.603905088595382611e-01
-1.245811326999797242e-01 1.607236677034969696e-01
-1.245547197413915674e-01 1.610581734278089816e-01
-1.245286569948287070e-01 1.613940351696051823e-01
-1.245029454472195984e-01 1.617312621430861685e-01
-1.244775860976063686e-01 1.620698636402353732e-01
-1.244525799571688102e-01 1.624098490315478149e-01
-1.244279280492541356e-01 1.627512277667720053e-01
-1.244036314094110890e-01 1.630940093756656217e-01
-1.243796910854300386e-01 1.634382034687670293e-01
-1.243561081373871641e-01 1.637838197381790151e-01
-1.243328836445551089e-01 1.641308679674263749e-01
-1.243100187201509055e-01 1.644793580518150722e-01
-1.242875144559339173e-01 1.648292999260395075e-01
-1.242653719528542672e-01 1.651807036051631261e-01
-1.242435923256780816e-01 1.655335791914969157e-01
-1.242221767029624696e-01 1.658879368753599370e-01
-1.242011262270379945e-01 1.662437869358572295e-01
-1.241804420539979886e-01 1.666011397416755913e-01
-1.241601253536967070e-01 1.669600057518982605e-01
-1.241401773097542266e-01 1.673203955168363621e-01
-1.241205991195682701e-01 1.676823196788800319e-01
-1.241013919943337873e-01 1.680457889733667776e-01
-1.240825571590688792e-01 1.684108142294682420e-01
-1.240640958526487425e-01 1.687774063710964223e-01
-1.240460093278443199e-01 1.691455764178268761e-01
-1.240282988513695395e-01 1.695153354858420780e-01
-1.240109657039340368e-01 1.698866947888919565e-01
-1.239940111986807952e-01 1.702596656645110340e-01
-1.239774366746060202e-01 1.706342595661647921e-01
-1.239612434429522292e-01 1.710104879904063846e-01
-1.239454328297427688e-01 1.713883625359487739e-01
-1.239300061769723071e-01 1.717678949062622085e-01
-1.239149648425662692e-01 1.721490969104959856e-01
-1.239003102003519430e-01 1.725319804644238897e-01
-1.238860436400389675e-01 1.729165575914128339e-01
-1.238721665672097016e-01 1.733028404234164821e-01
-1.238586804033194183e-01 1.736908412019913250e-01
-1.238455865857068100e-01 1.740805722793387911e-01
-1.238328865676132789e-01 1.744720461193698113e-01
-1.238205818182111367e-01 1.748652752987946424e-01
-1.238086738226419903e-01 1.752602725082371971e-01
-1.237971640820631908e-01 1.756570505533730786e-01
-1.237860541137030534e-01 1.760556223560930944e-01
-1.237753454509971096e-01 1.764560009557939457e-01
-1.237650396831246336e-01 1.768581995669861462e-01
-1.237551383967959162e-01 1.772622314977018998e-01
-1.237456431577473731e-01 1.776681101237497229e-01
-1.237365555504361531e-01 1.780758489463571126e-01
-1.237278771779707354e-01 1.784854615932695565e-01
-1.237196096620551966e-01 1.788969618198820999e-01
-1.237117546429478826e-01 1.793103635104023319e-01
-1.237043137794326397e-01 1.797256806790442085e-01
-1.236972887488041045e-01 1.801429274712550710e-01
-1.236906812468655387e-01 1.805621181649735285e-01
-1.236844929879385852e-01 1.809832671719196484e-01
-1.236787257048868882e-01 1.814063890389180644e-01
-1.236733811491511209e-01 1.818314984492523656e-01
-1.236684610907956561e-01 1.822586102240529859e-01
-1.236639673185673666e-01 1.826877393237165692e-01
-1.236599016399662632e-01 1.831189008493593895e-01
-1.236562658853186947e-01 1.835521100502278957e-01
-1.236530619625916955e-01 1.839873824067116415e-01
-1.236502917404169732e-01 1.844247334583192233e-01
-1.236479570821144708e-01 1.848641788549228726e-01
-1.236460598730586419e-01 1.853057343987666583e-01
-1.236446020205957258e-01 1.857494160458398325e-01
-1.236435854539780915e-01 1.861952399072917264e-01
-1.236430121243171365e-01 1.866432222508898620e-01
-1.236428840045526861e-01 1.870933795025181146e-01
-1.236432030894397405e-01 1.875457282477194232e-01
-1.236439713955523462e-01 1.880002852332789132e-01
-1.236451909613027617e-01 1.884570673688510944e-01
-1.236468638469778308e-01 1.889160917286289709e-01
-1.236489921347900950e-01 1.893773755530559488e-01
-1.236515779289450723e-01 1.898409362505820708e-01
-1.236546233557236224e-01 1.903067913994620775e-01
-1.236581305635776340e-01 1.907749587495973231e-01
-1.236621017274071588e-01 1.912454562308631978e-01
-1.236665390599813175e-01 1.917183019726282356e-01
-1.236714447736934480e-01 1.921935142463698787e-01
-1.236768211008895668e-01 1.926711114986904561e-01
-1.236826702976328574e-01 1.931511123589464696e-01
-1.236889946438150811e-01 1.936335356412645370e-01
-1.236957964432817553e-01 1.941184003466044083e-01
-1.237030780239739836e-01 1.946057256648703881e-01
-1.237108417380833880e-01 1.950955309770689705e-01
-1.237190899622207796e-01 1.955878358575149634e-01
-1.237278250975994420e-01 1.960826600760852967e-01
-1.237370495711436341e-01 1.965800236019708269e-01
-1.237467658445803448e-01 1.970799466201912375e-01
-1.237569763928440397e-01 1.975824494993540237e-01
-1.237676837129348673e-01 1.980875528076704584e-01
-1.237788903285707148e-01 1.985952773224524681e-01
-1.237905987903222954e-01 1.991056440324815713e-01
-1.238028116757675656e-01 1.996186741404354648e-01
-1.238155315896628111e-01 2.001343890653715374e-01
-1.238287611641315927e-01 2.006528104452696970e-01
-1.238425030588701653e-01 2.011739601396313193e-01
-1.238567599613681069e-01 2.016978602321371772e-01
-1.238715345873373230e-01 2.022245330336758240e-01
-1.238868296945947189e-01 2.027540011074288051e-01
-1.239026480580937700e-01 2.032862872305830348e-01
-1.239189924717589153e-01 2.038214143995437932e-01
-1.239358657601710711e-01 2.043594058514638656e-01
-1.239532707786979299e-01 2.049002850669873754e-01
-1.239712104136454635e-01 2.054440757730640610e-01
-1.239896875824343658e-01 2.059908019458377981e-01
-1.240087052337977697e-01 2.065404878136063993e-01
-1.240282663480005293e-01 2.070931578598550760e-01
-1.240483739370804722e-01 2.076488368263633699e-01
-1.240690310451093292e-01 2.082075497163842215e-01
-1.240902407620514958e-01 2.087693218207403445e-01
-1.241120062082045061e-01 2.093341786946881777e-01
-1.241343305153541909e-01 2.099021461288683166e-01
-1.241572168505554880e-01 2.104732501920620891e-01
-1.241806684163672819e-01 2.110475172345769035e-01
-1.242046884509925148e-01 2.116249738915139122e-01
-1.242292802284489656e-01 2.122056470861272692e-01
-1.242544470587706312e-01 2.127895640332788940e-01
-1.242801922882376120e-01 2.133767522429848018e-01
-1.243065192996334889e-01 2.139672395240556357e-01
-1.243334315125324691e-01 2.145610539878332057e-01
-1.243609324083831680e-01 2.151582240948758662e-01
-1.243890255322620403e-01 2.157587786618866410e-01
-1.244177143890958931e-01 2.163627466852158510e-01
-1.244470025238695460e-01 2.169701574824025314e-01
-1.244768935258168396e-01 2.175810407030253357e-01
-1.245073910281639384e-01 2.181954263319147713e-01
-1.245384987079362904e-01 2.188133446925191183e-01
-1.245702202858285784e-01 2.194348264504192014e-01
-1.246025595261344571e-01 2.200599026169956229e-01
-1.246355202367374904e-01 2.206886045532483187e-01
-1.246691062691597796e-01 2.213209639737675760e-01
-1.247033215488531493e-01 2.219570130045842860e-01
-1.247381701562803452e-01 2.225967843325459550e-01
-1.247736560298114417e-01 2.232403106803831638e-01
-1.248097831359866738e-01 2.238876251119098770e-01
-1.248465554994926674e-01 2.245387610897056352e-01
-1.248839772019083166e-01 2.251937524773794386e-01
-1.249220523805964489e-01 2.258526335421173481e-01
-1.249607852277395681e-01 2.265154389575197991e-01
-1.250001799895159027e-01 2.271822038067252414e-01
-1.250402409654147728e-01 2.278529635858224101e-01
-1.250809725076884038e-01 2.285277542075563051e-01
-1.251223790182361129e-01 2.292066120003710405e-01
-1.251644649189525005e-01 2.298895736586903937e-01
-1.252072347220745396e-01 2.305766763765463301e-01
-1.252506930034933408e-01 2.312679578041533235e-01
-1.252948443877826834e-01 2.319634560254657252e-01
-1.253396935488213515e-01 2.326632095643071663e-01
-1.253852452105117532e-01 2.333672573907670245e-01
-1.254315041475972670e-01 2.340756389278644822e-01
-1.254784751865701820e-01 2.347883940584804541e-01
-1.255261632066733968e-01 2.355055631325579657e-01
-1.255745731409902421e-01 2.362271869745718178e-01
-1.256237099770545484e-01 2.369533068901986950e-01
-1.256735787052510323e-01 2.376839645743352991e-01
-1.257241844158667743e-01 2.384192022995170468e-01
-1.257755322985909530e-01 2.391590629218754982e-01
-1.258276275976528691e-01 2.399035898025957403e-01
-1.258804756141218839e-01 2.406528268182412944e-01
-1.259340817082416908e-01 2.414068183712968774e-01
-1.259884513017960062e-01 2.421656094009277949e-01
-1.260435898406278010e-01 2.429292453170995847e-01
-1.260995028654899319e-01 2.436977721429654520e-01
-1.261561959624987184e-01 2.444712364262571769e-01
-1.262136748423137167e-01 2.452496853993351433e-01
-1.262719452762668948e-01 2.460331668631230706e-01
-1.263310130987728153e-01 2.468217291986104234e-01
-1.263908842096638785e-01 2.476154213783797742e-01
-1.264515645764522633e-01 2.484142929781625597e-01
-1.265130602360798606e-01 2.492183941875574515e-01
-1.265753772385075082e-01 2.500277757060225814e-01
-1.266385217584176381e-01 2.508424889701194593e-01
-1.267025000946104263e-01 2.516625861614444903e-01
-1.267673186140222119e-01 2.524881201043664425e-01
-1.268329837545847660e-01 2.533191442795605930e-01
-1.268995020279986008e-01 2.541557128375762642e-01
-1.269668800224172389e-01 2.549978806124318376e-01
-1.270351244045286321e-01 2.558457031342010191e-01
-1.271042418346227387e-01 2.566992364660568571e-01
-1.271742391304674924e-01 2.575585375424589429e-01
-1.272451232707592639e-01 2.584236641871959783e-01
-1.273169013080558132e-01 2.592946749473555856e-01
-1.273895803725140496e-01 2.601716291099178124e-01
-1.274631676755214882e-01 2.610545867183900470e-01
-1.275376705132186816e-01 2.619436085894743527e-01
-1.276130962681537584e-01 2.628387563261507798e-01
-1.276894520220152041e-01 2.637400915276434388e-01
-1.277667452691308991e-01 2.646476772659879240e-01
-1.278449839475133409e-01 2.655615781701568534e-01
-1.279241760294938246e-01 2.664818595941370050e-01
-1.280043295317478402e-01 2.674085876468575984e-01
-1.280854525251226284e-01 2.683418292221951829e-01
-1.281675531442663662e-01 2.692816520290581273e-01
-1.282506395969242319e-01 2.702281246212585586e-01
-1.283347201310660601e-01 2.711813163387738479e-01
-1.284198031193085898e-01 2.721412974965321530e-01
-1.285058970733445050e-01 2.731081394276854146e-01
-1.285930106065993617e-01 2.740819144172544353e-01
-1.286811524434530729e-01 2.750626957341247292e-01
-1.287703314282528655e-01 2.760505576631208657e-01
-1.288605565341169878e-01 2.770455755371614703e-01
-1.289518368720493080e-01 2.780478257706120448e-01
-1.290441819300279513e-01 2.790573863905058682e-01
-1.291376011747834007e-01 2.800743361948297983e-01
-1.292321040143862843e-01 2.810987546808002002e-01
-1.293277000668362764e-01 2.821307226394069168e-01
-1.294243991632583468e-01 2.831703221797504666e-01
-1.295222107885988239e-01 2.842176355194450110e-01
-1.296211459662386378e-01 2.852727491322121778e-01
-1.297212144911163156e-01 2.863357477016402197e-01
-1.298224266282126393e-01 2.874067178530865241e-01
-1.299247928462116675e-01 2.884857475893304879e-01
-1.300283238584217793e-01 2.895729264003681358e-01
-1.301330308000124003e-01 2.906683456796010923e-01
-1.302389245443499877e-01 2.917720972187599071e-01
-1.303460161016677665e-01 2.928842741077608003e-01
-1.304543167093156208e-01 2.940049709556393776e-01
-1.305638378336159144e-01 2.951342839156063103e-01
-1.306745917303578641e-01 2.962723119770829250e-01
-1.307865901976944245e-01 2.974191541704074848e-01
-1.308998448223138711e-01 2.985749101269031258e-01
-1.310143675102661276e-01 2.997396813003649907e-01
-1.311301704771166421e-01 3.009135709700293537e-01
-1.312472664205390493e-01 3.020966846634597913e-01
-1.313656683162418848e-01 3.032891297174702960e-01
-1.314853889901675121e-01 3.044910143128339852e-01
-1.316064415976837820e-01 3.057024485980487372e-01
-1.317288396228566971e-01 3.069235447155371221e-01
-1.318525967857390457e-01 3.081544166132844653e-01
-1.319777266810315264e-01 3.093951792231957598e-01
-1.321042432583009740e-01 3.106459496031437340e-01
-1.322321606244183101e-01 3.119068465014207536e-01
-1.323614824526506695e-01 3.131779653215351344e-01
