-3.399279805382153241e-01 6.997717285711498383e-03
-3.380596750549317853e-01 7.144239186375912244e-03
-3.362144148844523617e-01 7.289220335154187290e-03
-3.343918283401123293e-01 7.432690341304659491e-03
-3.325915252536177369e-01 7.574677578982189595e-03
-3.308131233570565932e-01 7.715209751973426018e-03
-3.290562484989461578e-01 7.854313920491771267e-03
-3.273205362400455343e-01 7.992016562368456714e-03
-3.256056284901957532e-01 8.128343515689868959e-03
-3.239111770627652320e-01 8.263320086865482902e-03
-3.222368434983613472e-01 8.396971073150473128e-03
-3.205822953963145538e-01 8.529320691676200647e-03
-3.189472036660778720e-01 8.660392521411536607e-03
-3.173312496696706897e-01 8.790209710082552003e-03
-3.157341223098156791e-01 8.918794920537225293e-03
-3.141555151302928839e-01 9.046170267897364961e-03
-3.125951287778361842e-01 9.172357404509660916e-03
-3.110526714108566848e-01 9.297377551612062349e-03
-3.095278574244447189e-01 9.421251481094494382e-03
-3.080204044411063435e-01 9.543999439335393645e-03
-3.065300389346741761e-01 9.665641333377973654e-03
-3.050564928199714365e-01 9.786196645762093582e-03
-3.035995021668832505e-01 9.905684407467238439e-03
-3.021588086922256111e-01 1.002412325878490953e-02
-3.007341602495336996e-01 1.014153148129770532e-02
-2.993253098764353526e-01 1.025792698203716394e-02
-2.979320155450851382e-01 1.037332729899016412e-02
-2.965540401104407309e-01 1.048774961278216636e-02
-2.951911512451313446e-01 1.060121075770894400e-02
-2.938431206985968602e-01 1.071372720791671611e-02
-2.925097242708875056e-01 1.082531508759614763e-02
-2.911907415814068423e-01 1.093599017338884802e-02
-2.898859563505801762e-01 1.104576791557881389e-02
-2.885951598600024481e-01 1.115466358306140687e-02
-2.873181461140737469e-01 1.126269209438951480e-02
-2.860547125039318850e-01 1.136986805161827561e-02
-2.848046602085411161e-01 1.147620576574052975e-02
-2.835677940720920942e-01 1.158171926205165715e-02
-2.823439231672107974e-01 1.168642231349757352e-02
-2.811328603281291749e-01 1.179032843267576770e-02
-2.799344215840570138e-01 1.189345085806244040e-02
-2.787484263571897158e-01 1.199580257128140051e-02
-2.775746973590564881e-01 1.209739630187818028e-02
-2.764130606785748512e-01 1.219824454021290958e-02
-2.752633460342320815e-01 1.229835955797594152e-02
-2.741253859833505668e-01 1.239775338236540070e-02
-2.729990160905522711e-01 1.249643781157174817e-02
-2.718840748594606449e-01 1.259442441984891248e-02
-2.707804037332017799e-01 1.269172456558554339e-02
-2.696878472032701035e-01 1.278834940451718458e-02
-2.686062527002546219e-01 1.288430989283199414e-02
-2.675354701416360337e-01 1.297961677328110346e-02
-2.664753520885211890e-01 1.307428058967788007e-02
-2.654257536644141213e-01 1.316831169010712968e-02
-2.643865327770809626e-01 1.326172024507059517e-02
-2.633575499660988362e-01 1.335451624738148713e-02
-2.623386679882961925e-01 1.344670949812271088e-02
-2.613297519650018552e-01 1.353830962034665610e-02
-2.603306693266011496e-01 1.362932606264668535e-02
-2.593412897602681011e-01 1.371976810271558454e-02
-2.583614851608836971e-01 1.380964485090194378e-02
-2.573911296229719481e-01 1.389896525582023576e-02
-2.564300996132415911e-01 1.398773811978626727e-02
-2.554782736170673196e-01 1.407597208583665979e-02
-2.545355321849703256e-01 1.416367564584303067e-02
-2.536017579377616293e-01 1.425085714645637526e-02
-2.526768355443303471e-01 1.433752479351698209e-02
-2.517606517030521185e-01 1.442368665659777768e-02
-2.508530951267978759e-01 1.450935067369610657e-02
-2.499540558616775154e-01 1.459452461697346472e-02
-2.490634254475592724e-01 1.467921610586453776e-02
-2.481810976740529417e-01 1.476343265613695721e-02
-2.473069680916859525e-01 1.484718165670834839e-02
-2.464409339842080493e-01 1.493047037279105101e-02
-2.455828943427505739e-01 1.501330594905917956e-02
-2.447327498418361280e-01 1.509569541284546540e-02
-2.438904027523989548e-01 1.517764567333839375e-02
-2.430557565519225749e-01 1.525916350147895131e-02
-2.422287164448462538e-01 1.534025556621963771e-02
-2.414091892040004239e-01 1.542092842912646568e-02
-2.405970830900541202e-01 1.550118854348497485e-02
-2.397923078252878204e-01 1.558104225667101932e-02
-2.389947745684787295e-01 1.566049581250813366e-02
-2.382043958908947046e-01 1.573955535361618030e-02
-2.374210856588240826e-01 1.581822691745301060e-02
-2.366447590354040786e-01 1.589651643998404862e-02
-2.358753325674973478e-01 1.597442976511738097e-02
-2.351127240971043197e-01 1.605197264244604544e-02
-2.343568527385718470e-01 1.612915072922683699e-02
-2.336076388566658002e-01 1.620596959234412923e-02
-2.328650040455062520e-01 1.628243471026197958e-02
-2.321288710928580967e-01 1.635855147387487579e-02
-2.313991638722550925e-01 1.643432518211609614e-02
-2.306758074535509850e-01 1.650976105284257880e-02
-2.299587280513449017e-01 1.658486422239300803e-02
-2.292478529924514286e-01 1.665963974635951278e-02
-2.285431106968159598e-01 1.673409260123686487e-02
-2.278444306591153878e-01 1.680822768605954101e-02
-2.271517434310445227e-01 1.688204982402925422e-02
-2.264649805583226760e-01 1.695556376069408053e-02
-2.257840745757504763e-01 1.702877416629859642e-02
-2.251089590439268595e-01 1.710168564128189059e-02
-2.244395685006829455e-01 1.717430271537207648e-02
-2.237758384446819626e-01 1.724662984899926962e-02
-2.231177053195833593e-01 1.731867143469862508e-02
-2.224651064987714089e-01 1.739043179850538814e-02
-2.218179802536184575e-01 1.746191520000362624e-02
-2.211762656520471215e-01 1.753312582674504058e-02
-2.205399026987577560e-01 1.760406780762325055e-02
-2.199088322773644633e-01 1.767474521079065788e-02
-2.192829961220248702e-01 1.774516204377021150e-02
-2.186623368045251536e-01 1.781532225473392642e-02
-2.180467977218912556e-01 1.788522973378159700e-02
-2.174363230845234585e-01 1.795488831422214007e-02
-2.168308579048540685e-01 1.802430177385946908e-02
-2.162303479865289590e-01 1.809347383628493247e-02
-2.156347399141120558e-01 1.816240817217831122e-02
-2.150439810248877537e-01 1.823110839905719288e-02
-2.144580190992148583e-01 1.829957805691805051e-02
-2.138768027473557376e-01 1.836782064266650333e-02
-2.133002813824847466e-01 1.843583961006031724e-02
-2.127284051205549087e-01 1.850363836320099292e-02
-2.121611247699708991e-01 1.857122025755559430e-02
-2.115983918216588211e-01 1.863858860097968376e-02
-2.110401584395336927e-01 1.870574665474286982e-02
-2.104863774513647257e-01 1.877269763455837251e-02
-2.099370023400355945e-01 1.883944471161860812e-02
-2.093919872352063283e-01 1.890599101363731049e-02
-2.088512869039034492e-01 1.897233962576794220e-02
-2.083148565391355622e-01 1.903849357303161183e-02
-2.077826519255494553e-01 1.910445583671263603e-02
-2.072546295530289517e-01 1.917022936648724030e-02
-2.067307464963069052e-01 1.923581707115661413e-02
-2.062109604065769652e-01 1.930122181946475682e-02
-2.056952295034050748e-01 1.936644644091701020e-02
-2.051835125669392579e-01 1.943149372660060020e-02
-2.046757689304231909e-01 1.949636643000772496e-02
-2.041719584730056769e-01 1.956106726786321567e-02
-2.036720416128514621e-01 1.962559892095726288e-02
-2.031759793005517845e-01 1.968996403498459238e-02
-2.026837329102441354e-01 1.975416521139250828e-02
-2.021952642287048740e-01 1.981820500747119573e-02
-2.017105356565578045e-01 1.988208595731576558e-02
-2.012295100855230057e-01 1.994581056134425018e-02
-2.007521508902771201e-01 2.000938128683311945e-02
-2.002784219217891015e-01 2.007280056857295783e-02
-1.998082875008792836e-01 2.013607080952568851e-02
-1.993417124120069883e-01 2.019919438148330346e-02
-1.988786618972849252e-01 2.026217362572940717e-02
-1.984191016507202698e-01 2.032501085370433391e-02
-1.979629978126826173e-01 2.038770834767466428e-02
-1.975103169208524412e-01 2.045026835687856204e-02
-1.970610258297539330e-01 2.051269309023883575e-02
-1.966150919032769173e-01 2.057498473737549502e-02
-1.961724829256449310e-01 2.063714546063897745e-02
-1.957331670881458929e-01 2.069917739485967190e-02
-1.952971129836054143e-01 2.076108264787685995e-02
-1.948642896010344405e-01 2.082286330106807026e-02
-1.944346663204504777e-01 2.088452140987955008e-02
-1.940082129078729012e-01 2.094605900435840898e-02
-1.935848995104918757e-01 2.100747808968721903e-02
-1.931646966520098874e-01 2.106878064672185538e-02
-1.927475752126397157e-01 2.112996863083127161e-02
-1.923335063411476531e-01 2.119104396318463937e-02
-1.919224615959924107e-01 2.125200854711435314e-02
-1.915144129001859485e-01 2.131286426421794694e-02
-1.911093325218800043e-01 2.137361297318742318e-02
-1.907071930697779583e-01 2.143425651024049097e-02
-1.903079674886822281e-01 2.149479668955198153e-02
-1.899116290551755015e-01 2.155523530368622445e-02
-1.895181513734405243e-01 2.161557412403018047e-02
-1.891275083712117833e-01 2.167581490122881885e-02
-1.887396742958641904e-01 2.173595936562253833e-02
-1.883546237066330009e-01 2.179600922722415429e-02
-1.879723314013250213e-01 2.185596616805331877e-02
-1.875927725031865390e-01 2.191583185293788372e-02
-1.872159224548092804e-01 2.197560792969237634e-02
-1.868417569928964850e-01 2.203529602701899057e-02
-1.864702521444260019e-01 2.209489775486056864e-02
-1.861013842229223281e-01 2.215441470475308303e-02
-1.857351298248321181e-01 2.221384845017908283e-02
-1.853714658260067760e-01 2.227320054692167456e-02
-1.850103693782908232e-01 2.233247253341976574e-02
-1.846518179062163478e-01 2.239166593112502587e-02
-1.842957891034073259e-01 2.245078224481258239e-02
-1.839422608643747348e-01 2.250982295497331795e-02
-1.835912113418591562e-01 2.256878952541304870e-02
-1.832426189834570063e-01 2.262768340848381188e-02
-1.828964624895024760e-01 2.268650604067071544e-02
-1.825527208100295451e-01 2.274525884290739403e-02
-1.822113731418285310e-01 2.280394322089342521e-02
-1.818723989255962015e-01 2.286256056541380657e-02
-1.815357778431804514e-01 2.292111225266103836e-02
-1.812014898149188757e-01 2.297959964456004409e-02
-1.808695149970715732e-01 2.303802408909630395e-02
-1.805398337793470420e-01 2.309638692064784615e-02
-1.802124267825242765e-01 2.315468946032072164e-02
-1.798872748561664847e-01 2.321293301628928052e-02
-1.795643590764300079e-01 2.327111888414091709e-02
-1.792436606970217172e-01 2.332924834111579568e-02
-1.789251610394614889e-01 2.338732263224961583e-02
-1.786088417588967137e-01 2.344534300544753175e-02
-1.782946847330533768e-01 2.350331069776622275e-02
-1.779826720455082167e-01 2.356122693381153266e-02
-1.776727859832565593e-01 2.361909292598123739e-02
-1.773650090343517893e-01 2.367690987470850994e-02
-1.770593238856107698e-01 2.373467896870734561e-02
-1.767557134203899538e-01 2.379240138521950682e-02
-1.764541607164294978e-01 2.385007829026346282e-02
-1.761546490437667922e-01 2.390771083888566101e-02
-1.758571618627182975e-01 2.396530017541425445e-02
-1.755616828219308256e-01 2.402284743371566750e-02
-1.752681957565001281e-01 2.408035373745434291e-02
-1.749766846838708423e-01 2.413782020003955864e-02
-1.746871337056425388e-01 2.419524791152676685e-02
-1.743995271186672968e-01 2.425263795429516769e-02
-1.741138494360602584e-01 2.430999140651884938e-02
-1.738300853421899383e-01 2.436730933645384414e-02
-1.735482196907117136e-01 2.442459280263235485e-02
-1.732682375026538546e-01 2.448184285405807792e-02
-1.729901239645572630e-01 2.453906053040265725e-02
-1.727138644266668910e-01 2.459624686220385215e-02
-1.724394444011780325e-01 2.465340287106478415e-02
-1.721668495605338522e-01 2.471052956985558824e-02
-1.718960657357763155e-01 2.476762796291675714e-02
-1.716270789149502984e-01 2.482469904626485174e-02
-1.713598752415602389e-01 2.488174380780063324e-02
-1.710944410130798565e-01 2.493876322751980082e-02
-1.708307626480408126e-01 2.499575827312144546e-02
-1.705688266469105041e-01 2.505272989459390864e-02
-1.703086197185265382e-01 2.510967904307901885e-02
-1.700501287190099020e-01 2.516660666240730371e-02
-1.697933406460928052e-01 2.522351368866136007e-02
-1.695382426375378337e-01 2.528040105033000848e-02
-1.692848219695978762e-01 2.533726966846336359e-02
-1.690330660555152409e-01 2.539412045682884478e-02
-1.687829624440618237e-01 2.545095432206831085e-02
-1.685344988181188552e-01 2.550777216385645071e-02
-1.682876629932964496e-01 2.556457487506077000e-02
-1.680424429165947031e-01 2.562136334190280584e-02
-1.677988266651032068e-01 2.567813844412143026e-02
-1.675568024447416371e-01 2.573490105513789525e-02
-1.673163585859863967e-01 2.579165204175222145e-02
-1.670774834849699242e-01 2.584839225537395938e-02
-1.668401656815723944e-01 2.590512254432582664e-02
-1.666043938558599002e-01 2.596184375368581002e-02
-1.663701568070710957e-01 2.601855672238810591e-02
-1.661374434523089083e-01 2.607526228334661189e-02
-1.659062428252652266e-01 2.613196126357858473e-02
-1.656765440749744245e-01 2.618865448432937740e-02
-1.654483364645992494e-01 2.624534276119785264e-02
-1.652216093702471023e-01 2.630202690426270210e-02
-1.649963522798172932e-01 2.635870771820988598e-02
-1.647725547918794664e-01 2.641538600246116572e-02
-1.645502066145830000e-01 2.647206255130398617e-02
-1.643292975645961884e-01 2.652873815402288088e-02
-1.641098175660785363e-01 2.658541359503204318e-02
-1.638917566286906269e-01 2.664208965059761125e-02
-1.636751048379745943e-01 2.669876708750356861e-02
-1.634598524137214071e-01 2.675544667281348418e-02
-1.632459896775582675e-01 2.681212916891905287e-02
-1.630335070509395523e-01 2.686881533349015638e-02
-1.628223950540911291e-01 2.692550591957587613e-02
-1.626126443049785153e-01 2.698220167570596767e-02
-1.624042455182991007e-01 2.703890334599328218e-02
-1.621971895045000167e-01 2.709561167023641706e-02
-1.619914671688186536e-01 2.715232738402368479e-02
-1.617870695103482692e-01 2.720905121883778616e-02
-1.615839876211279114e-01 2.726578390216156250e-02
-1.613822126852562100e-01 2.732252615758484771e-02
-1.611817359780298442e-01 2.737927870491254148e-02
-1.609825488619770761e-01 2.743604225974067765e-02
-1.607846427537333034e-01 2.749281752803372711e-02
-1.605880091739780857e-01 2.754960521483897432e-02
-1.603926397378414026e-01 2.760640602292400297e-02
-1.601985261454501597e-01 2.766322065140580655e-02
-1.600056601810485868e-01 2.772004979583343048e-02
-1.598140337121373711e-01 2.777689414827100647e-02
-1.596236386886319414e-01 2.783375439738124818e-02
-1.594344671420400150e-01 2.789063122850961654e-02
-1.592465111846581294e-01 2.794752532376899856e-02
-1.590597630087865755e-01 2.800443736212533327e-02
-1.588742148859650094e-01 2.806136801948362625e-02
-1.586898591662255220e-01 2.811831796877523049e-02
-1.585066882773652763e-01 2.817528788004585241e-02
-1.583246947242385183e-01 2.823227842054459175e-02
-1.581438710649986090e-01 2.828929025068753489e-02
-1.579642099169367153e-01 2.834632402525190734e-02
-1.577857039986765020e-01 2.840338040113457932e-02
-1.576083461020713339e-01 2.846046003255971873e-02
-1.574321290913133220e-01 2.851756357111995266e-02
-1.572570459022584743e-01 2.857469166585446807e-02
-1.570830895417694717e-01 2.863184496332778911e-02
-1.569102530870753742e-01 2.868902410770953967e-02
-1.567385296851483978e-01 2.874622974085526417e-02
-1.565679125520978709e-01 2.880346250238835851e-02
-1.563983949725810119e-01 2.886072302978311827e-02
-1.562299702992309969e-01 2.891801195844903236e-02
-1.560626319521019878e-01 2.897532992181635000e-02
-1.558963734181307570e-01 2.903267755142319509e-02
-1.557311882506162981e-01 2.909005547700366928e-02
-1.555670700687155350e-01 2.914746432657786684e-02
-1.554040125569563779e-01 2.920490472654328415e-02
-1.552420094647677662e-01 2.926237730176781127e-02
-1.550810546060267803e-01 2.931988267568446868e-02
-1.549211418181678235e-01 2.937742146271651172e-02
-1.547622649428638253e-01 2.943499426466636426e-02
-1.546044179521454121e-01 2.949260169478323465e-02
-1.544475948801370679e-01 2.955024436506789240e-02
-1.542917898200258375e-01 2.960792288586402629e-02
-1.541369969235247273e-01 2.966563786591903257e-02
-1.539832104003481250e-01 2.972338991244550047e-02
-1.538304245177000984e-01 2.978117963118348879e-02
-1.536786335997749053e-01 2.983900762646341659e-02
-1.535278320272700503e-01 2.989687450126983503e-02
-1.533780142369123023e-01 2.995478085730601120e-02
-1.532291747209952038e-01 3.001272729505960468e-02
-1.530813080269304849e-01 3.007071441386884036e-02
-1.529344087568106358e-01 3.012874281199011753e-02
-1.527884715669848847e-01 3.018681308666647592e-02
-1.526434911676469441e-01 3.024492583419710959e-02
-1.524994623224358303e-01 3.030308165000812279e-02
-1.523563798480488396e-01 3.036128112872439611e-02
-1.522142386138670700e-01 3.041952486424263913e-02
-1.520730335226399277e-01 3.047781344600752895e-02
-1.519327594805770509e-01 3.053614745309226122e-02
-1.517934114897568632e-01 3.059452747283118029e-02
-1.516549846054370265e-01 3.065295409246106967e-02
-1.515174739317007024e-01 3.071142789838734316e-02
-1.513808746210366929e-01 3.076994947623493473e-02
-1.512451818739292131e-01 3.082851941089984060e-02
-1.511103909384571842e-01 3.088713828660118177e-02
-1.509764971099031572e-01 3.094580668693396389e-02
-1.508434957303713686e-01 3.100452519492269410e-02
-1.507113821884161764e-01 3.106329439307525461e-02
-1.505801519186793780e-01 3.112211486343803915e-02
-1.504498004015370483e-01 3.118098718765157859e-02
-1.503203231627562586e-01 3.123991194700712765e-02
-1.501917157731612329e-01 3.129888972250404605e-02
-1.500639738483087737e-01 3.135792109490814772e-02
-1.499370930481736808e-01 3.141700664481088950e-02
-1.498110690768427178e-01 3.147614695268978469e-02
-1.496858976822195986e-01 3.153534259896936115e-02
-1.495615746455900286e-01 3.159459416193994424e-02
-1.494380957481365735e-01 3.165390221075772142e-02
-1.493154568468658960e-01 3.171326732156845574e-02
-1.491936538455863603e-01 3.177269007154116809e-02
-1.490726826888903733e-01 3.183217103771465023e-02
-1.489525393618212068e-01 3.189171079704056222e-02
-1.488332198895476743e-01 3.195130992642698092e-02
-1.487147203370453030e-01 3.201096900278264934e-02
-1.485970368087857485e-01 3.207068860306129532e-02
-1.484801654484325384e-01 3.213046930430697723e-02
-1.483641024385442542e-01 3.219031168369970025e-02
-1.482488440002853181e-01 3.225021631860179594e-02
-1.481343863931434413e-01 3.231018378660484303e-02
-1.480207259146548160e-01 3.237021466557730986e-02
-1.479078589001359967e-01 3.243030953371273117e-02
-1.477957817224232473e-01 3.249046896957901581e-02
-1.476844907916192440e-01 3.255069355216781701e-02
-1.475739825548467721e-01 3.261098386094530427e-02
-1.474642534960094453e-01 3.267134047590342788e-02
-1.473553001308948174e-01 3.273176397657578951e-02
-1.472471189777644351e-01 3.279225493557765686e-02
-1.471397066119597141e-01 3.285281393080347057e-02
-1.470330596501890352e-01 3.291344154207148653e-02
-1.469271747436140807e-01 3.297413834968918739e-02
-1.468220485775844075e-01 3.303490493449101617e-02
-1.467176778713786267e-01 3.309574187787613087e-02
-1.466140593779501344e-01 3.315664976184692914e-02
-1.465111898836786719e-01 3.321762916904785756e-02
-1.464090662081275473e-01 3.327868068280464414e-02
-1.463076852038061593e-01 3.333980488716401652e-02
-1.462070437559381542e-01 3.340100236693394065e-02
-1.461071387822349965e-01 3.346227370772431042e-02
-1.460079672326752287e-01 3.352361949598816476e-02
-1.459095260892885326e-01 3.358504031906365400e-02
-1.458118123659465359e-01 3.364653676521613124e-02
-1.457148231081579759e-01 3.370810942368134000e-02
-1.456185553928696086e-01 3.376975888470887949e-02
-1.455230063282732245e-01 3.383148573960645389e-02
-1.454281730518974802e-01 3.389329058038395570e-02
-1.453340527091153689e-01 3.395517399481520066e-02
-1.452406424868860346e-01 3.401713657436195720e-02
-1.451479396084538465e-01 3.407917891304795138e-02
-1.450559413265860853e-01 3.414130160597087654e-02
-1.449646449233659984e-01 3.420350524933711556e-02
-1.448740477099896007e-01 3.426579044049735817e-02
-1.447841470265670283e-01 3.432815777798225998e-02
-1.446949402419283326e-01 3.439060786153868426e-02
-1.446064247534335490e-01 3.445314129216615895e-02
-1.445185979867869841e-01 3.451575867215391641e-02
-1.444314573958561387e-01 3.457846060511828024e-02
-1.443450004624943772e-01 3.464124769604069731e-02
-1.442592246963686486e-01 3.470412055130579765e-02
-1.441741276347910938e-01 3.476707977874048811e-02
-1.440897068425549266e-01 3.483012598765317797e-02
-1.440059599117748390e-01 3.489325978887365676e-02
-1.439228844617315151e-01 3.495648179479356188e-02
-1.438404781387208065e-01 3.501979261940728338e-02
-1.437587386153365843e-01 3.508319287821436844e-02
-1.436776635735319274e-01 3.514668318415118536e-02
-1.435972507269271670e-01 3.521026415308737417e-02
-1.435174978220871422e-01 3.527393640423034937e-02
-1.434384026312400806e-01 3.533770055842652691e-02
-1.433599629521156438e-01 3.540155723819485289e-02
-1.432821766077859715e-01 3.546550706776076256e-02
-1.432050414465102506e-01 3.552955067309038206e-02
-1.431285553415827250e-01 3.559368868192518826e-02
-1.430527161911842871e-01 3.565792172381689745e-02
-1.429775219182367330e-01 3.572225043016303420e-02
-1.429029704702615422e-01 3.578667543424234737e-02
-1.428290598192410721e-01 3.585119737125116307e-02
-1.427557879614836656e-01 3.591581687833986930e-02
-1.426831529174918956e-01 3.598053459464991416e-02
-1.426111527318343342e-01 3.604535116135124118e-02
-1.425397854730207359e-01 3.611026722168012709e-02
-1.424690492333804126e-01 3.617528342097758171e-02
-1.423989421289441892e-01 3.624040040672805996e-02
-1.423294622992442582e-01 3.630561882857729489e-02
-1.422606078961756171e-01 3.637093933555222286e-02
-1.421923770954387489e-01 3.643636257902906073e-02
-1.421247681022339837e-01 3.650188921426471278e-02
-1.420577791444512239e-01 3.656751989872936148e-02
-1.419914084725456271e-01 3.663325529214033621e-02
-1.419256543594158704e-01 3.669909605649609302e-02
-1.418605151002854114e-01 3.676504285611063849e-02
-1.417959890125857769e-01 3.683109635764847400e-02
-1.417320744358435691e-01 3.689725723015934572e-02
-1.416687697315695549e-01 3.696352614511392437e-02
-1.416060732831504465e-01 3.702990377643958220e-02
-1.415439834957435694e-01 3.709639080055650989e-02
-1.414824987961744163e-01 3.716298789641441641e-02
-1.414216176328365049e-01 3.722969574552941613e-02
-1.413613384755942337e-01 3.729651503202142254e-02
-1.413016598156884018e-01 3.736344644265194442e-02
-1.412425801656442548e-01 3.743049066686249954e-02
-1.411840980591825834e-01 3.749764839681300060e-02
-1.411262120511331264e-01 3.756492032742104331e-02
-1.410689207107884979e-01 3.763230715465088611e-02
-1.410122226259427070e-01 3.769980957663557342e-02
-1.409561164110296472e-01 3.776742829591197420e-02
-1.409006007009369343e-01 3.783516401783785371e-02
-1.408456741509118426e-01 3.790301745062669980e-02
-1.407913354364714875e-01 3.797098930538369416e-02
-1.407375832533153681e-01 3.803908029614143371e-02
-1.406844163172399631e-01 3.810729113989654027e-02
-1.406318333640555474e-01 3.817562255664637416e-02
-1.405798331495054510e-01 3.824407526942612268e-02
-1.405284144491872889e-01 3.831265000434628393e-02
-1.404775760584764666e-01 3.838134749063051160e-02
-1.404273167924521282e-01 3.845016846065385518e-02
-1.403776354858248809e-01 3.851911364998136106e-02
-1.403285309928672397e-01 3.858818379740706905e-02
-1.402800021873457648e-01 3.865737964499360579e-02
-1.402320479624558636e-01 3.872670193811177802e-02
-1.401846672307586750e-01 3.879615142548100554e-02
-1.401378589241197847e-01 3.886572885920998310e-02
-1.400916218926587797e-01 3.893543496676934307e-02
-1.400459553215894770e-01 3.900527056684879867e-02
-1.400008580657333968e-01 3.907523638460318194e-02
-1.399563291324791292e-01 3.914533318576195881e-02
-1.399123675477328688e-01 3.921556173950694474e-02
-1.398689723558861620e-01 3.928592281851892021e-02
-1.398261426197834612e-01 3.935641719902378821e-02
-1.397838774206897894e-01 3.942704566083878731e-02
-1.397421758582584050e-01 3.949780898741852425e-02
-1.397010370504981613e-01 3.956870796590099271e-02
-1.396604601337410045e-01 3.963974338715346019e-02
-1.396204442626091669e-01 3.971091604581826473e-02
-1.395809886099827757e-01 3.978222674035854917e-02
-1.395420923669666025e-01 3.985367627310405086e-02
-1.395037547428577274e-01 3.992526545029635721e-02
-1.394659749651122604e-01 3.999699508213459820e-02
-1.394287522793125622e-01 4.006886598282074358e-02
-1.393920859491340203e-01 4.014087897060489990e-02
-1.393559752563121590e-01 4.021303486783050357e-02
-1.393204194982015920e-01 4.028533450028324442e-02
-1.392854179846584051e-01 4.035777869633517395e-02
-1.392509700467657596e-01 4.043036828951666189e-02
-1.392170750329645434e-01 4.050310411745452338e-02
-1.391837323087307399e-01 4.057598702183106559e-02
-1.391509412564846948e-01 4.064901784840933840e-02
-1.391187012755005781e-01 4.072219744705837807e-02
-1.390870117818156226e-01 4.079552667177798603e-02
-1.390558722122152702e-01 4.086900638192126484e-02
-1.390252820336423112e-01 4.094263744502862901e-02
-1.389952407224862851e-01 4.101642073080744022e-02
-1.389657477723584555e-01 4.109035711346080422e-02
-1.389368026950816293e-01 4.116444747203328036e-02
-1.389084050207269605e-01 4.123869269047784891e-02
-1.388805542976506435e-01 4.131309365772276726e-02
-1.388532500925302171e-01 4.138765126773846087e-02
nan nan
nan nan
nan nan
nan nan
nan nan
nan nan
nan nan
nan nan
-1.385090254133675425e-01 4.252543495083351693e-02
-1.384904201367404275e-01 4.260262433164550139e-02
-1.384723565549856872e-01 4.267998629721670573e-02
-1.384548345331892416e-01 4.275752183179794969e-02
-1.384378539544809383e-01 4.283523192559977877e-02
-1.384214147199671063e-01 4.291311757482796363e-02
-1.384055167486627491e-01 4.299117978171903415e-02
-1.383901599774241820e-01 4.306941955457513349e-02
-1.383753443599332611e-01 4.314783790750350428e-02
-1.383610698589354537e-01 4.322643585804458038e-02
-1.383473364668144912e-01 4.330521443364190176e-02
-1.383341441961901397e-01 4.338417466878521228e-02
-1.383214930759238126e-01 4.346331760381860754e-02
-1.383093831511802985e-01 4.354264428501164463e-02
-1.382978144834890732e-01 4.362215576463037564e-02
-1.382867871508059454e-01 4.370185310100883902e-02
-1.382763012478041842e-01 4.378173735869367311e-02
-1.382663568896835837e-01 4.386180960970533643e-02
-1.382569542034826071e-01 4.394207093084177146e-02
-1.382480933311474869e-01 4.402252240469428646e-02
-1.382397744319247002e-01 4.410316512045873993e-02
-1.382319976823636054e-01 4.418400017399153057e-02
-1.382247632763186074e-01 4.426502866786552470e-02
-1.382180714249516829e-01 4.434625171142637240e-02
-1.382119223567343791e-01 4.442767042084819207e-02
-1.382063163174500897e-01 4.450928591918997673e-02
-1.382012535701958589e-01 4.459109933645163948e-02
-1.381967343953844074e-01 4.467311180963025319e-02
-1.381927590907458259e-01 4.475532448277625558e-02
-1.381893279713291844e-01 4.483773850704969588e-02
-1.381864413695042815e-01 4.492035504077660640e-02
-1.381840996349629480e-01 4.500317524950523534e-02
-1.381823031347204633e-01 4.508620030606243917e-02
-1.381810522531168595e-01 4.516943139061033174e-02
-1.381803473918179481e-01 4.525286969070230897e-02
-1.381801891019613093e-01 4.533651644469614134e-02
-1.381805776078533499e-01 4.542037278564826919e-02
-1.381815134632614350e-01 4.550443995645031547e-02
-1.381829971402589730e-01 4.558871917518490802e-02
-1.381850291288652111e-01 4.567321166781504460e-02
-1.381876099370732969e-01 4.575791866825206639e-02
-1.381907400908808925e-01 4.584284141842383947e-02
-1.381944201343222323e-01 4.592798116834437977e-02
-1.381986506295025674e-01 4.601333917618408847e-02
-1.382034321566347479e-01 4.609891670834097288e-02
-1.382087653140776917e-01 4.618471503951269291e-02
-1.382146507183769357e-01 4.627073545276946809e-02
-1.382210890043073237e-01 4.635697923962806694e-02
-1.382280808249177761e-01 4.644344770012651807e-02
-1.382356268515779196e-01 4.653014214289982048e-02
-1.382437277740268811e-01 4.661706388525681949e-02
-1.382523843004244135e-01 4.670421425325747833e-02
-1.382615971574033542e-01 4.679159458179163456e-02
-1.382713670901248859e-01 4.687920621465848509e-02
-1.382816948623373232e-01 4.696705050464772963e-02
-1.382925812624022643e-01 4.705512881565136751e-02
-1.383040270952822781e-01 4.714344252001244351e-02
-1.383160331785572295e-01 4.723199299722015410e-02
-1.383286003489045124e-01 4.732078163617029626e-02
-1.383417294621493154e-01 4.740980983524532150e-02
-1.383554213933172183e-01 4.749907900239622865e-02
-1.383696770366896200e-01 4.758859055522519921e-02
-1.383844973058611649e-01 4.767834592106946073e-02
-1.383998831338001945e-01 4.776834653708627448e-02
-1.384158354729112805e-01 4.785859385033915808e-02
-1.384323552951004233e-01 4.794908931788518375e-02
-1.384494435918426636e-01 4.803983440686344225e-02
-1.384671013742521384e-01 4.813083059458504731e-02
-1.384853296731547168e-01 4.822207936862366040e-02
-1.385041295391629124e-01 4.831358222690780579e-02
-1.385235020427535435e-01 4.840534067781427502e-02
-1.385434482743473361e-01 4.849735624026255826e-02
-1.385639693443916354e-01 4.858963044381078150e-02
-1.385850663834450047e-01 4.868216482875273310e-02
-1.386067405487694804e-01 4.877496094850510694e-02
-1.386289930187427633e-01 4.886802036772609076e-02
-1.386518249816889037e-01 4.896134465844164535e-02
-1.386752376466897640e-01 4.905493540390688106e-02
-1.386992322437421987e-01 4.914879419873162403e-02
-1.387238100238344374e-01 4.924292264897814353e-02
-1.387489722590262431e-01 4.933732237226036432e-02
-1.387747202425316517e-01 4.943199499784475814e-02
-1.388010552888050975e-01 4.952694216675249117e-02
-1.388279787336305360e-01 4.962216553186316742e-02
-1.388554919342134264e-01 4.971766675802034852e-02
-1.388835962692760717e-01 4.981344752213802407e-02
-1.389122931391557347e-01 4.990950951330915680e-02
-1.389415839659059182e-01 5.000585443291561544e-02
-1.389714701934008090e-01 5.010248399473962722e-02
-1.390019532874424701e-01 5.019939992507687493e-02
-1.390330347358711971e-01 5.029660396285110663e-02
-1.390647160486790102e-01 5.039409785973039679e-02
-1.390969987581258949e-01 5.049188338024527406e-02
-1.391298844257412848e-01 5.058996230441024228e-02
-1.391633746410373407e-01 5.068833642735329215e-02
-1.391974709998948512e-01 5.078700755152384949e-02
-1.392321751209164016e-01 5.088597749269661158e-02
-1.392674886460776307e-01 5.098524808028790517e-02
-1.393034132408298709e-01 5.108482115747339791e-02
-1.393399505942072014e-01 5.118469858130791222e-02
-1.393771024189372765e-01 5.128488222284707104e-02
-1.394148704515560389e-01 5.138537396727098361e-02
-1.394532564525261253e-01 5.148617571401007537e-02
-1.394922622063593798e-01 5.158728937687228483e-02
-1.395318895217433075e-01 5.168871688417305682e-02
-1.395721402316708326e-01 5.179046017886676512e-02
-1.396130161935747738e-01 5.189252121868055678e-02
-1.396545192894651510e-01 5.199490197624992427e-02
-1.396966514260712389e-01 5.209760443925650492e-02
-1.397394145349867833e-01 5.220063061056819109e-02
-1.397828105728195491e-01 5.230398250838073221e-02
-1.398268415213441973e-01 5.240766216636198738e-02
-1.398715093939553733e-01 5.251167163616186212e-02
-1.399168162407041782e-01 5.261601298941376986e-02
-1.399627641158220359e-01 5.272068830562513797e-02
-1.400093550983464441e-01 5.282569967998165111e-02
-1.400565912939062962e-01 5.293104922410862140e-02
-1.401044748348581337e-01 5.303673906621492184e-02
-1.401530078804276991e-01 5.314277135123959828e-02
-1.402021926168562083e-01 5.324914824100111105e-02
-1.402520312575517014e-01 5.335587191434863763e-02
-1.403025260432449739e-01 5.346294456731649075e-02
-1.403536792421507529e-01 5.357036841328088883e-02
-1.404054931501333703e-01 5.367814568311923829e-02
-1.404579700908777651e-01 5.378627862537233711e-02
-1.405111124160647040e-01 5.389476950640875730e-02
-1.405649225055512208e-01 5.400362061059255786e-02
-1.406194027675562452e-01 5.411283424045288531e-02
-1.406745556388502016e-01 5.422241271685690478e-02
-1.407303835849500473e-01 5.433235837918518746e-02
-1.407868891003190293e-01 5.444267358550991531e-02
-1.408440747149161121e-01 5.455336071523342323e-02
-1.409019430091337788e-01 5.466442217500597223e-02
-1.409604965615887107e-01 5.477586037860738416e-02
-1.410197379771799542e-01 5.488767775787343345e-02
-1.410796698917104186e-01 5.499987676459135860e-02
-1.411402949720573785e-01 5.511245987067543012e-02
-1.412016159163496098e-01 5.522542956834512046e-02
-1.412636354541505490e-01 5.533878837030727776e-02
-1.413263563466482242e-01 5.545253880994133883e-02
-1.413897813868513487e-01 5.556668344148803923e-02
-1.414539133997921028e-01 5.568122484024157215e-02
-1.415187552427346895e-01 5.579616560274507087e-02
-1.415843098053907456e-01 5.591150834698953992e-02
-1.416505800101410528e-01 5.602725571261680387e-02
-1.417175688122634669e-01 5.614341036112501654e-02
-1.417852792001669249e-01 5.625997497607861109e-02
-1.418537141956322800e-01 5.637695226332133797e-02
-1.419228768540592711e-01 5.649434495119320249e-02
-1.419927702647191536e-01 5.661215579075064980e-02
-1.420633975564030982e-01 5.673038755814256706e-02
-1.421347619248845007e-01 5.684904306573290017e-02
-1.422068665607879867e-01 5.696812513343069845e-02
-1.422797146813382652e-01 5.708763660142653074e-02
-1.423533095401988136e-01 5.720758033424395289e-02
-1.424276544276842915e-01 5.732795922095489105e-02
-1.425027526709811421e-01 5.744877617539887599e-02
-1.425786076343768805e-01 5.757003413640694733e-02
-1.426552227194978484e-01 5.769173606803010973e-02
-1.427326013655551840e-01 5.781388495977202863e-02
-1.428107470495993681e-01 5.793648382682659026e-02
-1.428896632867829863e-01 5.805953571032006905e-02
-1.429693536306322899e-01 5.818304367755750689e-02
-1.430498216733264993e-01 5.830701082227422033e-02
-1.431310710459860192e-01 5.843144026489177634e-02
-1.432131054189685060e-01 5.855633515277871431e-02
-1.432959285021739027e-01 5.868169866051619471e-02
-1.433795440453568271e-01 5.880753399016802607e-02
-1.434639558384480651e-01 5.893384437155599342e-02
-1.435491677155846246e-01 5.906063306406229146e-02
-1.436351835952738298e-01 5.918790337333756923e-02
-1.437220073931539666e-01 5.931565861558275171e-02
-1.438096430501671630e-01 5.944390212920150351e-02
-1.438980945507001286e-01 5.957263728240825423e-02
-1.439873659228551872e-01 5.970186747349658790e-02
-1.440774612387328568e-01 5.983159613111373870e-02
-1.441683846147245041e-01 5.996182671454062391e-02
-1.442601402118171561e-01 6.009256271397815652e-02
-1.443527322359084430e-01 6.022380765083975435e-02
-1.444461649381328927e-01 6.035556507804920590e-02
-1.445404426151991883e-01 6.048783858034535027e-02
-1.446355696097381127e-01 6.062063177459254409e-02
-1.447315503106614276e-01 6.075394831009733876e-02
-1.448283891535322720e-01 6.088779186893161777e-02
-1.449260906209450805e-01 6.102216616626152113e-02
-1.450246592429177417e-01 6.115707495068318372e-02
-1.451240995972936376e-01 6.129252200456457994e-02
-1.452244163101550634e-01 6.142851114439369653e-02
-1.453256140585717227e-01 6.156504622211850936e-02
-1.454276976344542061e-01 6.170213115242247082e-02
-1.455306718262457388e-01 6.183976986284332733e-02
-1.456345414370006086e-01 6.197796630147594382e-02
-1.457393113226176373e-01 6.211672445333576292e-02
-1.458449863921638112e-01 6.225604834068838161e-02
-1.459515716082144809e-01 6.239594202338772516e-02
-1.460590719872076615e-01 6.253640959922215914e-02
-1.461674925998138752e-01 6.267745520426838690e-02
-1.462768385713206498e-01 6.281908301325392352e-02
-1.463871150820321432e-01 6.296129723992772986e-02
-1.464983273676833953e-01 6.310410213743902763e-02
-1.466104807198703175e-01 6.324750199872471168e-02
-1.467235804864931159e-01 6.339150115690483922e-02
-1.468376320722159234e-01 6.353610398568693141e-02
-1.469526409389405319e-01 6.368131489977874038e-02
-1.470686126062951404e-01 6.382713835530937074e-02
-1.471855526521374524e-01 6.397357885025969915e-02
-1.473034667130732334e-01 6.412064092490055156e-02
-1.474223604851751246e-01 6.426832916232175230e-02
-1.475422397500285310e-01 6.441664820002147851e-02
-1.476631103353132357e-01 6.456560271297380471e-02
-1.477849781092817061e-01 6.471519741138564985e-02
-1.479078490027693482e-01 6.486543705050713815e-02
-1.480317290097353800e-01 6.501632643109872545e-02
-1.481566241878190804e-01 6.516787039990722119e-02
-1.482825406589127482e-01 6.532007385015227430e-02
-1.484094846097508968e-01 6.547294172202244855e-02
-1.485374622925156041e-01 6.562647900318104022e-02
-1.486664800254587637e-01 6.578069072928231786e-02
-1.487965441935395206e-01 6.593558198449719909e-02
-1.489276612490786078e-01 6.609115790204951602e-02
-1.490598377124291163e-01 6.624742366476230049e-02
-1.491930801726624456e-01 6.640438450561410300e-02
-1.493273952961962359e-01 6.656204571183869934e-02
-1.494627898355350148e-01 6.672041262910891057e-02
-1.495992705828768643e-01 6.687949064110774999e-02
-1.497368444006886012e-01 6.703928518337715081e-02
-1.498755182252419771e-01 6.719980174516390625e-02
-1.500152990672714848e-01 6.736104586998747923e-02
-1.501561940126516226e-01 6.752302315621970530e-02
-1.502982102230965566e-01 6.768573925767767951e-02
-1.504413549368795178e-01 6.784919988422900838e-02
-1.505856354695734589e-01 6.801341080240938530e-02
-1.507310592148121409e-01 6.817837783605350255e-02
-1.508776336450716182e-01 6.834410686693827286e-02
-1.510253663124733470e-01 6.851060383543969290e-02
-1.511742648496060826e-01 6.867787474120168323e-02
-1.513243369712259645e-01 6.884592564420848049e-02
-1.514755905039783523e-01 6.901476267863124181e-02
-1.516280333324079577e-01 6.918439202859730242e-02
-1.517816734077040985e-01 6.935481993241242316e-02
-1.519365187678198836e-01 6.952605269202200011e-02
-1.520925775382547807e-01 6.969809667369228356e-02
-1.522498579328638857e-01 6.987095830870700131e-02
-1.524083682546939766e-01 7.004464409408024672e-02
-1.525681168968461288e-01 7.021916059328538184e-02
-1.527291123433635878e-01 7.039451443699977495e-02
-1.528913631701476206e-01 7.057071232386620541e-02
-1.530548780458983738e-01 7.074776102127076916e-02
-1.532196657330827383e-01 7.092566736613657719e-02
-1.533857350889279991e-01 7.110443826573481507e-02
-1.535530950664415750e-01 7.128408069851206730e-02
-1.537217547335071044e-01 7.146460172332599892e-02
-1.538917232759381970e-01 7.164600848128917232e-02
-1.540630099256608265e-01 7.182830816271888741e-02
-1.542356240145980883e-01 7.201150803249008192e-02
-1.544095749783948035e-01 7.219561543215149979e-02
-1.545848723573745587e-01 7.238063778076124499e-02
-1.547615257975311076e-01 7.256658257574345738e-02
-1.549395450515538564e-01 7.275345739376493093e-02
-1.551189399798879875e-01 7.294126989163335351e-02
-1.552997205518281409e-01 7.313002780721636342e-02
-1.554818968466477325e-01 7.331973896038201932e-02
-1.556654790547597200e-01 7.351041125395990639e-02
-1.558504774789139791e-01 7.370205267472447475e-02
-1.560369025354269024e-01 7.389467129439981907e-02
-1.562247647591437361e-01 7.408827527243949662e-02
-1.564140748589746277e-01 7.428287288284579626e-02
-1.566048436022060841e-01 7.447847245978167496e-02
-1.567970818500630803e-01 7.467508241475155628e-02
-1.569908005875360335e-01 7.487271125119077109e-02
-1.571860109245033221e-01 7.507136756546660405e-02
-1.573827240969012109e-01 7.527106004790741489e-02
-1.575809514679379075e-01 7.547179748385844655e-02
-1.577807045293533605e-01 7.567358875476523639e-02
-1.579819949027239101e-01 7.587644283928492162e-02
-1.581848343408123747e-01 7.608036881442471755e-02
-1.583892347289626301e-01 7.628537585670899790e-02
-1.585952080865395963e-01 7.649147324337424170e-02
-1.588027665684132173e-01 7.669867035359241580e-02
-1.590119224664885977e-01 7.690697666972309832e-02
-1.592226882503322005e-01 7.711640179750843538e-02
-1.594350765477635379e-01 7.732695545731686770e-02
-1.596491000436968954e-01 7.753864743560397177e-02
-1.598647715691282334e-01 7.775148762844351358e-02
-1.600821041045783766e-01 7.796548604375697078e-02
-1.603011107815137670e-01 7.818065280257180394e-02
-1.605218048838273348e-01 7.839699814031599046e-02
-1.607441998493761848e-01 7.861453240814712806e-02
-1.609683092715798181e-01 7.883326607431875854e-02
-1.611941469010760575e-01 7.905320972558244064e-02
-1.614217266474355095e-01 7.927437406862627989e-02
-1.616510625809341739e-01 7.949676993155063709e-02
-1.618821689343845627e-01 7.972040826537997449e-02
-1.621150601050246332e-01 7.994530014561278264e-02
-1.623497506693277470e-01 8.017145678016060484e-02
-1.625862554830336260e-01 8.039888955949035798e-02
-1.628245894404707350e-01 8.062760993846432300e-02
-1.630647675735691360e-01 8.085762948563782193e-02
-1.633068050958729756e-01 8.108895990565190282e-02
-1.635507174041727074e-01 8.132161304073530494e-02
-1.637965200802188326e-01 8.155560087225387222e-02
-1.640442288925159919e-01 8.179093552230923270e-02
-1.642938597981971061e-01 8.202762925538577277e-02
-1.645454289449794216e-01 8.226569448004751595e-02
-1.647989526731978571e-01 8.250514375068304651e-02
-1.650544475179209214e-01 8.274598976930162830e-02
-1.653119302111447642e-01 8.298824538737858969e-02
-1.655714176840678009e-01 8.323192360775129306e-02
-1.658329270694437474e-01 8.347703758656604967e-02
-1.660964757390815394e-01 8.372360065295153531e-02
-1.663620812704649787e-01 8.397162629307168558e-02
-1.666297613948110601e-01 8.422112812466105158e-02
-1.668995340580547992e-01 8.447211992850237050e-02
-1.671714174236702266e-01 8.472461565067875011e-02
-1.674454298752224846e-01 8.497862940470252147e-02
-1.677215900190112963e-01 8.523417547370244762e-02
-1.679999166868019755e-01 8.549126831266855298e-02
-1.682804289386456154e-01 8.574992255075432335e-02
-1.685631460657874836e-01 8.601015299363809485e-02
-1.688480875936636816e-01 8.627197462594264621e-02
-1.691352733040676626e-01 8.653540262347725331e-02
-1.694247232401228931e-01 8.680045235676386861e-02
-1.697164576279955039e-01 8.706713935187274100e-02
-1.700104969421416257e-01 8.733547932466927122e-02
-1.703068619117951155e-01 8.760548818510766056e-02
-1.706055735239808968e-01 8.787718203976378761e-02
-1.709066530266421247e-01 8.815057719444024942e-02
-1.712101219318802325e-01 8.842569015684574596e-02
-1.715160020193093604e-01 8.870253763934822511e-02
-1.718243153395224154e-01 8.898113656180201003e-02
-1.721350842176723184e-01 8.926150405445092140e-02
-1.724483312702762006e-01 8.954365746771447698e-02
-1.727640794449475103e-01 8.982761439396694247e-02
-1.730823518938558181e-01 9.011339260291727216e-02
-1.734031720517613673e-01 9.040101008311393627e-02
-1.737265636533071589e-01 9.069048505206891986e-02
-1.740525507365974223e-01 9.098183595928704959e-02
-1.743811576469216640e-01 9.127508148938866250e-02
-1.747124090406265429e-01 9.157024056532783729e-02
-1.750463298891299924e-01 9.186733235170342626e-02
-1.753829454830839185e-01 9.216637625816755108e-02
-1.757222814366802832e-01 9.246739194292910580e-02
-1.760643636988340199e-01 9.277039931990120614e-02
-1.764092186316992272e-01 9.307541860142418133e-02
-1.767568728387887422e-01 9.338247020903234219e-02
-1.771073532359833946e-01 9.369157481199427706e-02
-1.774606870944945847e-01 9.400275335129612553e-02
-1.778169020450986182e-01 9.431602704326622066e-02
-1.781760260825591691e-01 9.463141738331989905e-02
-1.785380875702436698e-01 9.494894614982893333e-02
-1.789031152449283568e-01 9.526863540811372766e-02
-1.792711382217939409e-01 9.559050751455955286e-02
-1.796421859996101267e-01 9.591458512085819510e-02
-1.800162884672120989e-01 9.624089117896467149e-02
-1.803934760114757341e-01 9.656944900041923574e-02
-1.807737793382364067e-01 9.690028216225725355e-02
-1.811572294813125483e-01 9.723341451312851602e-02
-1.815438578982014606e-01 9.756887022603812076e-02
-1.819336964750981611e-01 9.790667380269757469e-02
-1.823267775321676387e-01 9.824685007803689307e-02
-1.827231338290694063e-01 9.858942422487879109e-02
-1.831227985707342409e-01 9.893442175877480149e-02
-1.835258054133916961e-01 9.928186854300605213e-02
-1.839321884708484678e-01 9.963179079374825942e-02
-1.843419823210162289e-01 9.998421508540229763e-02
-1.847552221112469528e-01 1.003391684096176101e-01
-1.851719434570635037e-01 1.006966781224149232e-01
-1.855921822951942801e-01 1.010567718660011771e-01
-1.860159750692491065e-01 1.014194776713239210e-01
-1.864433587370403211e-01 1.017848239640509883e-01
-1.868743707769467688e-01 1.021528395700617570e-01
-1.873090491946121372e-01 1.025235537211523912e-01
-1.877474325299788027e-01 1.028969960609577017e-01
-1.881895598646507739e-01 1.032731966510876537e-01
-1.886354708295929772e-01 1.036521859774842264e-01
-1.890852056131597236e-01 1.040339949569965283e-01
-1.895388050480414366e-01 1.044186549874712711e-01
-1.899963106337635155e-01 1.048061979626690732e-01
-1.904577641956446132e-01 1.051966560864845968e-01
-1.909232081560145455e-01 1.055900620243219595e-01
-1.913926855578224617e-01 1.059864489185174119e-01
-1.918662400724840678e-01 1.063858503951292250e-01
-1.923439160081709676e-01 1.067883005710113797e-01
-1.928257583185353230e-01 1.071938340611698903e-01
-1.933118126118769098e-01 1.076024859864075506e-01
-1.938021251607450757e-01 1.080142919812563940e-01
-1.942967429119776268e-01 1.084292882021990340e-01
-1.947957135102530157e-01 1.088475113434906466e-01
-1.952990853474038946e-01 1.092689986675006025e-01
-1.958069074382944030e-01 1.096937879381106734e-01
-1.963192295083371619e-01 1.101219174722994909e-01
-1.968361020198823030e-01 1.105534261577771488e-01
-1.973575761841540877e-01 1.109883534626116969e-01
-1.978837039736530690e-01 1.114267394451751020e-01
-1.984145381350229109e-01 1.118686247644113535e-01
-1.989501322299713493e-01 1.123140507060027132e-01
-1.994905406016671823e-01 1.127630591665952087e-01
-2.000358183775481635e-01 1.132156926584923923e-01
-2.005860215227598664e-01 1.136719943430601482e-01
-2.011412068539985554e-01 1.141320080419017807e-01
-2.017014320539139427e-01 1.145957782484182397e-01
-2.022667556860809901e-01 1.150633501397611697e-01
-2.028372372216461772e-01 1.155347695955081383e-01
-2.034129370824966643e-01 1.160100832258832287e-01
-2.039939165432174129e-01 1.164893383195354931e-01
-2.045802378233081698e-01 1.169725828996823203e-01
-2.051719641164326258e-01 1.174598657446129790e-01
-2.057691596068701168e-01 1.179512364009913661e-01
-2.063718894866740650e-01 1.184467451976440600e-01
-2.069802199735460146e-01 1.189464432598426463e-01
-2.075942183858168200e-01 1.194503825565316341e-01
-2.082139530649124159e-01 1.199586158600236263e-01
-2.088394933717930835e-01 1.204711967480370516e-01
-2.094709097869214276e-01 1.209881796655227770e-01
-2.101082739289383550e-01 1.215096199399251370e-01
-2.107516585742588433e-01 1.220355737970659910e-01
-2.114011376775885576e-01 1.225660983776579865e-01
-2.120567864394584390e-01 1.231012517812113960e-01
-2.127186814411932136e-01 1.236410931494435622e-01
-2.133869001916807451e-01 1.241856824079727029e-01
-2.140615214629920382e-01 1.247350804657011702e-01
-2.147426253632224169e-01 1.252893492623665672e-01
-2.154302933546842214e-01 1.258485517844993573e-01
-2.161246082736579255e-01 1.264127520823834505e-01
-2.168256543517023127e-01 1.269820152880277164e-01
-2.175335176353420386e-01 1.275564078668419976e-01
-2.182482853296870418e-01 1.281359972394041924e-01
-2.189700456575544019e-01 1.287208517033810451e-01
-2.196988884454690039e-01 1.293110407826651431e-01
-2.204349051335364185e-01 1.299066352395880919e-01
-2.211781887884025632e-01 1.305077070890106328e-01
-2.219288341192925118e-01 1.311143296143040260e-01
-2.226869374704350535e-01 1.317265773694465403e-01
-2.234525967778814848e-01 1.323445261600121325e-01
-2.242259118709270527e-01 1.329682532283339436e-01
-2.250069843199536956e-01 1.335978371707065571e-01
-2.257959174400300528e-01 1.342333579465249394e-01
-2.265928163297912523e-01 1.348748969084521132e-01
-2.273977879129655544e-01 1.355225368343536130e-01
-2.282109409825435198e-01 1.361763619610074638e-01
-2.290323860706278414e-01 1.368364579138784953e-01
-2.298622358012512301e-01 1.375029119252391130e-01
-2.307006050173178724e-01 1.381758129185907957e-01
-2.315476105858897959e-01 1.388552514007784788e-01
-2.324033714640139081e-01 1.395413195096900649e-01
-2.332680085602369668e-01 1.402341109394402430e-01
-2.341416451186636161e-01 1.409337211794813860e-01
-2.350244068081892290e-01 1.416402475777675807e-01
-2.359164216245649426e-01 1.423537892914002456e-01
-2.368178198855063477e-01 1.430744472930682021e-01
-2.377287342847259066e-01 1.438023244131282352e-01
-2.386492997431407803e-01 1.445375252591082627e-01
-2.395796540813014130e-01 1.452801566325472304e-01
-2.405199377981369346e-01 1.460303274062802747e-01
-2.414702939905199741e-01 1.467881484863556574e-01
-2.424308684368854383e-01 1.475537328734645992e-01
-2.434018094228632134e-01 1.483271955675544151e-01
-2.443832682205039630e-01 1.491086538704648468e-01
-2.453753994812601646e-01 1.498982276380590728e-01
-2.463783607487396166e-01 1.506960389957648083e-01
-2.473923125577736915e-01 1.515022124110038670e-01
-2.484174180864982540e-01 1.523168744920237738e-01
-2.494538425849965879e-01 1.531401536480152814e-01
-2.505017574958851578e-01 1.539721826305970598e-01
-2.515613374941141900e-01 1.548130967363792465e-01
-2.526327602407821282e-01 1.556630336684543536e-01
-2.537162065742754047e-01 1.565221336665962582e-01
-2.548118605264229619e-01 1.573905395302678811e-01
-2.559199099467707184e-01 1.582683970178099808e-01
-2.570405465506712672e-01 1.591558548917249849e-01
-2.581739659558588973e-01 1.600530649570760799e-01
-2.593203678871084383e-01 1.609601822044134933e-01
-2.604799569778724067e-01 1.618773653246647626e-01
-2.616529423449239777e-01 1.628047764642518436e-01
-2.628395363129276685e-01 1.637425804487400716e-01
-2.640399554997148179e-01 1.646909454731679268e-01
-2.652544237018749085e-01 1.656500449216434245e-01
-2.664831671108395805e-01 1.666200544047449217e-01
-2.677264168596687477e-01 1.676011533642778883e-01
-2.689844100943326044e-01 1.685935257648797092e-01
-2.702573896159948807e-01 1.695973598938118332e-01
-2.715456017848900672e-01 1.706128470669229236e-01
-2.728492989685171177e-01 1.716401831837372216e-01
-2.741687419948833915e-01 1.726795702969756152e-01
-2.755041940932384525e-01 1.737312128254422938e-01
-2.768559232138464998e-01 1.747953190293585202e-01
-2.782242051206034184e-01 1.758721029849061590e-01
-2.796093235252930520e-01 1.769617847007088629e-01
-2.810115670693392742e-01 1.780645882373951550e-01
-2.824312321547230997e-01 1.791807435241874469e-01
-2.838686215819041236e-01 1.803104855252215533e-01
-2.853240443551279260e-01 1.814540541420679165e-01
-2.867977934119493866e-01 1.826116800591813805e-01
