-3.396281415920454627e-01 1.589734061827759171e-02
-3.381659793108487411e-01 1.615790101913048421e-02
-3.367178803252762198e-01 1.641633237759234157e-02
-3.352836798323974854e-01 1.667266777583493662e-02
-3.338631883979220616e-01 1.692693840304606775e-02
-3.324562208574856625e-01 1.717917492909663835e-02
-3.310625942063911697e-01 1.742940741429467588e-02
-3.296821285346780428e-01 1.767766537010468514e-02
-3.283146477251509543e-01 1.792397781238458040e-02
-3.269599789756900687e-01 1.816837325336677009e-02
-3.256179512271591969e-01 1.841087962896865993e-02
-3.242883978084463159e-01 1.865152445946512832e-02
-3.229711556691823859e-01 1.889033482603092590e-02
-3.216660652185632241e-01 1.912733737884048449e-02
-3.203729673136889167e-01 1.936255817194940804e-02
-3.190917048811900969e-01 1.959602276510862690e-02
-3.178221250928984221e-01 1.982775636961921217e-02
-3.165640779981748199e-01 2.005778378239840912e-02
-3.153174161852552171e-01 2.028612937825021237e-02
-3.140819933323055202e-01 2.051281702764273449e-02
-3.128576664467577206e-01 2.073787025048722324e-02
-3.116442953007687588e-01 2.096131219442487134e-02
-3.104417430882820961e-01 2.118316569316815168e-02
-3.092498714637729740e-01 2.140345293983873798e-02
-3.080685479726793519e-01 2.162219600099715353e-02
-3.068976410962756529e-01 2.183941649277840180e-02
-3.057370218163102393e-01 2.205513569834586032e-02
-3.045865633222332169e-01 2.226937455870170446e-02
-3.034461397086425927e-01 2.248215358696906141e-02
-3.023156278534553376e-01 2.269349301380818584e-02
-3.011949068552728370e-01 2.290341275822823167e-02
-3.000838577830997611e-01 2.311193241916107907e-02
-2.989823636022826414e-01 2.331907127931322904e-02
-2.978903091004539982e-01 2.352484830858402390e-02
-2.968075808895461187e-01 2.372928217313135385e-02
-2.957340674979478945e-01 2.393239125174385223e-02
-2.946696589521846654e-01 2.413419361094397766e-02
-2.936142468344034584e-01 2.433470701707305534e-02
-2.925677242257994637e-01 2.453394893914827637e-02
-2.915299856362368880e-01 2.473193655021625054e-02
-2.905009269338843514e-01 2.492868672829453430e-02
-2.894804463656459603e-01 2.512421615157078847e-02
-2.884684451402176331e-01 2.531854136120212720e-02
-2.874648246940889051e-01 2.551167853315990108e-02
-2.864694879069694111e-01 2.570364358839204513e-02
-2.854823390931248150e-01 2.589445219908889650e-02
-2.845032839636333355e-01 2.608411979223212648e-02
-2.835322295887082178e-01 2.627266155292823716e-02
-2.825690847090683300e-01 2.646009246020599240e-02
-2.816137595740960120e-01 2.664642727986863552e-02
-2.806661655291663449e-01 2.683168053241555273e-02
-2.797262152149844194e-01 2.701586651764767075e-02
-2.787938225369316902e-01 2.719899931800617496e-02
-2.778689026344111634e-01 2.738109280173117721e-02
-2.769513718564921012e-01 2.756216062646747039e-02
-2.760411480164981501e-01 2.774221627076112889e-02
-2.751381501109880778e-01 2.792127301270045173e-02
-2.742422981941884386e-01 2.809934392283222615e-02
-2.733535134585879378e-01 2.827644187766513093e-02
-2.724717182088924883e-01 2.845257956251211542e-02
-2.715968358359808765e-01 2.862776947417991491e-02
-2.707287908684291589e-01 2.880202393175785441e-02
-2.698675089296978524e-01 2.897535507758176171e-02
-2.690129168858304554e-01 2.914777489858832657e-02
-2.681649424431744033e-01 2.931929518840976565e-02
-2.673235143178711581e-01 2.948992757017332086e-02
-2.664885622113846164e-01 2.965968349871240042e-02
-2.656600167865901807e-01 2.982857426269692677e-02
-2.648378096881068289e-01 2.999661099163425729e-02
-2.640218737366071822e-01 3.016380468286715757e-02
-2.632121425406191428e-01 3.033016616259598744e-02
-2.624085505812663310e-01 3.049570609957345108e-02
-2.616110332286752937e-01 3.066043501129109630e-02
-2.608195267254774241e-01 3.082436326637439175e-02
-2.600339681710522322e-01 3.098750108696921718e-02
-2.592542955065132437e-01 3.114985855112513413e-02
-2.584804475004344182e-01 3.131144559518016235e-02
-2.577123637353180841e-01 3.147227201615233200e-02
-2.569499846839221058e-01 3.163234748511419697e-02
-2.561932516777446489e-01 3.179168154763661186e-02
-2.554421067666453049e-01 3.195028361043121545e-02
-2.546964927876333995e-01 3.210816295353058347e-02
-2.539563533573276355e-01 3.226532873317942973e-02
-2.532216328651266668e-01 3.242178998477236729e-02
-2.524922764672166697e-01 3.257755562585996911e-02
-2.517682300814153562e-01 3.273263445922897780e-02
-2.510494403828522625e-01 3.288703517606221538e-02
-2.503358547404007095e-01 3.304076635125385158e-02
-2.496274206881892721e-01 3.319383637652657815e-02
-2.489240866840239930e-01 3.334625356281314262e-02
-2.482258019674228322e-01 3.349802612562650245e-02
-2.475325164407412570e-01 3.364916217272857779e-02
-2.468441806608878686e-01 3.379966970623764222e-02
-2.461607458314684638e-01 3.394955662474638536e-02
-2.454821637953604196e-01 3.409883072545374233e-02
-2.448083870277150131e-01 3.424749970631339041e-02
-2.441393686293893139e-01 3.439557116820175786e-02
-2.434750622021802369e-01 3.454305260027863006e-02
-2.428154217935856451e-01 3.468995137454002065e-02
-2.421604021769658277e-01 3.483627478829243174e-02
-2.415099586984468250e-01 3.498203004553684936e-02
-2.408640472657734011e-01 3.512722425814513577e-02
-2.402226243404518569e-01 3.527186444745390032e-02
-2.395856469301503311e-01 3.541595754585039751e-02
-2.389530725813563405e-01 3.555951039835216626e-02
-2.383248593722920028e-01 3.570252976418221424e-02
-2.377009659015709153e-01 3.584502231766059643e-02
-2.370813512064256501e-01 3.598699463833861939e-02
-2.364659748492562996e-01 3.612845322636318302e-02
-2.358547969090338536e-01 3.626940450372626024e-02
-2.352477779530104118e-01 3.640985481241588301e-02
-2.346448790299191234e-01 3.654981041574698053e-02
-2.340460616633770752e-01 3.668927749968314139e-02
-2.334512878454848839e-01 3.682826217415177683e-02
-2.328605200306275991e-01 3.696677047435324021e-02
-2.322737211294753634e-01 3.710480836206555416e-02
-2.316908544817581628e-01 3.724238172350220061e-02
-2.311118838229298256e-01 3.737949636601954617e-02
-2.305367733572550870e-01 3.751615803194419813e-02
-2.299654877173720746e-01 3.765237239425055227e-02
-2.293979919562613712e-01 3.778814505733543022e-02
-2.288342515415222878e-01 3.792348155812780980e-02
-2.282742323498083425e-01 3.805838736719149851e-02
-2.277179006614206414e-01 3.819286788982163144e-02
-2.271652231550598255e-01 3.832692846713624951e-02
-2.266161669018519620e-01 3.846057437701388276e-02
-2.260706993256977881e-01 3.859381082924687179e-02
-2.255287882336173000e-01 3.872664297247694482e-02
-2.249904018199790079e-01 3.885907589680270141e-02
-2.244555086480110040e-01 3.899111463246679454e-02
-2.239240776448989112e-01 3.912276415080660763e-02
-2.233960780970139226e-01 3.925402936519908903e-02
-2.228714796452717917e-01 3.938491513200073624e-02
-2.223502522806219683e-01 3.951542625148343063e-02
-2.218323663396671863e-01 3.964556746876723992e-02
-2.213177924835039445e-01 3.977534347171190338e-02
-2.208065016558012350e-01 3.990475888492969747e-02
-2.202984651735234445e-01 4.003381828765147088e-02
-2.197936546842051420e-01 4.016252620775419280e-02
-2.192920421570246081e-01 4.029088712174222486e-02
-2.187935998789115044e-01 4.041890545560536396e-02
-2.182983004507748903e-01 4.054658558567637155e-02
-2.178061167838514500e-01 4.067393183948943974e-02
-2.173170220961762045e-01 4.080094849663913614e-02
-2.168309899091718507e-01 4.092763978964231164e-02
-2.163479940443595317e-01 4.105400990480244372e-02
-2.158680086201898995e-01 4.118006298307795576e-02
-2.153910080489945256e-01 4.130580312095505358e-02
-2.149169670340574934e-01 4.143123437132603670e-02
-2.144458605506025239e-01 4.155636074123365831e-02
-2.139776636689816047e-01 4.168118615876326150e-02
-2.135123518222415695e-01 4.180571452587561465e-02
-2.130499007591366567e-01 4.192994971095104217e-02
-2.125902864941531245e-01 4.205389554045926154e-02
-2.121334853043973789e-01 4.217755579964521662e-02
-2.116794737265754456e-01 4.230093423321502205e-02
-2.112282285540642846e-01 4.242403454602255292e-02
-2.107797268340743102e-01 4.254686040375743605e-02
-2.103339458649033100e-01 4.266941543363486633e-02
-2.098908631932819013e-01 4.279170322508812213e-02
-2.094504566118096933e-01 4.291372733046423110e-02
-2.090127041564834032e-01 4.303549126572343841e-02
-2.085775841043153445e-01 4.315699851114318530e-02
-2.081450749704439329e-01 4.327825251190251660e-02
-2.077151553881408097e-01 4.339925665418235823e-02
-2.072878042126004294e-01 4.352001428752005213e-02
-2.068630005950187201e-01 4.364052874152706679e-02
-2.064407239077254708e-01 4.376080331148475555e-02
-2.060209537416589354e-01 4.388084125889372272e-02
-2.056036699039098525e-01 4.400064581202330072e-02
-2.051888524153344662e-01 4.412022016646136024e-02
-2.047764815082363798e-01 4.423956748566514746e-02
-2.043665376241172726e-01 4.435869090151333544e-02
-2.039590014114960603e-01 4.447759351486034463e-02
-2.035538537237980561e-01 4.459627839609234951e-02
-2.031510756173114940e-01 4.471474858568667832e-02
-2.027506483492130807e-01 4.483300709477423818e-02
-2.023525533756626860e-01 4.495105690570572188e-02
-2.019567723018033945e-01 4.506890096187405464e-02
-2.015632868530388977e-01 4.518654216200149870e-02
-2.011720790202746467e-01 4.530398339342801145e-02
-2.007831309823662480e-01 4.542122751588839602e-02
-2.003964251013243825e-01 4.553827736134898052e-02
-2.000119439202955041e-01 4.565513573444893863e-02
-1.996296701615937474e-01 4.577180541294167265e-02
-1.992495867247855990e-01 4.588828914813666143e-02
-1.988716766848263318e-01 4.600458966534221039e-02
-1.984959232902485937e-01 4.612070966430935337e-02
-1.981223099614030925e-01 4.623665181967731574e-02
-1.977508202887511557e-01 4.635241878142089961e-02
-1.973814380312089722e-01 4.646801317530008940e-02
-1.970141471145442080e-01 4.658343760331233596e-02
-1.966489316153595956e-01 4.669869464071291221e-02
-1.962857756963459488e-01 4.681378682131495661e-02
-1.959246637294558280e-01 4.692871666740306563e-02
-1.955655802538426857e-01 4.704348668065807398e-02
-1.952085099630417597e-01 4.715809933988776570e-02
-1.948534377032984655e-01 4.727255710138362349e-02
-1.945003484719367015e-01 4.738686239927742544e-02
-1.941492274157667897e-01 4.750101764589794578e-02
-1.938000598295335497e-01 4.761502523212830795e-02
-1.934528311544039536e-01 4.772888752776388577e-02
-1.931075269764948310e-01 4.784260688187138427e-02
-1.927641330254400986e-01 4.795618562314900302e-02
-1.924226351729970974e-01 4.806962606028855611e-02
-1.920830194316949513e-01 4.818293048233859149e-02
-1.917452719513434156e-01 4.829610115852293190e-02
-1.914093789653678324e-01 4.840914032534653078e-02
-1.910753268577790043e-01 4.852205020400476160e-02
-1.907431021643972435e-01 4.863483300144403471e-02
-1.904126915519576968e-01 4.874749090576811772e-02
-1.900840818167249258e-01 4.886002608653007562e-02
-1.897572598831384350e-01 4.897244069502407204e-02
-1.894322128024891194e-01 4.908473686457728857e-02
-1.891089277516272149e-01 4.919691671084219092e-02
-1.887873920317005849e-01 4.930898233208922538e-02
-1.884675930669244548e-01 4.942093580950033399e-02
-1.881495184033817325e-01 4.953277920746337881e-02
-1.878331557078546377e-01 4.964451457386774569e-02
-1.875184927666865564e-01 4.975614394040127342e-02
-1.872055174846754821e-01 4.986766932284886211e-02
-1.868942178558274103e-01 4.997909271385949509e-02
-1.865845819744675060e-01 5.009041608636556620e-02
-1.862765980745403616e-01 5.020164140466885222e-02
-1.859702545016184982e-01 5.031277061756716379e-02
-1.856655397117061568e-01 5.042380565858371744e-02
-1.853624422701070640e-01 5.053474844620703399e-02
-1.850609508503168188e-01 5.064560088413089939e-02
-1.847610542329394812e-01 5.075636486149437410e-02
-1.844627413046283915e-01 5.086704225312230904e-02
-1.841660010570509709e-01 5.097763491976615297e-02
-1.838708225858782241e-01 5.108814470834561333e-02
-1.835771950897978899e-01 5.119857345219105960e-02
-1.832851078695521274e-01 5.130892297128692575e-02
-1.829945503269992668e-01 5.141919507251624388e-02
-1.827055119491774182e-01 5.152939154567025976e-02
-1.824179822842725285e-01 5.163951415706508064e-02
-1.821319510133394826e-01 5.174956467021608192e-02
-1.818474079163222845e-01 5.185954483681797650e-02
-1.815643428681183169e-01 5.196945639611234846e-02
-1.812827458376805867e-01 5.207930107510318207e-02
-1.810026068871413429e-01 5.218908058877331363e-02
-1.807239161709570663e-01 5.229879664030199354e-02
-1.804466639350750801e-01 5.240845092128375987e-02
-1.801708405161211723e-01 5.251804511194852615e-02
-1.798964363406089784e-01 5.262758088138334844e-02
-1.796234419241704849e-01 5.273705988775578835e-02
-1.793518478708078789e-01 5.284648377853917722e-02
-1.790816448721666287e-01 5.295585419073970540e-02
-1.788128237068299931e-01 5.306517275112582893e-02
-1.785453752396345961e-01 5.317444107645971640e-02
-1.782792904210072360e-01 5.328366077373126314e-02
-1.780145602863228149e-01 5.339283344039462420e-02
-1.777511759506040512e-01 5.350196066319889282e-02
-1.774891285160554444e-01 5.361104399065693554e-02
-1.772284092034240588e-01 5.372008497277142025e-02
-1.769690093460325464e-01 5.382908515982458286e-02
-1.767109203554287633e-01 5.393804609246727333e-02
-1.764541337206507743e-01 5.404696930188605808e-02
-1.761986410075072895e-01 5.415585630997088451e-02
-1.759444338578740052e-01 5.426470862948328672e-02
-1.756915039890053487e-01 5.437352776422545164e-02
-1.754398431928624047e-01 5.448231520920999299e-02
-1.751894433354556635e-01 5.459107245083082149e-02
-1.749402963562042002e-01 5.469980096703494499e-02
-1.746923942673099250e-01 5.480850222749546197e-02
-1.744457291531471832e-01 5.491717769378612335e-02
-1.742002931696692569e-01 5.502582881955642852e-02
-1.739560785438281076e-01 5.513445705070950387e-02
-1.737130775730119370e-01 5.524306382558031442e-02
-1.734712826244967365e-01 5.535165057511637343e-02
-1.732306861349137972e-01 5.546021872305991612e-02
-1.729912805784755148e-01 5.556876967609158252e-02
-1.727530584626665033e-01 5.567730482262216174e-02
-1.725160124067707246e-01 5.578582555834304263e-02
-1.722801350960770361e-01 5.589433327194726769e-02
-1.720454192803299032e-01 5.600282934495894732e-02
-1.718118577731508334e-01 5.611131515186987967e-02
-1.715794434514709421e-01 5.621979206027673953e-02
-1.713481692549765623e-01 5.632826143101895416e-02
-1.711180281855660679e-01 5.643672461831718973e-02
-1.708890133068191597e-01 5.654518296991279530e-02
-1.706611177434779747e-01 5.665363782720805180e-02
-1.704343346809400472e-01 5.676209052540743399e-02
-1.702086573647633438e-01 5.687054239365986474e-02
-1.699840791001833440e-01 5.697899475520220441e-02
-1.697605932516416949e-01 5.708744892750388517e-02
-1.695381932423269955e-01 5.719590622241291916e-02
-1.693168725537275709e-01 5.730436794630319741e-02
-1.690966247251956822e-01 5.741283540022332210e-02
-1.688774433473313463e-01 5.752130987793770828e-02
-1.686593220183336406e-01 5.762979265127129991e-02
-1.684422544220483819e-01 5.773828499688538063e-02
-1.682262343069983734e-01 5.784678818951287382e-02
-1.680112554756459931e-01 5.795530349858742797e-02
-1.677973117839189898e-01 5.806383218835426546e-02
-1.675843971407454114e-01 5.817237551798135758e-02
-1.673725055075970802e-01 5.828093474167145988e-02
-1.671616308980437560e-01 5.838951110877377976e-02
-1.669517673773140143e-01 5.849810586389753153e-02
-1.667429090618676168e-01 5.860672024702491545e-02
-1.665350501189751808e-01 5.871535549362555395e-02
-1.663281847663079516e-01 5.882401283477143444e-02
-1.661223072715359850e-01 5.893269349725274719e-02
-1.659174119519358503e-01 5.904139870369463222e-02
-1.657134931740069927e-01 5.915012967267485600e-02
-1.655105453530971715e-01 5.925888761884252898e-02
-1.653085629530371414e-01 5.936767375303791255e-02
-1.651075404857815510e-01 5.947648928241257293e-02
-1.649074724851387619e-01 5.958533540118494259e-02
-1.647083535255786935e-01 5.969421329756057631e-02
-1.645101782488560815e-01 5.980312416361763944e-02
-1.643129413421622331e-01 5.991206918769417800e-02
-1.641166375377351716e-01 6.002104955447977452e-02
-1.639212616124765265e-01 6.013006644510739129e-02
-1.637268083875760005e-01 6.023912103724558126e-02
-1.635332727281423870e-01 6.034821450519119168e-02
-1.633406495428416372e-01 6.045734801996236613e-02
-1.631489337835421716e-01 6.056652274939215708e-02
-1.629581204449668808e-01 6.067573985822267979e-02
-1.627682045643522313e-01 6.078500050819977268e-02
-1.625791812211143106e-01 6.089430585816844876e-02
-1.623910455365217276e-01 6.100365706416886052e-02
-1.622037926733755353e-01 6.111305527953312527e-02
-1.620174178356961203e-01 6.122250165498289987e-02
-1.618319162684168366e-01 6.133199733872780196e-02
-1.616472832570845786e-01 6.144154347656466397e-02
-1.614635141214915970e-01 6.155114120966154179e-02
-1.612806041984524152e-01 6.166079166815002788e-02
-1.610985488825101564e-01 6.177049598681347981e-02
-1.609173436094459286e-01 6.188025529905451239e-02
-1.607369838532780038e-01 6.199007073595269590e-02
-1.605574651259466801e-01 6.209994342634383990e-02
-1.603787829770070006e-01 6.220987449689827781e-02
-1.602009329933255510e-01 6.231986507220030336e-02
-1.600239107987831144e-01 6.242991627482775974e-02
-1.598477120539830432e-01 6.254002922543203113e-02
-1.596723324559648216e-01 6.265020504281865188e-02
-1.594977677379232073e-01 6.276044484402819312e-02
-1.593240136689328956e-01 6.287074974441794750e-02
-1.591510660536783195e-01 6.298112085774403013e-02
-1.589789207321895548e-01 6.309155929624422898e-02
-1.588075735795827503e-01 6.320206617072136879e-02
-1.586370205058069693e-01 6.331264259062750754e-02
-1.584672574553953606e-01 6.342328966414878533e-02
-1.582982804068236715e-01 6.353400849813094220e-02
-1.581300853546234730e-01 6.364480019106003028e-02
-1.579626683309120483e-01 6.375566584183126051e-02
-1.577960254091255177e-01 6.386660655146078613e-02
-1.576301526953682586e-01 6.397762341979675027e-02
-1.574650463281537238e-01 6.408871754558760625e-02
-1.573007024781496455e-01 6.419989002655045185e-02
-1.571371173479272909e-01 6.431114195943982148e-02
-1.569742871717152710e-01 6.442247444011670043e-02
-1.568122082151576224e-01 6.453388856361803871e-02
-1.566508767750760256e-01 6.464538542422658407e-02
-1.564902891792364636e-01 6.475696611554106197e-02
-1.563304417861201279e-01 6.486863173054699394e-02
-1.561713309846986530e-01 6.498038336168780738e-02
-1.560129531942130721e-01 6.509222210093683347e-02
-1.558553048639584604e-01 6.520414903986894439e-02
-1.556983824730706345e-01 6.531616526973423043e-02
-1.555421825303195116e-01 6.542827188153056694e-02
-1.553867015739044954e-01 6.554046996607845732e-02
-1.552319361625373595e-01 6.565276061040792310e-02
-1.550778828690742295e-01 6.576514489516656348e-02
-1.549245383124474018e-01 6.587762390826963632e-02
-1.547718991406532296e-01 6.599019873790168411e-02
-1.546199620296865029e-01 6.610287047221891088e-02
-1.544687236833414412e-01 6.621564019941604540e-02
-1.543181808330166271e-01 6.632850900779377334e-02
-1.541683302375240483e-01 6.644147798582680786e-02
-1.540191686829015250e-01 6.655454822223244582e-02
-1.538706929822292457e-01 6.666772080603976247e-02
-1.537228999754499947e-01 6.678099682665958325e-02
-1.535757865291929314e-01 6.689437737395485806e-02
-1.534293495366016724e-01 6.700786353831200692e-02
-1.532835859171655657e-01 6.712145641071276536e-02
-1.531384926165551275e-01 6.723515708280693171e-02
-1.529940666064609767e-01 6.734896664698579449e-02
-1.528503048844365719e-01 6.746288619645633700e-02
-1.527072044737448064e-01 6.757691682531639932e-02
-1.525647624232082666e-01 6.769105962863054826e-02
-1.524229758070629881e-01 6.780531570250686313e-02
-1.522818417248162359e-01 6.791968614417467909e-02
-1.521413573011078102e-01 6.803417205206319096e-02
-1.520015196855750428e-01 6.814877452588102846e-02
-1.518623260527215135e-01 6.826349466669680288e-02
-1.517237735971287138e-01 6.837833357492022202e-02
-1.515858594879994359e-01 6.849329232987408367e-02
-1.514485809480492773e-01 6.860837202537933832e-02
-1.513119352365381587e-01 6.872357376235453674e-02
-1.511759196359002966e-01 6.883889864293703253e-02
-1.510405314515886888e-01 6.895434777054125497e-02
-1.509057680119205436e-01 6.906992224991879981e-02
-1.507716266679270389e-01 6.918562318721775684e-02
-1.506381047932051076e-01 6.930145169004332806e-02
-1.505051997837719147e-01 6.941740886751852913e-02
-1.503729090579226102e-01 6.953349583034565407e-02
-1.502412300560904412e-01 6.964971369086804531e-02
-1.501101602407097502e-01 6.976606356313258539e-02
-1.499796970960817211e-01 6.988254656295266043e-02
-1.498498381282430403e-01 6.999916380797185922e-02
-1.497205808648368608e-01 7.011591641772799144e-02
-1.495919228549870972e-01 7.023280551371816061e-02
-1.494638616691749688e-01 7.034983221946401744e-02
-1.493363948991184020e-01 7.046699766057810954e-02
-1.492095201576543184e-01 7.058430296483056421e-02
-1.490832350786233940e-01 7.070174926221674261e-02
-1.489575373167576211e-01 7.081933768502544913e-02
-1.488324245475706187e-01 7.093706936790797335e-02
-1.487078944672505509e-01 7.105494544794789535e-02
-1.485839447925557666e-01 7.117296706473159873e-02
-1.484605732390993360e-01 7.129113535004069635e-02
-1.483377775357453965e-01 7.140945143477306356e-02
-1.482155554521356333e-01 7.152791646230369227e-02
-1.480939047774289807e-01 7.164653157844080855e-02
-1.479728233201694221e-01 7.176529793147660985e-02
-1.478523089081679731e-01 7.188421667224419165e-02
-1.477323593883862751e-01 7.200328895417476560e-02
-1.476129726268227416e-01 7.212251593335537725e-02
-1.474941465084005643e-01 7.224189876858720660e-02
-1.473758789368579403e-01 7.236143862144404915e-02
-1.472581678346401857e-01 7.248113665633186542e-02
-1.471410111427947087e-01 7.260099404054787264e-02
-1.470244068208665100e-01 7.272101194434152371e-02
-1.469083528467977073e-01 7.284119154097465354e-02
-1.467928472168276433e-01 7.296153400678313805e-02
-1.466778879453957130e-01 7.308204052123865035e-02
-1.465634730650461626e-01 7.320271226701129119e-02
-1.464496006263349970e-01 7.332355043003255246e-02
-1.463362686977387750e-01 7.344455619955908565e-02
-1.462234753655656250e-01 7.356573076823702539e-02
-1.461112187338682589e-01 7.368707533216703465e-02
-1.459994969243589569e-01 7.380859109096990500e-02
-1.458883080763266338e-01 7.393027924785282312e-02
-1.457776503465560425e-01 7.405214100967656699e-02
-1.456675219039945401e-01 7.417417758434760588e-02
-1.455579209153640141e-01 7.429639017354963682e-02
-1.454488455815489689e-01 7.441877999134918764e-02
-1.453402941226257794e-01 7.454134825672803499e-02
-1.452322647753175600e-01 7.466409619239397499e-02
-1.451247557929052634e-01 7.478702502483904058e-02
-1.450177654451399734e-01 7.491013598439787147e-02
-1.449112920181571673e-01 7.503343030530669477e-02
-1.448053338143922841e-01 7.515690922576273580e-02
-1.446998891524983177e-01 7.528057398798411459e-02
-1.445949563672645766e-01 7.540442583827031142e-02
-1.444905338095373859e-01 7.552846602706304868e-02
-1.443866198461423722e-01 7.565269580900774171e-02
-1.442832128598081076e-01 7.577711644301551863e-02
-1.441803112490917249e-01 7.590172919232576754e-02
-1.440779134283057261e-01 7.602653532456914165e-02
-1.439760178274468450e-01 7.615153611183130000e-02
-1.438746228921256864e-01 7.627673283071731425e-02
-1.437737270834993919e-01 7.640212676241600609e-02
-1.436733288782039708e-01 7.652771919276608881e-02
-1.435734267682899079e-01 7.665351141232167043e-02
-1.434740192611583809e-01 7.677950471641920016e-02
-1.433751048794992544e-01 7.690570040524476181e-02
-1.432766821612307118e-01 7.703209978390204715e-02
-1.431787496590375408e-01 7.715870416226391915e-02
-1.430813059267038168e-01 7.728551484768776680e-02
-1.429843495375665297e-01 7.741253315501875343e-02
-1.428878790859189341e-01 7.753976040747945220e-02
-1.427918931806814729e-01 7.766719793336485100e-02
-1.426963904453370235e-01 7.779484706610498290e-02
-1.426013695178668661e-01 7.792270914432772311e-02
-1.425068290506881774e-01 7.805078551192243252e-02
-1.424127677105928858e-01 7.817907751810389272e-02
-1.423191841786875522e-01 7.830758651747676824e-02
-1.422260771503345844e-01 7.843631387010065181e-02
-1.421334453350949212e-01 7.856526094155573403e-02
-1.420412874566716332e-01 7.869442910300876448e-02
-1.419496022528548840e-01 7.882381973127983166e-02
-1.418583884754684166e-01 7.895343420890955921e-02
-1.417676448903168185e-01 7.908327392422694058e-02
-1.416773702771343124e-01 7.921334027141768708e-02
-1.415875634295347130e-01 7.934363465059326992e-02
-1.414982231549625769e-01 7.947415846786048954e-02
-1.414093482746455466e-01 7.960491313539161395e-02
-1.413209376235480541e-01 7.973590007149532199e-02
-1.412329900503259961e-01 7.986712070068799352e-02
-1.411455044172828521e-01 7.999857645376598492e-02
-1.410584796003267749e-01 8.013026876787808506e-02
-1.409719144889290676e-01 8.026219908659941449e-02
nan nan
nan nan
nan nan
nan nan
nan nan
nan nan
nan nan
nan nan
nan nan
nan nan
nan nan
nan nan
nan nan
nan nan
nan nan
nan nan
nan nan
nan nan
nan nan
nan nan
nan nan
nan nan
nan nan
nan nan
-1.386568878188646770e-01 8.419838916065230938e-02
-1.385836546099147304e-01 8.433816049038857232e-02
-1.385108528196095645e-01 8.447821792036294686e-02
-1.384384817260150835e-01 8.461856312269760982e-02
-1.383665406194046488e-01 8.475919777824604540e-02
-1.382950288022154750e-01 8.490012357666407161e-02
-1.382239455890053870e-01 8.504134221648339265e-02
-1.381532903064117135e-01 8.518285540518459598e-02
-1.380830622931106255e-01 8.532466485927155120e-02
-1.380132608997776400e-01 8.546677230434635009e-02
-1.379438854890495669e-01 8.560917947518505156e-02
-1.378749354354874002e-01 8.575188811581413439e-02
-1.378064101255403739e-01 8.589489997958789369e-02
-1.377383089575109909e-01 8.603821682926632297e-02
-1.376706313415214655e-01 8.618184043709412046e-02
-1.376033766994810004e-01 8.632577258488025040e-02
-1.375365444650541169e-01 8.647001506407847593e-02
-1.374701340836304297e-01 8.661456967586851630e-02
-1.374041450122951147e-01 8.675943823123835608e-02
-1.373385767198007090e-01 8.690462255106701228e-02
-1.372734286865399111e-01 8.705012446620845334e-02
-1.372087004045192404e-01 8.719594581757611484e-02
-1.371443913773342516e-01 8.734208845622856709e-02
-1.370805011201452761e-01 8.748855424345572396e-02
-1.370170291596546075e-01 8.763534505086625903e-02
-1.369539750400685096e-01 8.778246276431125872e-02
-1.368913383216435187e-01 8.792990928309385446e-02
-1.368291185629706697e-01 8.807768650869958471e-02
-1.367673153339848402e-01 8.822579635320133840e-02
-1.367059282163194944e-01 8.837424073959117277e-02
-1.366449568032767348e-01 8.852302160186606428e-02
-1.365844006997982141e-01 8.867214088511510273e-02
-1.365242595224382960e-01 8.882160054560678253e-02
-1.364645328993373541e-01 8.897140255087888916e-02
-1.364052204701974857e-01 8.912154887982758067e-02
-1.363463218862585036e-01 8.927204152279957783e-02
-1.362878368102762860e-01 8.942288248168338283e-02
-1.362297649165012114e-01 8.957407377000357884e-02
-1.361721058906591453e-01 8.972561741301436633e-02
-1.361148594299323722e-01 8.987751544779604140e-02
-1.360580252429429149e-01 9.002976992335096074e-02
-1.360016030497364636e-01 9.018238290070183794e-02
-1.359455925817677768e-01 9.033535645299055339e-02
-1.358899935818871640e-01 9.048869266557833801e-02
-1.358348058043282736e-01 9.064239363614721989e-02
-1.357800290146972400e-01 9.079646147480237295e-02
-1.357256629899628031e-01 9.095089830417599219e-02
-1.356717075184477594e-01 9.110570625953205715e-02
-1.356181623998214958e-01 9.126088748887251079e-02
-1.355650274473748085e-01 9.141644415458269335e-02
-1.355123025018243887e-01 9.157237844288783346e-02
-1.354599873973691138e-01 9.172869254109380921e-02
-1.354080819750305142e-01 9.188538864662666728e-02
-1.353565860875260429e-01 9.204246897042761555e-02
-1.353054995992494236e-01 9.219993573705630163e-02
-1.352548223862532484e-01 9.235779118479547911e-02
-1.352045543362328517e-01 9.251603756575729753e-02
-1.351546953485118219e-01 9.267467714599077200e-02
-1.351052453340289006e-01 9.283371220559098747e-02
-1.350562042153266307e-01 9.299314503880963534e-02
-1.350075719265416974e-01 9.315297795416709048e-02
-1.349593484133962407e-01 9.331321327456591763e-02
-1.349115336331911386e-01 9.347385333740627911e-02
-1.348641275548010943e-01 9.363490049470203636e-02
-1.348171301586699733e-01 9.379635711319957159e-02
-1.347705414368095544e-01 9.395822557449691470e-02
-1.347243613927975592e-01 9.412050827516565965e-02
-1.346785900417792892e-01 9.428320762687318612e-02
-1.346332274104688198e-01 9.444632605650793433e-02
-1.345882735371533023e-01 9.460986600630467980e-02
-1.345437284716973492e-01 9.477382993397298616e-02
-1.344995922755496676e-01 9.493822031282600493e-02
-1.344558650217509699e-01 9.510303963191171772e-02
-1.344125467949533470e-01 9.526829039615290762e-02
-1.343696377105269568e-01 9.543397514004407778e-02
-1.343271378895182777e-01 9.560009641009652170e-02
-1.342850474455912768e-01 9.576665675561012170e-02
-1.342433665045940361e-01 9.593365874264604687e-02
-1.342020952045479554e-01 9.610110495415234710e-02
-1.341612336956386764e-01 9.626899799009128178e-02
-1.341207821402092271e-01 9.643734046756888278e-02
-1.340807407127549145e-01 9.660613502096641880e-02
-1.340411095999202717e-01 9.677538430207366371e-02
-1.340018890004978924e-01 9.694509098022469074e-02
-1.339630791254292630e-01 9.711525774243509601e-02
-1.339246801978073165e-01 9.728588729354169240e-02
-1.338866924528812896e-01 9.745698235634421558e-02
-1.338491161380627736e-01 9.762854567174891751e-02
-1.338119515129344017e-01 9.780057999891453302e-02
-1.337751988492598409e-01 9.797308811540002271e-02
-1.337388584309957829e-01 9.814607281731489719e-02
-1.337029305543059321e-01 9.831953691947123430e-02
-1.336674155275765219e-01 9.849348325553808348e-02
-1.336323136714337168e-01 9.866791467819825689e-02
-1.335976253187632079e-01 9.884283405930653632e-02
-1.335633508147305026e-01 9.901824429005129380e-02
-1.335294905168046276e-01 9.919414828111698668e-02
-1.334960447947815820e-01 9.937054896285019145e-02
-1.334630140424170053e-01 9.954744929408278209e-02
-1.334303986921500096e-01 9.972485227337470060e-02
-1.333981991456573146e-01 9.990276088735333682e-02
-1.333664158137941869e-01 1.000811781405120254e-01
-1.333350491206894417e-01 1.002601070584152460e-01
-1.333040995037384768e-01 1.004395506878527355e-01
-1.332735674135993587e-01 1.006195120969961415e-01
-1.332434533141916289e-01 1.007999943755583938e-01
-1.332137576826973868e-01 1.009810006349557976e-01
-1.331844810095652865e-01 1.011625340084731511e-01
-1.331556237985169755e-01 1.013445976514314451e-01
-1.331271865665560050e-01 1.015271947413586007e-01
-1.330991698439794035e-01 1.017103284781628730e-01
-1.330715741743917491e-01 1.018940020843092237e-01
-1.330444001147215727e-01 1.020782188049987604e-01
-1.330176482352405098e-01 1.022629819083507030e-01
-1.329913191195846167e-01 1.024482946855877069e-01
-1.329654133647785175e-01 1.026341604512239214e-01
-1.329399315812613003e-01 1.028205825432559756e-01
-1.329148743929157717e-01 1.030075643233572258e-01
-1.328902424370990987e-01 1.031951091770746953e-01
-1.328660363646765319e-01 1.033832205140293170e-01
-1.328422568400571546e-01 1.035719017681190762e-01
-1.328189045412320191e-01 1.037611563977252627e-01
-1.327959801605517742e-01 1.039509878864990633e-01
-1.327734844191105767e-01 1.041413997548281262e-01
-1.327514180393017940e-01 1.043323955385662555e-01
-1.327297817501728039e-01 1.045239787933345682e-01
-1.327085762949177239e-01 1.047161531005612739e-01
-1.326878024309128268e-01 1.049089220676955592e-01
-1.326674609297518737e-01 1.051022893284252330e-01
-1.326475525772870534e-01 1.052962585428970227e-01
-1.326280781736694780e-01 1.054908333979412277e-01
-1.326090385333950905e-01 1.056860176072988572e-01
-1.325904344853505445e-01 1.058818149118532226e-01
-1.325722668728634979e-01 1.060782290798641947e-01
-1.325545365537543485e-01 1.062752639072064992e-01
-1.325372444003906913e-01 1.064729232176112456e-01
-1.325203912997442723e-01 1.066712108629113281e-01
-1.325039781534502747e-01 1.068701307232900466e-01
-1.324880058778691028e-01 1.070696867075336678e-01
-1.324724754041502472e-01 1.072698827532873322e-01
-1.324573876782989823e-01 1.074707228273148324e-01
-1.324427436682527048e-01 1.076722109314590115e-01
-1.324285443605761337e-01 1.078743511002153987e-01
-1.324147907423293968e-01 1.080771473861733972e-01
-1.324014838158963092e-01 1.082806038722379793e-01
-1.323886245993617927e-01 1.084847246721549474e-01
-1.323762141265584502e-01 1.086895139307690744e-01
-1.323642534471163035e-01 1.088949758242868243e-01
-1.323527436265157786e-01 1.091011145605431526e-01
-1.323416857461438001e-01 1.093079343792731778e-01
-1.323310809033533542e-01 1.095154395523877666e-01
-1.323209302115258557e-01 1.097236343842540734e-01
-1.323112348001370397e-01 1.099325232119803125e-01
-1.323019958148255182e-01 1.101421104057050959e-01
-1.322932144174648328e-01 1.103524003688914623e-01
-1.322848917862382012e-01 1.105633975386252355e-01
-1.322770291157168154e-01 1.107751063859183788e-01
-1.322696276169399443e-01 1.109875314160165688e-01
-1.322626885175000877e-01 1.112006771687115286e-01
-1.322562130638222089e-01 1.114145482205066429e-01
-1.322502025344537979e-01 1.116291491960974408e-01
-1.322446582065706089e-01 1.118444847404220371e-01
-1.322395813699446809e-01 1.120605595305955576e-01
-1.322349733319762577e-01 1.122773782804006859e-01
-1.322308354177537948e-01 1.124949457405975684e-01
-1.322271689701162434e-01 1.127132666992392285e-01
-1.322239753497198300e-01 1.129323459819926573e-01
-1.322212559351094163e-01 1.131521884524657601e-01
-1.322190121227932169e-01 1.133727990125397572e-01
-1.322172453273219028e-01 1.135941826027074830e-01
-1.322159569813714519e-01 1.138163442024173050e-01
-1.322151485358299128e-01 1.140392888304229135e-01
-1.322148214598881377e-01 1.142630215451389958e-01
-1.322149772411342628e-01 1.144875474450026548e-01
-1.322156173856520178e-01 1.147128716688408934e-01
-1.322167434181227286e-01 1.149389993962436907e-01
-1.322183568819311761e-01 1.151659358479435180e-01
-1.322204593392748428e-01 1.153936862862003643e-01
-1.322230523884321274e-01 1.156222560301941454e-01
-1.322261376421944579e-01 1.158516504375701056e-01
-1.322297167126669226e-01 1.160818748913546999e-01
-1.322337912321180919e-01 1.163129348184256812e-01
-1.322383628530499067e-01 1.165448356898842880e-01
-1.322434332482703978e-01 1.167775830214329291e-01
-1.322490041109720682e-01 1.170111823737600976e-01
-1.322550771548152426e-01 1.172456393529328345e-01
-1.322616541140169411e-01 1.174809596107963677e-01
-1.322687367434449979e-01 1.177171488453816472e-01
-1.322763268187161778e-01 1.179542128013197078e-01
-1.322844261363019802e-01 1.181921572702641920e-01
-1.322930365136357478e-01 1.184309880913210905e-01
-1.323021597892289625e-01 1.186707111514862939e-01
-1.323117978227881242e-01 1.189113323860906402e-01
-1.323219524953409276e-01 1.191528577792528298e-01
-1.323326257093629665e-01 1.193952933643398773e-01
-1.323438193889130421e-01 1.196386452244358883e-01
-1.323555354877938572e-01 1.198829195000848391e-01
-1.323677760056622965e-01 1.201281224043367762e-01
-1.323805429266944056e-01 1.203742601675456408e-01
-1.323938382536036240e-01 1.206213390683922998e-01
-1.324076640125703974e-01 1.208693654387168609e-01
-1.324220222533239177e-01 1.211183456639716854e-01
-1.324369150492304414e-01 1.213682861836839488e-01
-1.324523444973893516e-01 1.216191934919280127e-01
-1.324683127187353815e-01 1.218710741378075252e-01
-1.324848218581481663e-01 1.221239347259472086e-01
-1.325018740845683163e-01 1.223777819169947073e-01
-1.325194715911204024e-01 1.226326224281322208e-01
-1.325376165952425744e-01 1.228884630335982248e-01
-1.325563113388227299e-01 1.231453105652191432e-01
-1.325755580883411777e-01 1.234031719129510818e-01
-1.325953591350198524e-01 1.236620540254318584e-01
-1.326157167949779947e-01 1.239219639105430537e-01
-1.326366334093939670e-01 1.241829086359823725e-01
-1.326581113454065042e-01 1.244448953305338640e-01
-1.326801530308479304e-01 1.247079312171500559e-01
-1.327027608937615677e-01 1.249720235567489957e-01
-1.327259373655380881e-01 1.252371796513800650e-01
-1.327496849049766836e-01 1.255034068672084557e-01
-1.327740059983844589e-01 1.257707126350694482e-01
-1.327989031596859271e-01 1.260391044510346670e-01
-1.328243789305389999e-01 1.263085898769915894e-01
-1.328504358804634133e-01 1.265791765412357384e-01
-1.328770766069741760e-01 1.268508721390753935e-01
-1.329043037357277579e-01 1.271236844334496241e-01
-1.329321199206727755e-01 1.273976212555590071e-01
-1.329605278442132776e-01 1.276726905055097783e-01
-1.329895302173774163e-01 1.279489001529705294e-01
-1.330191297799964700e-01 1.282262582378426441e-01
-1.330493293008911670e-01 1.285047728709436954e-01
-1.330801315780669458e-01 1.287844522347043330e-01
-1.331115394389167927e-01 1.290653045838785484e-01
-1.331435557404326842e-01 1.293473382462672072e-01
-1.331761833945552254e-01 1.296305616479170031e-01
-1.332094253721484156e-01 1.299149833177636326e-01
-1.332432846044262487e-01 1.302006117921192807e-01
-1.332777640519522966e-01 1.304874556821058740e-01
-1.333128667082398855e-01 1.307755236777214114e-01
-1.333485955998573724e-01 1.310648245485160901e-01
-1.333849537865459955e-01 1.313553671442855564e-01
-1.334219443613499922e-01 1.316471603957815317e-01
-1.334595704507592628e-01 1.319402133154398971e-01
-1.334978352148639413e-01 1.322345349981265683e-01
-1.335367418475212620e-01 1.325301346219004417e-01
-1.335762935765341386e-01 1.328270214487946854e-01
-1.336164936638419287e-01 1.331252048256156839e-01
-1.336573454057223553e-01 1.334246941847593848e-01
-1.336988521330057522e-01 1.337254990450467973e-01
-1.337410172113000784e-01 1.340276290125762826e-01
-1.337838440412278951e-01 1.343310937815951067e-01
-1.338273360586739735e-01 1.346359031353888125e-01
-1.338714967372504061e-01 1.349420669494116876e-01
-1.339163296126935077e-01 1.352495952166034021e-01
-1.339618382299445909e-01 1.355584979947559443e-01
-1.340080261603997791e-01 1.358687854244096938e-01
-1.340548970131470730e-01 1.361804677408441633e-01
-1.341024544352066306e-01 1.364935552750168590e-01
-1.341507021117875897e-01 1.368080584545229295e-01
-1.341996437665544384e-01 1.371239878045750482e-01
-1.342492831619075677e-01 1.374413539490040859e-01
-1.342996240992757329e-01 1.377601676112811258e-01
-1.343506704194205315e-01 1.380804396155597413e-01
-1.344024260027532891e-01 1.384021808877395343e-01
-1.344548947696635188e-01 1.387254024565510169e-01
-1.345080806808597040e-01 1.390501154546615048e-01
-1.345619877377497442e-01 1.393763311198319699e-01
-1.346166200020494641e-01 1.397040608160378394e-01
-1.346719815670028020e-01 1.400333160045185710e-01
-1.347280765489839716e-01 1.403641082357181824e-01
-1.347849091080358108e-01 1.406964491713348087e-01
-1.348424834481467272e-01 1.410303505854327843e-01
-1.349008038175442126e-01 1.413658243655815383e-01
-1.349598745090043739e-01 1.417028825140205506e-01
-1.350196998601775056e-01 1.420415371488508161e-01
-1.350802842539296778e-01 1.423818005052527591e-01
-1.351416321186998948e-01 1.427236849367309324e-01
-1.352037479288726862e-01 1.430672029163857495e-01
-1.352666362051662685e-01 1.434123670382115856e-01
-1.353303015150355559e-01 1.437591900184227167e-01
-1.353947484730905759e-01 1.441076846968056824e-01
-1.354599817552628871e-01 1.444578640527455771e-01
-1.355260060972916514e-01 1.448097412046801535e-01
-1.355928262469555667e-01 1.451633293600228525e-01
-1.356604470014218522e-01 1.455186418558001293e-01
-1.357288732091044003e-01 1.458756921616138069e-01
-1.357981097700010076e-01 1.462344938809999328e-01
-1.358681616360567501e-01 1.465950607528227478e-01
-1.359390338115429586e-01 1.469574066527012668e-01
-1.360107313534612561e-01 1.473215455944711649e-01
-1.360832593719638051e-01 1.476874917316802205e-01
-1.361566230307965086e-01 1.480552593591182020e-01
-1.362308275477603359e-01 1.484248629143817277e-01
-1.363058781951928533e-01 1.487963169794736251e-01
-1.363817803004688523e-01 1.491696362824371791e-01
-1.364585392542110864e-01 1.495448357074543322e-01
-1.365361605386682942e-01 1.499219303272009141e-01
-1.366146496417096901e-01 1.503009353097331524e-01
-1.366940121011336051e-01 1.506818659679253491e-01
-1.367742535150582583e-01 1.510647377720225060e-01
-1.368553795423056996e-01 1.514495663512617774e-01
-1.369373959028135634e-01 1.518363674955377496e-01
-1.370203083780738851e-01 1.522251571571123507e-01
-1.371041228115986443e-01 1.526159514523686977e-01
-1.371888451094122885e-01 1.530087666636101851e-01
-1.372744812405704562e-01 1.534036192409039545e-01
-1.373610372377045974e-01 1.538005258039702450e-01
-1.374485191975924336e-01 1.541995031441159847e-01
-1.375369332817541479e-01 1.546005682262150405e-01
-1.376262857189236299e-01 1.550037381928174585e-01
-1.377165828569158201e-01 1.554090304240428599e-01
-1.378078310629586301e-01 1.558164624268336407e-01
-1.379000367426300444e-01 1.562260518572647638e-01
-1.379932063730577863e-01 1.566378165593024785e-01
-1.380873465033518044e-01 1.570517745667450726e-01
-1.381824637550700396e-01 1.574679441052212192e-01
-1.382785648227253805e-01 1.578863435942481630e-01
-1.383756564743225947e-01 1.583069916493464457e-01
-1.384737455519368388e-01 1.587299070842160265e-01
-1.385728389723212273e-01 1.591551089129693286e-01
-1.386729437275547872e-01 1.595826163524255992e-01
-1.387740668857198323e-01 1.600124488244641097e-01
-1.388762155916165586e-01 1.604446259584375867e-01
-1.389793970675096968e-01 1.608791675936460663e-01
-1.390836186620952875e-01 1.613160938377609932e-01
-1.391888877999109264e-01 1.617554250102326840e-01
-1.392952119113347320e-01 1.621971815624189683e-01
-1.394025985117955391e-01 1.626413841708484465e-01
-1.395110552026668504e-01 1.630880537400307417e-01
-1.396205896718089867e-01 1.635372114048797010e-01
-1.397312096941593085e-01 1.639888785332140886e-01
-1.398429231323698452e-01 1.644430767283359962e-01
-1.399557379374924415e-01 1.648998278316875787e-01
-1.400696621497102556e-01 1.653591539255862553e-01
-1.401847038991154704e-01 1.658210773360387635e-01
-1.403008714065326901e-01 1.662856206356346789e-01
-1.404181729843871906e-01 1.667528066465193970e-01
-1.405366170376179391e-01 1.672226584434471919e-01
-1.406562120952391526e-01 1.676951993934023832e-01
-1.407769668397087781e-01 1.681704531930617585e-01
-1.408988899307083154e-01 1.686484436606115467e-01
-1.410219901200033266e-01 1.691291948741818207e-01
-1.411462762626587153e-01 1.696127311873713017e-01
-1.412717573176943409e-01 1.700990772322337197e-01
-1.413984423488034159e-01 1.705882579223663986e-01
-1.415263405251349638e-01 1.710802984561019813e-01
-1.416554611221344795e-01 1.715752243198025162e-01
-1.417858135224511762e-01 1.720730612912596269e-01
-1.419174072168994105e-01 1.725738354431961552e-01
-1.420502518054864716e-01 1.730775731468758016e-01
-1.421843569984925226e-01 1.735843010758147120e-01
-1.423197326176159905e-01 1.740940462096020602e-01
-1.424563886003241409e-01 1.746068358416899280e-01
-1.425943350258400688e-01 1.751226976138337277e-01
-1.427335820554394563e-01 1.756416594454881241e-01
-1.428741399580516214e-01 1.761637495675295317e-01
-1.430160191223879274e-01 1.766889965397266671e-01
-1.431592300582552324e-01 1.772174292550224572e-01
-1.433037833979301234e-01 1.777490769439309115e-01
-1.434496898975932688e-01 1.782839691790502612e-01
-1.435969604388222520e-01 1.788221358796925342e-01
-1.437456060301434413e-01 1.793636073166298139e-01
-1.438956378171632189e-01 1.799084141276134086e-01
-1.440470670782380558e-01 1.804565873149499289e-01
-1.441999052036615214e-01 1.810081582223463936e-01
-1.443541637191711191e-01 1.815631585672095316e-01
-1.445098542880324799e-01 1.821216204463232957e-01
-1.446669887126358356e-01 1.826835763409656310e-01
-1.448255789361651835e-01 1.832490591221667686e-01
-1.449856370443390052e-01 1.838181020561082679e-01
-1.451471752672219007e-01 1.843907388096645006e-01
-1.453102059824500913e-01 1.849670034577974853e-01
-1.454747417386616781e-01 1.855469305167978533e-01
-1.456407952078951906e-01 1.861305548871321769e-01
-1.458083792046633020e-01 1.867179118809716709e-01
-1.459775067010583294e-01 1.873090372449472685e-01
-1.461481908285280629e-01 1.879039671660282240e-01
-1.463204448797427448e-01 1.885027382775743277e-01
-1.464942823105586933e-01 1.891053876655700572e-01
-1.466697167420661641e-01 1.897119528750318418e-01
-1.468467619627344956e-01 1.903224719165992895e-01
-1.470254319437706292e-01 1.909369832903559661e-01
-1.472057408422151881e-01 1.915555259939603905e-01
-1.473877029454435938e-01 1.921781394544626043e-01
-1.475713327195325442e-01 1.928048635949788370e-01
-1.477566448139922273e-01 1.934357388450377579e-01
-1.479436540638336406e-01 1.940708061475388546e-01
-1.481323754917562852e-01 1.947101069659369355e-01
-1.483228243104554867e-01 1.953536832916546451e-01
-1.485150159250477608e-01 1.960015776517241293e-01
-1.487089659374586925e-01 1.966538331190989530e-01
-1.489046902370941283e-01 1.973104934374062258e-01
-1.491022048275805478e-01 1.979716027967585446e-01
-1.493015258583479943e-01 1.986372058793527962e-01
-1.495026696980688019e-01 1.993073479614100585e-01
-1.497056529359548915e-01 1.999820749199697767e-01
-1.499104923832806635e-01 2.006614332400490086e-01
-1.501172050751289622e-01 2.013454700221689875e-01
-1.503258082723573086e-01 2.020342329902496403e-01
-1.505363194637826807e-01 2.027277704998743380e-01
-1.507487564347181341e-01 2.034261316361736793e-01
-1.509631373487854145e-01 2.041293663308335615e-01
-1.511794802898299428e-01 2.048375247489829520e-01
-1.513978035772053088e-01 2.055506577185615968e-01
-1.516181258007704702e-01 2.062688167836128350e-01
-1.518404658202275603e-01 2.069920542095942950e-01
-1.520648427649350098e-01 2.077204229893807597e-01
-1.522912760341940674e-01 2.084539768499634738e-01
-1.525197852979974789e-01 2.091927702598443684e-01
-1.527503904981710736e-01 2.099368584370331636e-01
-1.529831118042975779e-01 2.106862972948512491e-01
-1.532179696936049329e-01 2.114411435581113052e-01
-1.534549849659043730e-01 2.122014547908937232e-01
-1.536941786948068933e-01 2.129672893363344643e-01
-1.539355722322044151e-01 2.137387063296102840e-01
-1.541791872131263730e-01 2.145157657115754901e-01
-1.544250455609511574e-01 2.152985282430396885e-01
-1.546731694929784628e-01 2.160870555196993392e-01
-1.549235815263543814e-01 2.168814099877205692e-01
-1.551763044646940759e-01 2.176816549324115391e-01
-1.554313613449209985e-01 2.184878544108037335e-01
-1.556887756599948935e-01 2.193000735719871919e-01
-1.559485712408915370e-01 2.201183785004204307e-01
-1.562107722405982058e-01 2.209428362015564695e-01
-1.564754031438718440e-01 2.217735146237750921e-01
-1.567424887771998454e-01 2.226104826808451009e-01
-1.570120542065114033e-01 2.234538101148863809e-01
-1.572841249657843388e-01 2.243035678294936219e-01
-1.575587269666265944e-01 2.251598277710647189e-01
-1.578358865182339921e-01 2.260226629666773346e-01
-1.581156302929191682e-01 2.268921474842988395e-01
-1.583979853364184121e-01 2.277683564568555863e-01
-1.586829790780648064e-01 2.286513661063762359e-01
-1.589706392798252155e-01 2.295412536801267889e-01
-1.592609941034946186e-01 2.304380975568796341e-01
-1.595540722659568589e-01 2.313419774821665331e-01
-1.598499028879253880e-01 2.322529743610759756e-01
-1.601485155026262930e-01 2.331711702812878373e-01
-1.604499400679368359e-01 2.340966485414016640e-01
-1.607542069783617633e-01 2.350294936793464462e-01
-1.610613469466681269e-01 2.359697913101418687e-01
-1.613713912324329369e-01 2.369176284709151592e-01
-1.616843717269902114e-01 2.378730937589363381e-01
-1.620003207708013704e-01 2.388362770768592547e-01
-1.623192711688579981e-01 2.398072696672753634e-01
-1.626412562059176836e-01 2.407861641474199343e-01
-1.629663096452516058e-01 2.417730545198064351e-01
-1.632944650416888466e-01 2.427680351635277400e-01
-1.636257572696108997e-01 2.437712031126629264e-01
-1.639602221848486807e-01 2.447826575774309787e-01
-1.642978960455038495e-01 2.458024990985419878e-01
-1.646388155453225033e-01 2.468308296091513143e-01
-1.649830178467153186e-01 2.478677524970259172e-01
-1.653305406057565263e-01 2.489133726553795223e-01
-1.656814219336813776e-01 2.499677964384995343e-01
-1.660357006219407849e-01 2.510311320152426862e-01
-1.663934160831151143e-01 2.521034892964630902e-01
-1.667546083420066716e-01 2.531849799376502119e-01
-1.671193180686430246e-01 2.542757174053126290e-01
-1.674875866109031830e-01 2.553758170435774799e-01
-1.678594561235016991e-01 2.564853962888120620e-01
-1.682349698669679539e-01 2.576045751472189060e-01
-1.686141711677731359e-01 2.587334746240195771e-01
-1.689971041262447737e-01 2.598722178201490762e-01
-1.693838137669005650e-01 2.610209301836926010e-01
-1.697743451754217536e-01 2.621797381995509824e-01
-1.701687461897878895e-01 2.633487735626068860e-01
-1.705670633399845593e-01 2.645281669336507213e-01
-1.709693445445583382e-01 2.657180521165378173e-01
-1.713756387403102543e-01 2.669185655122987555e-01
-1.717859961756699194e-01 2.681298466020375360e-01
-1.722004671879960869e-01 2.693520360645361156e-01
-1.726191029795657028e-01 2.705852770025676812e-01
-1.730419557889434357e-01 2.718297152351612511e-01
-1.734690796132117296e-01 2.730855004607609104e-01
-1.739005290233597290e-01 2.743527844269680882e-01
-1.743363582869739137e-01 2.756317195624036209e-01
-1.747766229762551804e-01 2.769224615286799418e-01
-1.752213800392623255e-01 2.782251693651905389e-01
-1.756706881933364772e-01 2.795400061483429566e-01
-1.761246064992288141e-01 2.808671367579734235e-01
-1.765831951885881712e-01 2.822067292158868534e-01
-1.770465159031510138e-01 2.835589550994942476e-01
-1.775146313090150696e-01 2.849239889576849483e-01
-1.779876045891070901e-01 2.863020075230606198e-01
-1.784655005475751510e-01 2.876931915123136507e-01
-1.789483703639684065e-01 2.890977010356187704e-01
