-3.395382304466488810e-01 1.771412050197213039e-02
-3.381529474952021941e-01 1.798921740595671101e-02
-3.367802726001329905e-01 1.826218962689232089e-02
-3.354200693776967501e-01 1.853306875678804519e-02
-3.340721765909205887e-01 1.880188442537127774e-02
-3.327364359745639266e-01 1.906866576709886213e-02
-3.314126916509285703e-01 1.933344140242725454e-02
-3.301007897204233932e-01 1.959623942585077272e-02
-3.288005793407353106e-01 1.985708748131254087e-02
-3.275119127038140232e-01 2.011601277657437681e-02
-3.262346435055258898e-01 2.037304200331126192e-02
-3.249686281280494971e-01 2.062820141995988163e-02
-3.237137263263002995e-01 2.088151690986938050e-02
-3.224698006627775837e-01 2.113301396166401142e-02
-3.212367161962139117e-01 2.138271766301395177e-02
-3.200143373088805698e-01 2.163065249907601337e-02
-3.188025316233409345e-01 2.187684261783401363e-02
-3.176011696816032903e-01 2.212131182446828992e-02
-3.164101243478145142e-01 2.236408355420303057e-02
-3.152292704423309555e-01 2.260518085805664906e-02
-3.140584835677441289e-01 2.284462632755505929e-02
-3.128976421512701389e-01 2.308244224945832021e-02
-3.117466268346504865e-01 2.331865057470236188e-02
-3.106053203644962846e-01 2.355327292151805640e-02
-3.094736072704550311e-01 2.378633056156441439e-02
-3.083513718946433446e-01 2.401784427565116509e-02
-3.072385028248891259e-01 2.424783470267347085e-02
-3.061348896994627866e-01 2.447632210604156963e-02
-3.050404241413944284e-01 2.470332645478023198e-02
-3.039549987158263744e-01 2.492886734826417483e-02
-3.028785075176779196e-01 2.515296406989516939e-02
-3.018108468549772772e-01 2.537563565245636032e-02
-3.007519146578681579e-01 2.559690083923869472e-02
-2.997016104218493959e-01 2.581677808753058898e-02
-2.986598351510255656e-01 2.603528557175506172e-02
-2.976264913013574320e-01 2.625244118625711526e-02
-2.966014828389532676e-01 2.646826255800431918e-02
-2.955847152273797795e-01 2.668276705324077250e-02
-2.945760951167485930e-01 2.689597175683470717e-02
-2.935755304153799816e-01 2.710789348502392476e-02
-2.925829302379076569e-01 2.731854878706824891e-02
-2.915982048513582336e-01 2.752795394638982845e-02
-2.906212656212481260e-01 2.773612498137850019e-02
-2.896520255458062687e-01 2.794307770260138005e-02
-2.886904005500042225e-01 2.814882784741036190e-02
-2.877363066241737100e-01 2.835339081310862125e-02
-2.867896608330263719e-01 2.855678175775503910e-02
-2.858503814080016192e-01 2.875901561500289819e-02
-2.849183877183709135e-01 2.896010709718817994e-02
-2.839936002423361083e-01 2.916007069823924741e-02
-2.830759405978728882e-01 2.935892070260158124e-02
-2.821653319114026948e-01 2.955667122974360919e-02
-2.812616982012354216e-01 2.975333617673003514e-02
-2.803649644792673978e-01 2.994892923368922336e-02
-2.794750567941888253e-01 3.014346389360509151e-02
-2.785919022080173835e-01 3.033695345511628477e-02
-2.777154287726313897e-01 3.052941102516961228e-02
-2.768455655181075725e-01 3.072084952283910680e-02
-2.759822426950687135e-01 3.091128171152104920e-02
-2.751253914638596143e-01 3.110072017010824530e-02
-2.742749438436847820e-01 3.128917729188537833e-02
-2.734308327726143739e-01 3.147666529587091894e-02
-2.725929920876453694e-01 3.166319622924810423e-02
-2.717613565047676261e-01 3.184878196967075303e-02
-2.709358616749680815e-01 3.203343423642567023e-02
-2.701164439974088061e-01 3.221716457298097469e-02
-2.693030411125031387e-01 3.239998441016928715e-02
-2.684955912330924677e-01 3.258190499145071500e-02
-2.676940333944616834e-01 3.276293740646087777e-02
-2.668983074354226992e-01 3.294309259292445974e-02
-2.661083539798049236e-01 3.312238133850289867e-02
-2.653241144183575706e-01 3.330081428257713333e-02
-2.645455310032713281e-01 3.347840193217153926e-02
-2.637725468746539570e-01 3.365515466978555997e-02
-2.630051057711246254e-01 3.383108272075888157e-02
-2.622431521558469814e-01 3.400619617270211892e-02
-2.614866312064135223e-01 3.418050497791735171e-02
-2.607354888023156181e-01 3.435401895543784695e-02
-2.599896715129507707e-01 3.452674779306256353e-02
-2.592491265861728289e-01 3.469870104938706235e-02
-2.585138019373769969e-01 3.486988815583731693e-02
-2.577836461391258549e-01 3.504031841870808989e-02
-2.570586084623093237e-01 3.521000102819575595e-02
-2.563386389154710399e-01 3.537894506743737011e-02
-2.556236880699699343e-01 3.554715949201411873e-02
-2.549137071303735347e-01 3.571465314271840552e-02
-2.542086479319946579e-01 3.588143474847984432e-02
-2.535084629354497077e-01 3.604751292885143704e-02
-2.528131052218203223e-01 3.621289619655034681e-02
-2.521225284884252016e-01 3.637759296005609738e-02
-2.514366870451991143e-01 3.654161152627109083e-02
-2.507555358116748678e-01 3.670496010324882791e-02
-2.500790301462954557e-01 3.686764677818353542e-02
-2.494071255633334427e-01 3.702967947764338602e-02
-2.487397784507592580e-01 3.719106607568390538e-02
-2.480769457622455376e-01 3.735181435201215261e-02
-2.474185849849731833e-01 3.751193199003315798e-02
-2.467646541333401722e-01 3.767142657864799155e-02
-2.461151117429808965e-01 3.783030561406072745e-02
-2.454699168650940899e-01 3.798857650159741944e-02
-2.448290290610867503e-01 3.814624655753758725e-02
-2.441924083975237636e-01 3.830332301096245340e-02
-2.435600153850005778e-01 3.845981299671595577e-02
-2.429318108264307552e-01 3.861572353358242587e-02
-2.423077561258735746e-01 3.877106157519920326e-02
-2.416878131655631201e-01 3.892583399337060102e-02
-2.410719442829877823e-01 3.908004757682664171e-02
-2.404601122648023503e-01 3.923370903258556475e-02
-2.398522803409312842e-01 3.938682498730840253e-02
-2.392484121788545082e-01 3.953940198864874106e-02
-2.386484718780827186e-01 3.969144650659763018e-02
-2.380524239648191265e-01 3.984296493482542695e-02
-2.374602333722464209e-01 3.999396358957076764e-02
-2.368718653789691209e-01 4.014444870131215343e-02
-2.362872857090490275e-01 4.029442643360936493e-02
-2.357064604928674201e-01 4.044390287869667477e-02
-2.351293562538878945e-01 4.059288405730098609e-02
-2.345559399034699011e-01 4.074137591977607803e-02
-2.339861787358294420e-01 4.088938434722960702e-02
-2.334200404231447090e-01 4.103691515264421691e-02
-2.328574930108042729e-01 4.118397408199472864e-02
-2.322985049128036550e-01 4.133056681536068089e-02
-2.317430448994518277e-01 4.147669896663560424e-02
-2.311910820484547879e-01 4.162237607656454202e-02
-2.306425858144564300e-01 4.176760362692356898e-02
-2.300975260051162652e-01 4.191238703811773353e-02
-2.295558727689058776e-01 4.205673166877402225e-02
-2.290175965906810496e-01 4.220064281669019812e-02
-2.284826682873657699e-01 4.234412571977812928e-02
-2.279510590037553963e-01 4.248718555700083804e-02
-2.274227402084304517e-01 4.262982744930597645e-02
-2.268976836897880767e-01 4.277205646055499272e-02
-2.263758615484466608e-01 4.291387759774033250e-02
-2.258572461620310945e-01 4.305529580589067401e-02
-2.253418102284206748e-01 4.319631597779232529e-02
-2.248295267530364128e-01 4.333694295319996670e-02
-2.243203690383777371e-01 4.347718151840424677e-02
-2.238143106802813476e-01 4.361703640704168994e-02
-2.233113255642709127e-01 4.375651230090084332e-02
-2.228113878620044119e-01 4.389561383072391326e-02
-2.223144720278151520e-01 4.403434557700502960e-02
-2.218205527953460710e-01 4.417271207078649758e-02
-2.213296051701358624e-01 4.431071779362286828e-02
-2.208416043763798686e-01 4.444836716827513245e-02
-2.203565259303776891e-01 4.458566457469906319e-02
-2.198743456266395446e-01 4.472261434873706087e-02
-2.193950395204040671e-01 4.485922077998972385e-02
-2.189185839246199916e-01 4.499548811254793640e-02
-2.184449554070152233e-01 4.513142054572439471e-02
-2.179741307872511691e-01 4.526702223478566711e-02
-2.175060871341679969e-01 4.540229729168419187e-02
-2.170408017631138275e-01 4.553724978579231503e-02
-2.165782522333635773e-01 4.567188374463778539e-02
-2.161184163456250085e-01 4.580620315464178222e-02
-2.156612721396297394e-01 4.594021196186068301e-02
-2.152067978918138780e-01 4.607391407273116885e-02
-2.147549721130850020e-01 4.620731335481973595e-02
-2.143057735379620132e-01 4.634041363569402910e-02
-2.138591809660772558e-01 4.647321866964067988e-02
-2.134151734795339539e-01 4.660573218544426105e-02
-2.129737304305265311e-01 4.673795788514809035e-02
-2.125348313860298266e-01 4.686989943326871216e-02
-2.120984561254015410e-01 4.700156045738150545e-02
-2.116645846380530716e-01 4.713294454870570194e-02
-2.112331971211861559e-01 4.726405526268979973e-02
-2.108042739775943808e-01 4.739489611959848969e-02
-2.103777958135334136e-01 4.752547060510006055e-02
-2.099537434366544608e-01 4.765578217085657264e-02
-2.095320978540059498e-01 4.778583423511575945e-02
-2.091128402701008804e-01 4.791563018330574630e-02
-2.086959520850485139e-01 4.804517336863367571e-02
-2.082814148927545905e-01 4.817446711268720538e-02
-2.078692104750570480e-01 4.830351470508205403e-02
-2.074593206815413260e-01 4.843231937638243362e-02
-2.070517275789347522e-01 4.856088433346882755e-02
-2.066464134615964565e-01 4.868921276314709667e-02
-2.062433608021345954e-01 4.881730782165395049e-02
-2.058425522494752302e-01 4.894517263512575267e-02
-2.054439706269793053e-01 4.907281030006793027e-02
-2.050475989306125846e-01 4.920022388382386952e-02
-2.046534203271625219e-01 4.932741642504535201e-02
-2.042614181525067851e-01 4.945439093416344190e-02
-2.038715759099316571e-01 4.958115039386090661e-02
-2.034838772684988140e-01 4.970769775954685110e-02
-2.030983060614629243e-01 4.983403595983300349e-02
-2.027148462847392918e-01 4.996016789701254734e-02
-2.023334820954192648e-01 5.008609644754232620e-02
-2.019541978087132650e-01 5.021182446212364009e-02
-2.015769778114513133e-01 5.033735474492791878e-02
-2.012018066575126385e-01 5.046269007788615341e-02
-2.008286690919766637e-01 5.058783322764692086e-02
-2.004575500088464080e-01 5.071278693588878589e-02
-2.000884344494734679e-01 5.083755391969726339e-02
-1.997213076010197763e-01 5.096213687194165592e-02
-1.993561547949564972e-01 5.108653846165257112e-02
-1.989929615056023060e-01 5.121076133439909223e-02
-1.986317133486973363e-01 5.133480811266741967e-02
-1.982723960800162610e-01 5.145868139623994281e-02
-1.979149955940192052e-01 5.158238376257564400e-02
-1.975594979225381576e-01 5.170591776719233451e-02
-1.972058892335032676e-01 5.182928594405041001e-02
-1.968541558297059180e-01 5.195249080593847962e-02
-1.965042841471335844e-01 5.207553484473895905e-02
-1.961562606953566879e-01 5.219842051626140400e-02
-1.958100721137184252e-01 5.232115025562830701e-02
-1.954657052018493602e-01 5.244372648614154669e-02
-1.951231468845738004e-01 5.256615161067547393e-02
-1.947823842106134462e-01 5.268842801198250769e-02
-1.944434043513215971e-01 5.281055805299765538e-02
-1.941061945994445037e-01 5.293254407714392124e-02
-1.937707423679127794e-01 5.305438840863733324e-02
-1.934370351886615935e-01 5.317609335279253197e-02
-1.931050607114786488e-01 5.329766119632941418e-02
-1.927748067028817180e-01 5.341909420768010952e-02
-1.924462610450253797e-01 5.354039463729715759e-02
-1.921194117346346764e-01 5.366156471796341282e-02
-1.917942468819697766e-01 5.378260666510260163e-02
-1.914707547097616869e-01 5.390352267707690381e-02
-1.911489235137040499e-01 5.402431492461154394e-02
-1.908287416919680624e-01 5.414498555954207898e-02
-1.905101977771007649e-01 5.426553672443738818e-02
-1.901932804075426031e-01 5.438597054516865203e-02
-1.898779783265601984e-01 5.450628913115919405e-02
-1.895642803812006838e-01 5.462649457563494015e-02
-1.892521755212701884e-01 5.474658895587405233e-02
-1.889416527983328875e-01 5.486657433345747820e-02
-1.886327013647338957e-01 5.498645275451943121e-02
-1.883253104726441141e-01 5.510622624999821778e-02
-1.880194694731267824e-01 5.522589683588847304e-02
-1.877151678152278458e-01 5.534546651349322999e-02
-1.874123950450866938e-01 5.546493726967790389e-02
-1.871111408050708802e-01 5.558431107712491492e-02
-1.868113948329324092e-01 5.570358989458948362e-02
-1.865131469348703108e-01 5.582277565934128799e-02
-1.862163869989741372e-01 5.594187029155626989e-02
-1.859211050276405597e-01 5.606087570451979279e-02
-1.856272911133184100e-01 5.617979379789686534e-02
-1.853349354376150615e-01 5.629862645793538151e-02
-1.850440282704269024e-01 5.641737555767245560e-02
-1.847545599690888496e-01 5.653604295714029226e-02
-1.844665209775411818e-01 5.665463050357224389e-02
-1.841799018255127762e-01 5.677314003160931211e-02
-1.838946931277232744e-01 5.689157336350692679e-02
-1.836108855831021791e-01 5.700993230934191247e-02
-1.833284699740249102e-01 5.712821866722075231e-02
-1.830474371655674559e-01 5.724643422348783123e-02
-1.827677781047770122e-01 5.736458075293525416e-02
-1.824894838199613012e-01 5.748266001901325417e-02
-1.822125453952075647e-01 5.760067376620590929e-02
-1.819369539781780787e-01 5.771862372279267656e-02
-1.816627008231697094e-01 5.783651161488861242e-02
-1.813897772618387749e-01 5.795433915766672051e-02
-1.811181747023347111e-01 5.807210805549063021e-02
-1.808478846286149522e-01 5.818982000209994843e-02
-1.805788985997738016e-01 5.830747668079690887e-02
-1.803112082493883161e-01 5.842507976463345160e-02
-1.800448052848790670e-01 5.854263091659923229e-02
-1.797796814868859450e-01 5.866013178981131782e-02
-1.795158287086597582e-01 5.877758402770454083e-02
-1.792532388754696782e-01 5.889498926422331165e-02
-1.789919039840248416e-01 5.901234912401523425e-02
-1.787318161019127438e-01 5.912966522262567970e-02
-1.784729673670514549e-01 5.924693916669472593e-02
-1.782153499871582669e-01 5.936417255415531169e-02
-1.779589562392335234e-01 5.948136697443338894e-02
-1.777037784690584932e-01 5.959852400865058714e-02
-1.774498090907104808e-01 5.971564522982811957e-02
-1.771970405709781260e-01 5.983273219799078307e-02
-1.769454653584078274e-01 5.994978643640441057e-02
-1.766950760273308108e-01 6.006680948040901691e-02
-1.764458652297980490e-01 6.018380286171964161e-02
-1.761978256808774956e-01 6.030076810381516245e-02
-1.759509501580932278e-01 6.041770672208277015e-02
-1.757052315008748866e-01 6.053462022396340070e-02
-1.754606626100201627e-01 6.065151010909695245e-02
-1.752172364471668020e-01 6.076837786946884257e-02
-1.749749460342771845e-01 6.088522498955677154e-02
-1.747337844531338669e-01 6.100205294647824406e-02
-1.744937448448458106e-01 6.111886321013939444e-02
-1.742548204093663511e-01 6.123565724338430466e-02
-1.740170044050228237e-01 6.135243650214532163e-02
-1.737802901480559326e-01 6.146920243559494956e-02
-1.735446710121722191e-01 6.158595648629826280e-02
-1.733101404281059410e-01 6.170270009036724068e-02
-1.730766918831930790e-01 6.181943467761594896e-02
-1.728443189209565856e-01 6.193616167171716452e-02
-1.726130151404846602e-01 6.205288249028299147e-02
-1.723827741515830125e-01 6.216959852899020533e-02
-1.721535896184181458e-01 6.228631117741225548e-02
-1.719254552870383146e-01 6.240302182930195646e-02
-1.716983649558999625e-01 6.251973187231281426e-02
-1.714723124754161387e-01 6.263644268811793814e-02
-1.712472917475147405e-01 6.275315565252917449e-02
-1.710232967252055258e-01 6.286987213561646970e-02
-1.708003214121547597e-01 6.298659350182841954e-02
-1.705783598622692687e-01 6.310332111011277001e-02
-1.703574061792895722e-01 6.322005631403784798e-02
-1.701374545163901741e-01 6.333680046191489388e-02
-1.699184990757902358e-01 6.345355489692074136e-02
-1.697005341083713814e-01 6.357032095722195408e-02
-1.694835539133047464e-01 6.368709997609926787e-02
-1.692675528376871297e-01 6.380389328207328181e-02
-1.690525252761842512e-01 6.392070219903144002e-02
-1.688384656706841402e-01 6.403752804635549911e-02
-1.686253685099577404e-01 6.415437213905088309e-02
-1.684132283293289234e-01 6.427123578787673208e-02
-1.682020396973452070e-01 6.438812029449793306e-02
-1.679917971913879593e-01 6.450502694229737211e-02
-1.677824954672074431e-01 6.462195702319031843e-02
-1.675741292277909966e-01 6.473891182604056549e-02
-1.673666932196199164e-01 6.485589263546966132e-02
-1.671601822323079134e-01 6.497290073195451099e-02
-1.669545910982454806e-01 6.508993739192581174e-02
-1.667499146922515885e-01 6.520700388786648816e-02
-1.665461479312319304e-01 6.532410148841041875e-02
-1.663432857738428861e-01 6.544123145844228662e-02
-1.661413232201630619e-01 6.555839505919741628e-02
-1.659402553113708823e-01 6.567559354836224883e-02
-1.657400771294283426e-01 6.579282818017585799e-02
-1.655407837967722284e-01 6.591010020553159099e-02
-1.653423704760106916e-01 6.602741087207995851e-02
-1.651448323696271259e-01 6.614476142433202421e-02
-1.649481647196905376e-01 6.626215310376344647e-02
-1.647523628075713842e-01 6.637958714891996348e-02
-1.645574219536654337e-01 6.649706479552311422e-02
-1.643633375159760102e-01 6.661458727611294095e-02
-1.641701048609185143e-01 6.673215580838881555e-02
-1.639777194030231366e-01 6.684977161142964530e-02
-1.637861766054637958e-01 6.696743590618246811e-02
-1.635954719680682568e-01 6.708514991082044354e-02
-1.634056010270202308e-01 6.720291484082507871e-02
-1.632165593545675808e-01 6.732073190906830151e-02
-1.630283425587353563e-01 6.743860232589458936e-02
-1.628409462830433529e-01 6.755652729920431920e-02
-1.626543662062290285e-01 6.767450803453657626e-02
-1.624685980419761366e-01 6.779254573515275384e-02
-1.622836375386468299e-01 6.791064160212086087e-02
-1.620994804790201749e-01 6.802879683440002379e-02
-1.619161226800351350e-01 6.814701262892527978e-02
-1.617335599925381895e-01 6.826529018069377175e-02
-1.615517883010368083e-01 6.838363068285041590e-02
-1.613708035234567850e-01 6.850203532677533180e-02
-1.611906016109053430e-01 6.862050530217117528e-02
-1.610111785474393209e-01 6.873904179715134566e-02
-1.608325303498371051e-01 6.885764599832931709e-02
-1.606546530572824927e-01 6.897631908657397837e-02
-1.604775427275577648e-01 6.909506223549424786e-02
-1.603011954666628269e-01 6.921387662432748611e-02
-1.601256074122458517e-01 6.933276343104517736e-02
-1.599507747328394736e-01 6.945172383220175882e-02
-1.597766936276220628e-01 6.957075900300602189e-02
-1.596033603261829137e-01 6.968987011739287418e-02
-1.594307710882907070e-01 6.980905834809578159e-02
-1.592589222036665531e-01 6.992832486671916870e-02
-1.590878099917610311e-01 7.004767084381122166e-02
-1.589174308015344483e-01 7.016709744893760703e-02
-1.587477810112420673e-01 7.028660585075469092e-02
-1.585788570282222198e-01 7.040619721708436807e-02
-1.584106552886890285e-01 7.052587271498844679e-02
-1.582431722575289579e-01 7.064563351084389431e-02
-1.580764044281007530e-01 7.076548077041894258e-02
-1.579103483220401227e-01 7.088541565894913854e-02
-1.577450004890673385e-01 7.100543934121467116e-02
-1.575803575067994122e-01 7.112555298161789274e-02
-1.574164159787960482e-01 7.124575774346042500e-02
-1.572531725188552054e-01 7.136605478196637875e-02
-1.570906237776829584e-01 7.148644525647160353e-02
-1.569287664367339519e-01 7.160693032783156664e-02
-1.567675972038791443e-01 7.172751115661961385e-02
-1.566071128132091317e-01 7.184818890319032147e-02
-1.564473100248394422e-01 7.196896472774368114e-02
-1.562881856247200218e-01 7.208983979038904866e-02
-1.561297364244474684e-01 7.221081525120935651e-02
-1.559719592610799010e-01 7.233189227032633950e-02
-1.558148509969556061e-01 7.245307200796535785e-02
-1.556584085195145684e-01 7.257435562452083100e-02
-1.555026287411224450e-01 7.269574428062243465e-02
-1.553475085988987314e-01 7.281723913720104802e-02
-1.551930450545468687e-01 7.293884135555585291e-02
-1.550392350941880992e-01 7.306055209742150225e-02
-1.548860757281983469e-01 7.318237252503552448e-02
-1.547335639910474014e-01 7.330430380120704636e-02
-1.545816969411424324e-01 7.342634708938515498e-02
-1.544304716606730021e-01 7.354850355372846704e-02
-1.542798852430187495e-01 7.367077435323403367e-02
-1.541299348004227798e-01 7.379316064547394860e-02
-1.539806174809404127e-01 7.391566359484363913e-02
-1.538319304554836842e-01 7.403828436654427692e-02
-1.536838709176510664e-01 7.416102412663874710e-02
-1.535364360835766440e-01 7.428388404211504203e-02
-1.533896231917818986e-01 7.440686528095014074e-02
-1.532434295030295768e-01 7.452996901217474879e-02
-1.530978523001809977e-01 7.465319640593826023e-02
-1.529528888880561099e-01 7.477654863357417747e-02
-1.528085365932953799e-01 7.490002686766647488e-02
-1.526647927642253433e-01 7.502363228211625379e-02
-1.525216547707265169e-01 7.514736605220879995e-02
-1.523791200041036131e-01 7.527122935468194553e-02
-1.522371858769592246e-01 7.539522336779418132e-02
-1.520958498230691736e-01 7.551934927139418441e-02
-1.519551092972614703e-01 7.564360824699066510e-02
-1.518149617752975467e-01 7.576800147782271344e-02
-1.516754047537555994e-01 7.589253014893150573e-02
-1.515364357499179027e-01 7.601719544723192779e-02
-1.513980523016591473e-01 7.614199856158575253e-02
-1.512602519673385826e-01 7.626694068287501183e-02
-1.511230323256944619e-01 7.639202300407624269e-02
-1.509863909757407086e-01 7.651724672033599628e-02
-1.508503255366667184e-01 7.664261302904670781e-02
-1.507148336462554861e-01 7.676812312916740655e-02
-1.505799129210047826e-01 7.689377820097687000e-02
-1.504455610128449250e-01 7.701957943496912096e-02
-1.503117756098610036e-01 7.714552803244947854e-02
-1.501785544190146759e-01 7.727162519687617859e-02
-1.500458951660256779e-01 7.739787213391813303e-02
-1.499137955952543066e-01 7.752427005151404926e-02
-1.497822534695864849e-01 7.765082015993143849e-02
-1.496512665703209899e-01 7.777752367182591553e-02
-1.495208326970577373e-01 7.790438180230169207e-02
-1.493909496675893678e-01 7.803139576897154261e-02
-1.492616153177935834e-01 7.815856679201817203e-02
-1.491328275015281202e-01 7.828589609425551377e-02
-1.490045840905276087e-01 7.841338490119045823e-02
-1.488768829743022104e-01 7.854103444108584409e-02
-1.487497220600385028e-01 7.866884594502288053e-02
-1.486230992725016409e-01 7.879682064696524879e-02
-1.484970125539403774e-01 7.892495978382300936e-02
-1.483714598639934434e-01 7.905326459551714757e-02
-1.482464391795978165e-01 7.918173632504528492e-02
-1.481219484948990972e-01 7.931037621854739039e-02
-1.479979858211640242e-01 7.943918552537219957e-02
-1.478745491866941542e-01 7.956816549814478556e-02
-1.477516366367422340e-01 7.969731739283411609e-02
-1.476292462334301558e-01 7.982664246882159587e-02
-1.475073760556685487e-01 7.995614198897052494e-02
-1.473860241946731431e-01 8.008581721730168024e-02
-1.472651887318338071e-01 8.021566940702208603e-02
-1.471448677846471931e-01 8.034569982554159995e-02
-1.470250594914688236e-01 8.047590974636795180e-02
-1.469057620065409298e-01 8.060630044651989623e-02
-1.467869734999025788e-01 8.073687320658486100e-02
-1.466686921573004676e-01 8.086762931077813576e-02
-1.465509161801014926e-01 8.099857004700160290e-02
-1.464336437852072348e-01 8.112969670690310664e-02
-1.463168732049690557e-01 8.126101058593682147e-02
-1.462006026871058018e-01 8.139251298342320418e-02
-1.460848304946217868e-01 8.152420520261019488e-02
-1.459695549057270780e-01 8.165608855073444583e-02
-1.458547742137592251e-01 8.178816433908302208e-02
-1.457404867271058502e-01 8.192043388305605967e-02
-1.456266907691292634e-01 8.205289850222946546e-02
-1.455133846780925222e-01 8.218555952041817214e-02
-1.454005668070865176e-01 8.231841826574043397e-02
-1.452882355239586698e-01 8.245147607068199769e-02
-1.451763892112437337e-01 8.258473427216123097e-02
-1.450650262660945766e-01 8.271819421159491703e-02
-1.449541451002161752e-01 8.285185723496417409e-02
-1.448437441397993353e-01 8.298572469288148512e-02
-1.447338218254570763e-01 8.311979794065807448e-02
-1.446243766121619312e-01 8.325407833837172866e-02
-1.445154069691843568e-01 8.338856725093579669e-02
-1.444069113705367391e-01 8.352326604267527876e-02
-1.442988882869347400e-01 8.365817607270603640e-02
-1.441913362231524720e-01 8.379329871662639928e-02
-1.440842536986988165e-01 8.392863535550085241e-02
-1.439776392466148580e-01 8.406418737526669127e-02
-1.438714914134018030e-01 8.419995616679164241e-02
-1.437658087589501477e-01 8.433594312593226117e-02
-1.436605898564692063e-01 8.447214965359275962e-02
-1.435558332924183333e-01 8.460857715578419536e-02
-1.434515376664390329e-01 8.474522704368338266e-02
-1.433477015912877905e-01 8.488210073369351072e-02
-1.432443236927704866e-01 8.501919964750374870e-02
-1.431414026096775316e-01 8.515652521215032189e-02
-1.430389369937198618e-01 8.529407886007747686e-02
-1.429369255094666835e-01 8.543186202919876571e-02
-1.428353668342832727e-01 8.556987616295945454e-02
-1.427342596582705792e-01 8.570812271039832120e-02
-1.426336026842055238e-01 8.584660312621104905e-02
-1.425333946274822405e-01 8.598531887081320435e-02
-1.424336342160547608e-01 8.612427141040389367e-02
-1.423343201903800315e-01 8.626346221703032335e-02
-1.422354513033625423e-01 8.640289276865217860e-02
-1.421370263202995921e-01 8.654256454920707109e-02
-1.420390440188277481e-01 8.668247904867619480e-02
-1.419415031888703049e-01 8.682263776315028714e-02
-1.418444026325854090e-01 8.696304219489668641e-02
nan nan
nan nan
nan nan
nan nan
nan nan
nan nan
nan nan
nan nan
nan nan
nan nan
nan nan
nan nan
nan nan
nan nan
nan nan
nan nan
nan nan
nan nan
nan nan
nan nan
nan nan
nan nan
-1.393851388326005358e-01 9.085256374275889335e-02
-1.392999340938897712e-01 9.100048965321963501e-02
-1.392151401250417975e-01 9.114870794358349848e-02
-1.391307560825414957e-01 9.129722034015129439e-02
-1.390467811336999204e-01 9.144602857762823556e-02
-1.389632144566161631e-01 9.159513439919972355e-02
-1.388800552401402155e-01 9.174453955660673288e-02
-1.387973026838363322e-01 9.189424581022286043e-02
-1.387149559979477254e-01 9.204425492913137496e-02
-1.386330144033620648e-01 9.219456869120312703e-02
-1.385514771315775051e-01 9.234518888317559682e-02
-1.384703434246699061e-01 9.249611730073177551e-02
-1.383896125352608031e-01 9.264735574858076750e-02
-1.383092837264861819e-01 9.279890604053830927e-02
-1.382293562719661140e-01 9.295076999960853736e-02
-1.381498294557755024e-01 9.310294945806596445e-02
-1.380707025724149939e-01 9.325544625753895422e-02
-1.379919749267836115e-01 9.340826224909314079e-02
-1.379136458341513605e-01 9.356139929331634686e-02
-1.378357146201331374e-01 9.371485926040359904e-02
-1.377581806206635562e-01 9.386864403024329506e-02
-1.376810431819719960e-01 9.402275549250434239e-02
-1.376043016605591751e-01 9.417719554672339399e-02
-1.375279554231739199e-01 9.433196610239374946e-02
-1.374520038467909600e-01 9.448706907905442265e-02
-1.373764463185898066e-01 9.464250640638001422e-02
-1.373012822370046626e-01 9.479828002501167195e-02
-1.372265110299638602e-01 9.495439189929044677e-02
-1.371521321192821774e-01 9.511084399281777291e-02
-1.370781449282721942e-01 9.526763827372787541e-02
-1.370045488907457587e-01 9.542477672099834718e-02
-1.369313434509783212e-01 9.558226132453542800e-02
-1.368585280636742951e-01 9.574009408525920028e-02
-1.367861021939336674e-01 9.589827701519083869e-02
-1.367140653172196629e-01 9.605681213754017900e-02
-1.366424169193276583e-01 9.621570148679470247e-02
-1.365711564963554558e-01 9.637494710880920024e-02
-1.365002835546739179e-01 9.653455106089701976e-02
-1.364297976108997945e-01 9.669451541192168598e-02
-1.363596981918687445e-01 9.685484224239034046e-02
-1.362899848346098841e-01 9.701553364454765238e-02
-1.362206570863217225e-01 9.717659172247096466e-02
-1.361517145043482924e-01 9.733801859216686947e-02
-1.360831566561575556e-01 9.749981638166839437e-02
-1.360149831193197545e-01 9.766198723113365954e-02
-1.359471934814874827e-01 9.782453329294564515e-02
-1.358797873403769230e-01 9.798745673181262494e-02
-1.358127643037494447e-01 9.815075972487062594e-02
-1.357461239893951455e-01 9.831444446178597141e-02
-1.356798660251166688e-01 9.847851314486007201e-02
-1.356139900487142724e-01 9.864296798913448072e-02
-1.355484957079723940e-01 9.880781122249772397e-02
-1.354833826651256901e-01 9.897304508906497322e-02
-1.354186506107259158e-01 9.913867185948305183e-02
-1.353542992213442320e-01 9.930469380016043734e-02
-1.352903281798710500e-01 9.947111318812343339e-02
-1.352267371795412565e-01 9.963793231407261364e-02
-1.351635259239060693e-01 9.980515348248444885e-02
-1.351006941268063088e-01 9.997277901171551517e-02
-1.350382415123470570e-01 1.001408112341068135e-01
-1.349761678148737321e-01 1.003092524960905174e-01
-1.349144727789496623e-01 1.004781051582977203e-01
-1.348531561593349637e-01 1.006473715956674037e-01
-1.347922177209667227e-01 1.008170541975577927e-01
-1.347316572389407885e-01 1.009871553678579476e-01
-1.346714744984945644e-01 1.011576775251019633e-01
-1.346116692949912985e-01 1.013286231025839756e-01
-1.345522414339060391e-01 1.014999945484748450e-01
-1.344931907308122288e-01 1.016717943259406592e-01
-1.344345170113704357e-01 1.018440249132623182e-01
-1.343762201113174182e-01 1.020166888039571867e-01
-1.343182998764573810e-01 1.021897885069016632e-01
-1.342607561626539547e-01 1.023633265464560654e-01
-1.342035888358237838e-01 1.025373054625902947e-01
-1.341467977719310589e-01 1.027117278110120657e-01
-1.340903828569835199e-01 1.028865961632956239e-01
-1.340343439870295694e-01 1.030619131070131950e-01
-1.339786810681565521e-01 1.032376812458672688e-01
-1.339233940317162141e-01 1.034139032115816148e-01
-1.338684828334933685e-01 1.035905816635184773e-01
-1.338139474032664922e-01 1.037677192498183826e-01
-1.337597876802003316e-01 1.039453186347460423e-01
-1.337060036141397013e-01 1.041233824998296087e-01
-1.336525951655841982e-01 1.043019135439838679e-01
-1.335995623056638049e-01 1.044809144836359033e-01
-1.335469050161176841e-01 1.046603880528519243e-01
-1.334946232892736950e-01 1.048403370034671767e-01
-1.334427171280301305e-01 1.050207641052168517e-01
-1.333911865458397572e-01 1.052016721458696735e-01
-1.333400315666946889e-01 1.053830639313635964e-01
-1.332892522251138967e-01 1.055649422859429726e-01
-1.332388485661319399e-01 1.057473100522987181e-01
-1.331888206452897239e-01 1.059301700917097133e-01
-1.331391685286269777e-01 1.061135252841870769e-01
-1.330898922926763706e-01 1.062973785286197848e-01
-1.330409920244592092e-01 1.064817327429234406e-01
-1.329924678214833289e-01 1.066665908641901972e-01
-1.329443197917420660e-01 1.068519558488417731e-01
-1.328965480537150634e-01 1.070378306727840373e-01
-1.328491527363711566e-01 1.072242183315638558e-01
-1.328021339791721767e-01 1.074111218405287838e-01
-1.327554919320791116e-01 1.075985442349881305e-01
-1.327092267555591010e-01 1.077864885703770925e-01
-1.326633386206081400e-01 1.079749579224335843e-01
-1.326178277197401778e-01 1.081639553963205935e-01
-1.325726942522763296e-01 1.083534841148582478e-01
-1.325279384176699105e-01 1.085435472131860840e-01
-1.324835604262129540e-01 1.087341478476249040e-01
-1.324395604990398767e-01 1.089252891958455288e-01
-1.323959388681330007e-01 1.091169744570407579e-01
-1.323526957763294098e-01 1.093092068520987864e-01
-1.323098314773297757e-01 1.095019896237804380e-01
-1.322673462357092378e-01 1.096953260368978139e-01
-1.322252403269292553e-01 1.098892193784961613e-01
-1.321835140373520678e-01 1.100836729580382395e-01
-1.321421676642562104e-01 1.102786901075906434e-01
-1.321012015158538888e-01 1.104742741820138457e-01
-1.320606159113103251e-01 1.106704285591537107e-01
-1.320204111807640468e-01 1.108671566400365738e-01
-1.319805876653494525e-01 1.110644618490662927e-01
-1.319411457172209867e-01 1.112623476342241985e-01
-1.319020856995780366e-01 1.114608174672720581e-01
-1.318634079866927433e-01 1.116598748439570077e-01
-1.318251129673932709e-01 1.118595232871518741e-01
-1.317872010500510671e-01 1.120597663513109993e-01
-1.317496726401307383e-01 1.122606076036018752e-01
-1.317125281532253167e-01 1.124620506350995086e-01
-1.316757680165488720e-01 1.126640990622427563e-01
-1.316393926689465588e-01 1.128667565270376760e-01
-1.316034025609074398e-01 1.130700266972637924e-01
-1.315677981545795294e-01 1.132739132666838455e-01
-1.315325799237869464e-01 1.134784199552564404e-01
-1.314977483540489545e-01 1.136835505093527487e-01
-1.314633039426018057e-01 1.138893087019754446e-01
-1.314292471984219723e-01 1.140956983329819430e-01
-1.313955786422519034e-01 1.143027232293104406e-01
-1.313622988066279196e-01 1.145103872452091637e-01
-1.313294082359099391e-01 1.147186942624698058e-01
-1.312969074863134522e-01 1.149276481906633118e-01
-1.312647971259432444e-01 1.151372529673799910e-01
-1.312330777348291178e-01 1.153475125584724065e-01
-1.312017499049643043e-01 1.155584309583020941e-01
-1.311708142407682631e-01 1.157700121903637025e-01
-1.311402713724200975e-01 1.159822603192971202e-01
-1.311101219315195798e-01 1.161951794296616214e-01
-1.310803665540812013e-01 1.164087736287177377e-01
-1.310510058887957574e-01 1.166230470539301872e-01
-1.310220405970466961e-01 1.168380038732115961e-01
-1.309934713529305184e-01 1.170536482851698840e-01
-1.309652988432789544e-01 1.172699845193603263e-01
-1.309375237676842774e-01 1.174870168365411971e-01
-1.309101468385275580e-01 1.177047495289343659e-01
-1.308831687810091404e-01 1.179231869204890593e-01
-1.308565903331820046e-01 1.181423333671513809e-01
-1.308304122459879038e-01 1.183621932571365665e-01
-1.308046352832956394e-01 1.185827710112067473e-01
-1.307792602219421396e-01 1.188040710829521840e-01
-1.307542878517767015e-01 1.190260979590773843e-01
-1.307297189757061773e-01 1.192488561596915103e-01
-1.307055544097444899e-01 1.194723502386029340e-01
-1.306817949830632319e-01 1.196965847836186925e-01
-1.306584415380450948e-01 1.199215644168478145e-01
-1.306354949396158482e-01 1.201472938035404309e-01
-1.306129560745850626e-01 1.203737776518274960e-01
-1.305908258199604821e-01 1.206010206838011439e-01
-1.305691050660007235e-01 1.208290276568919075e-01
-1.305477947171468089e-01 1.210578033649961638e-01
-1.305268956920454526e-01 1.212873526387722584e-01
-1.305064089235755675e-01 1.215176803459411120e-01
-1.304863353588781860e-01 1.217487913915934750e-01
-1.304666759593903214e-01 1.219806907185014416e-01
-1.304474317008819106e-01 1.222133833074364739e-01
-1.304286035734965321e-01 1.224468741774925457e-01
-1.304101925817953422e-01 1.226811683864145047e-01
-1.303921997448043713e-01 1.229162710309330830e-01
-1.303746260960653713e-01 1.231521872471043194e-01
-1.303574726836896347e-01 1.233889222106557965e-01
-1.303407405704150868e-01 1.236264811373376515e-01
-1.303244308336672930e-01 1.238648692832798465e-01
-1.303085445656224362e-01 1.241040919453551966e-01
-1.302930828732745960e-01 1.243441544615478539e-01
-1.302780468811143566e-01 1.245850622138231223e-01
-1.302634377549458100e-01 1.248268206512865020e-01
-1.302492566478502534e-01 1.250694352388682928e-01
-1.302355047189349968e-01 1.253129114754085449e-01
-1.302221831434335897e-01 1.255572549036239605e-01
-1.302092931127290243e-01 1.258024711104622773e-01
-1.301968358343827126e-01 1.260485657274633409e-01
-1.301848125321682925e-01 1.262955444311281428e-01
-1.301732244461092369e-01 1.265434129432940480e-01
-1.301620728325219023e-01 1.267921770315187657e-01
-1.301513589640627133e-01 1.270418425094699544e-01
-1.301410841297799825e-01 1.272924152373237916e-01
-1.301312496351699766e-01 1.275439011221695951e-01
-1.301218568022378119e-01 1.277963061184226035e-01
-1.301129069695622642e-01 1.280496362282445288e-01
-1.301044014923654624e-01 1.283038975019707428e-01
-1.300963417425859414e-01 1.285590960385457893e-01
-1.300887291089564968e-01 1.288152379859659469e-01
-1.300815649970866739e-01 1.290723295417299521e-01
-1.300748508295479222e-01 1.293303769532970215e-01
-1.300685880677930617e-01 1.295893865403006384e-01
-1.300627781910827507e-01 1.298493646741134544e-01
-1.300574226634508279e-01 1.301103177451894966e-01
-1.300525229672820915e-01 1.303722521967792536e-01
-1.300480806035057280e-01 1.306351745255255326e-01
-1.300440970916325878e-01 1.308990912819057162e-01
-1.300405739697970409e-01 1.311640090706835404e-01
-1.300375127948055209e-01 1.314299345513699202e-01
-1.300349151421909821e-01 1.316968744386942392e-01
-1.300327826062729897e-01 1.319648355030837994e-01
-1.300311168002235840e-01 1.322338245711545679e-01
-1.300299193561393341e-01 1.325038485262103050e-01
-1.300291919251184147e-01 1.327749143087522399e-01
-1.300289361773433461e-01 1.330470289169979614e-01
-1.300291538021703108e-01 1.333201994074106611e-01
-1.300298465082220245e-01 1.335944328952379800e-01
-1.300310160234880441e-01 1.338697365550609031e-01
-1.300326640954289070e-01 1.341461176213527284e-01
-1.300347924910859598e-01 1.344235833890477794e-01
-1.300374030075475418e-01 1.347021412248422811e-01
-1.300404975067520341e-01 1.349817986038951423e-01
-1.300440778096116634e-01 1.352625630006512591e-01
-1.300481457478946667e-01 1.355444419427428715e-01
-1.300527031753364593e-01 1.358274430229733376e-01
-1.300577519676638094e-01 1.361115738998445457e-01
-1.300632940226266188e-01 1.363968422980957329e-01
-1.300693312600386953e-01 1.366832560092566817e-01
-1.300758656218266585e-01 1.369708228922126569e-01
-1.300828990720863387e-01 1.372595508737829151e-01
-1.300904335971485859e-01 1.375494479493128142e-01
-1.300984712056518500e-01 1.378405221832776639e-01
-1.301070139286231997e-01 1.381327817099018973e-01
-1.301160638195671959e-01 1.384262347337894550e-01
-1.301256229545622034e-01 1.387208895305692413e-01
-1.301356934323643633e-01 1.390167544475529593e-01
-1.301462773745197810e-01 1.393138379044069619e-01
-1.301573769254826540e-01 1.396121483938376762e-01
-1.301689942527426425e-01 1.399116944822905162e-01
-1.301811315470755293e-01 1.402124848107894894e-01
-1.301937910430233936e-01 1.405145281176165828e-01
-1.302069749877582394e-01 1.408178332054447757e-01
-1.302206856352310649e-01 1.411224089354658484e-01
-1.302349252639916077e-01 1.414282642471454687e-01
-1.302496961773021988e-01 1.417354081589563830e-01
-1.302650007032611079e-01 1.420438497691258184e-01
-1.302808411949343548e-01 1.423535982563997604e-01
-1.302972200304948203e-01 1.426646628808207196e-01
-1.303141396133701280e-01 1.429770529845232341e-01
-1.303316023723984085e-01 1.432907779925430281e-01
-1.303496107619910582e-01 1.436058474136427676e-01
-1.303681672623048238e-01 1.439222708411539153e-01
-1.303872743794197986e-01 1.442400579538328786e-01
-1.304069346455263845e-01 1.445592185167351162e-01
-1.304271506191244379e-01 1.448797623821097003e-01
-1.304479249015006725e-01 1.452016995084219331e-01
-1.304692601136209218e-01 1.455250399354545976e-01
-1.304911588863870986e-01 1.458497937740342032e-01
-1.305136238790196301e-01 1.461759712271292755e-01
-1.305366577791889360e-01 1.465035825907223255e-01
-1.305602633031559545e-01 1.468326382547016085e-01
-1.305844431959239382e-01 1.471631487037719788e-01
-1.306092002314013512e-01 1.474951245183859505e-01
-1.306345372125734539e-01 1.478285763756943816e-01
-1.306604569716860453e-01 1.481635150505171139e-01
-1.306869623704377537e-01 1.484999514163336809e-01
-1.307140563001826516e-01 1.488378964462936382e-01
-1.307417416821433642e-01 1.491773612142482941e-01
-1.307700214676329464e-01 1.495183568958008136e-01
-1.307988986382864205e-01 1.498608947693788607e-01
-1.308283762249838889e-01 1.502049862387743739e-01
-1.308584572854916694e-01 1.505506428084673609e-01
-1.308891448838897520e-01 1.508978760606971281e-01
-1.309204421170727106e-01 1.512466976866255197e-01
-1.309523521149359160e-01 1.515971194874249084e-01
-1.309848780405402369e-01 1.519491533753479506e-01
-1.310180230902884269e-01 1.523028113748229606e-01
-1.310517904941157219e-01 1.526581056235738476e-01
-1.310861835156943711e-01 1.530150483737663658e-01
-1.311212054526494919e-01 1.533736519931793441e-01
-1.311568596367901907e-01 1.537339289664023390e-01
-1.311931494343513971e-01 1.540958918960583235e-01
-1.312300782462491044e-01 1.544595535040527434e-01
-1.312676495083484329e-01 1.548249266328489970e-01
-1.313058666917431283e-01 1.551920242467689781e-01
-1.313447333255745308e-01 1.555608594600013661e-01
-1.313842529759523814e-01 1.559314455128553434e-01
-1.314244292079447818e-01 1.563037957275755507e-01
-1.314652656248473384e-01 1.566779235557009264e-01
-1.315067658686572272e-01 1.570538425796815518e-01
-1.315489336202553261e-01 1.574315665141627352e-01
-1.315917725996061938e-01 1.578111092073001820e-01
-1.316352865659753124e-01 1.581924846421101094e-01
-1.316794793181640388e-01 1.585757069378508632e-01
-1.317243546947625688e-01 1.589607903514397846e-01
-1.317699165744182777e-01 1.593477492789019956e-01
-1.318161688761227690e-01 1.597365982568542397e-01
-1.318631155595139937e-01 1.601273519640221688e-01
-1.319107606251949671e-01 1.605200252227909352e-01
-1.319591081150698619e-01 1.609146330007914516e-01
-1.320081621392165672e-01 1.613111904449298639e-01
-1.320579268592644850e-01 1.617097128625766822e-01
-1.321084064255127200e-01 1.621102156457493726e-01
-1.321596050327924210e-01 1.625127143403515828e-01
-1.322115269217067623e-01 1.629172246489730413e-01
-1.322641763788313662e-01 1.633237624324354875e-01
-1.323175577369387901e-01 1.637323437113838986e-01
-1.323716753752472719e-01 1.641429846679197946e-01
-1.324265337196913472e-01 1.645557016472794787e-01
-1.324821372432170852e-01 1.649705111595569929e-01
-1.325384904660986685e-01 1.653874298814693722e-01
-1.325955979562778997e-01 1.658064746581693893e-01
-1.326534643297258842e-01 1.662276625051004597e-01
-1.327120942508257795e-01 1.666510106098983146e-01
-1.327714924327772494e-01 1.670765363343363896e-01
-1.328316636682466134e-01 1.675042572544309105e-01
-1.328926128216280367e-01 1.679341911525367437e-01
-1.329543447330137906e-01 1.683663558975263819e-01
-1.330168642941954305e-01 1.688007695417578502e-01
-1.330801764514989438e-01 1.692374503262220886e-01
-1.331442862060139842e-01 1.696764166824292208e-01
-1.332091986138529416e-01 1.701176872343510282e-01
-1.332749187864435692e-01 1.705612808004229319e-01
-1.333414518908505042e-01 1.710072163956037616e-01
-1.334088031501280969e-01 1.714555132334937282e-01
-1.334769778437034926e-01 1.719061907285125979e-01
-1.335459813077888303e-01 1.723592684981355150e-01
-1.336158189358227499e-01 1.728147663651899146e-01
-1.336864961789412110e-01 1.732727043602106942e-01
-1.337580185464758709e-01 1.737331027238564474e-01
-1.338303916394068815e-01 1.741959819522420072e-01
-1.339036211568153112e-01 1.746613628076227887e-01
-1.339777127594954931e-01 1.751292661424936614e-01
-1.340526721679883293e-01 1.755997130285078811e-01
-1.341285051682602480e-01 1.760727247658073202e-01
-1.342052176119835072e-01 1.765483228853610975e-01
-1.342828154168589638e-01 1.770265291513820616e-01
-1.343613045669770356e-01 1.775073655638189363e-01
-1.344406911132219606e-01 1.779908543609270699e-01
-1.345209811737134442e-01 1.784770180219162339e-01
-1.346021809342883568e-01 1.789658792696760536e-01
-1.346842966490217341e-01 1.794574610735812925e-01
-1.347673346407845807e-01 1.799517866523737408e-01
-1.348513013018406981e-01 1.804488794771254290e-01
-1.349362030944790403e-01 1.809487632742797225e-01
-1.350220465604303477e-01 1.814514620405268397e-01
-1.351088383280137917e-01 1.819570000548058342e-01
-1.351965850661931423e-01 1.824654018187984450e-01
-1.352852935158123382e-01 1.829766921010362868e-01
-1.353749704928084163e-01 1.834908959435843923e-01
-1.354656228889352110e-01 1.840080386654228684e-01
-1.355572576725248279e-01 1.845281458659134843e-01
-1.356498818892883373e-01 1.850512434283549112e-01
-1.357435026631508557e-01 1.855773575236233097e-01
-1.358381271971258464e-01 1.861065146139020687e-01
-1.359337627781900815e-01 1.866387414619454788e-01
-1.360304167834511246e-01 1.871740651422296731e-01
-1.361280966528191083e-01 1.877125130060491309e-01
-1.362268099087071416e-01 1.882541127111422019e-01
-1.363265641590943045e-01 1.887988922286481797e-01
-1.364273670983873199e-01 1.893468798470918646e-01
-1.365292265083289380e-01 1.898981041764726263e-01
-1.366321502589521453e-01 1.904525941524610744e-01
-1.367361463095776164e-01 1.910103790406990631e-01
-1.368412227098556033e-01 1.915714884412093588e-01
-1.369473876053656780e-01 1.921359522992432955e-01
-1.370546492500468727e-01 1.927038009258659479e-01
-1.371630159635684743e-01 1.932750649412122157e-01
-1.372724961585924108e-01 1.938497753156885328e-01
-1.373830983463089350e-01 1.944279633809566643e-01
-1.374948311374062093e-01 1.950096608345699978e-01
-1.376077032430977620e-01 1.955948997447446158e-01
-1.377217234762082576e-01 1.961837125552612637e-01
-1.378369007523176371e-01 1.967761320905030697e-01
-1.379532440909583269e-01 1.973721915606248545e-01
-1.380707626214558170e-01 1.979719245734325173e-01
-1.381894656036950775e-01 1.985753651678572596e-01
-1.383093623682026818e-01 1.991825477316584714e-01
-1.384304623500644538e-01 1.997935070534617163e-01
-1.385527750983823192e-01 2.004082783400914780e-01
-1.386763102773530820e-01 2.010268972219709238e-01
-1.388010776674215296e-01 2.016493997586901177e-01
-1.389270871665106433e-01 2.022758224447441799e-01
-1.390543487913279419e-01 2.029062022154451972e-01
-1.391828726787437132e-01 2.035405764530023309e-01
-1.393126690967374515e-01 2.041789830066930433e-01
-1.394437485122099196e-01 2.048214602968110587e-01
-1.395761214125658956e-01 2.054680470575060425e-01
-1.397097983904677099e-01 2.061187824644617195e-01
-1.398447901764152124e-01 2.067737061871135484e-01
-1.399811076392392661e-01 2.074328583940006909e-01
-1.401187617867460378e-01 2.080962797583930379e-01
-1.402577637665047006e-01 2.087640114641935163e-01
-1.403981248667789672e-01 2.094360952121150921e-01
-1.405398565176027292e-01 2.101125732261386325e-01
-1.406829703063393888e-01 2.107934882817442956e-01
-1.408274781475579995e-01 2.114788839662344599e-01
-1.409733918775589734e-01 2.121688040765976613e-01
-1.411207234116420572e-01 2.128632928581264683e-01
-1.412694848372034462e-01 2.135623951492130468e-01
-1.414196884125625830e-01 2.142661563852415740e-01
-1.415713465661136150e-01 2.149746226030027074e-01
-1.417244718957901828e-01 2.156878404456278597e-01
-1.418790771688440977e-01 2.164058571680465004e-01
-1.420351753219342983e-01 2.171287206429724226e-01
-1.421927794595394534e-01 2.178564793643814057e-01
-1.423519028122398333e-01 2.185891823893945374e-01
-1.425125588301971724e-01 2.193268794874263239e-01
-1.426747611581370700e-01 2.200696211085508558e-01
-1.428385236095338906e-01 2.208174583501827104e-01
-1.430038601692191491e-01 2.215704429673251985e-01
-1.431707849962220724e-01 2.223286273832992543e-01
-1.433393124268468044e-01 2.230920647009617952e-01
-1.435094569779758189e-01 2.238608087144100811e-01
-1.436812333505992079e-01 2.246349139211753776e-01
-1.438546564319694021e-01 2.254144355324047000e-01
-1.440297412240036101e-01 2.261994293673333656e-01
-1.442065029968480350e-01 2.269899521007156251e-01
-1.443849572704727913e-01 2.277860612423026621e-01
-1.445651197597453697e-01 2.285878150582616730e-01
-1.447470063805810780e-01 2.293952725882931476e-01
-1.449306332562098898e-01 2.302084936631409728e-01
-1.451160167235595322e-01 2.310275389225046327e-01
-1.453031731957537265e-01 2.318524696035790811e-01
-1.454921195163803027e-01 2.326833481131584669e-01
-1.456828726910288363e-01 2.335202376093603038e-01
-1.458754499831435014e-01 2.343632021628824225e-01
-1.460698688799266787e-01 2.352123067111983323e-01
-1.462661470988040058e-01 2.360676170775553584e-01
-1.464643025937771292e-01 2.369291999900283163e-01
-1.466643535194535330e-01 2.377971230321842544e-01
-1.468663182538343104e-01 2.386714546885256583e-01
-1.470702155576551762e-01 2.395522646129585320e-01
-1.472760644413820263e-01 2.404396234236595986e-01
-1.474838841667567291e-01 2.413336027152415408e-01
-1.476936942544627707e-01 2.422342750810908274e-01
-1.479055144916605613e-01 2.431417141357709033e-01
-1.481193649046187999e-01 2.440559944801946046e-01
-1.483352657011148823e-01 2.449771916163517027e-01
-1.485532375867057719e-01 2.459053824797049481e-01
-1.487733015664420844e-01 2.468406451252243006e-01
-1.489954789235741484e-01 2.477830587033433007e-01
-1.492197912293142803e-01 2.487327034873100251e-01
-1.494462603524385480e-01 2.496896609006205026e-01
-1.496749084063029867e-01 2.506540134399869446e-01
-1.499057572250700188e-01 2.516258438069470249e-01
-1.501388298316977399e-01 2.526052373783752025e-01
-1.503741497615549150e-01 2.535922810953400441e-01
-1.506117407816088549e-01 2.545870630049267835e-01
-1.508516269128144516e-01 2.555896723092843659e-01
-1.510938324522032306e-01 2.566001994148226495e-01
-1.513383819936439945e-01 2.576187359798047249e-01
-1.515853003856021952e-01 2.586453748550761045e-01
-1.518346128831028485e-01 2.596802103560647557e-01
-1.520863451471798078e-01 2.607233382771294572e-01
-1.523405232083979433e-01 2.617748558443329654e-01
-1.525971734886683029e-01 2.628348617679006072e-01
-1.528563228227507731e-01 2.639034562948388563e-01
-1.531179984794372173e-01 2.649807412617035118e-01
-1.533822284500647171e-01 2.660668206117939305e-01
-1.536490410965488107e-01 2.671617998060070165e-01
-1.539184648508004072e-01 2.682657853147798477e-01
-1.541905287298438176e-01 2.693788855278116956e-01
-1.544652618619362927e-01 2.705012099448079188e-01
-1.547426950676351887e-01 2.716328719618139043e-01
-1.550228586437344402e-01 2.727739850160800228e-01
-1.553057833384500763e-01 2.739246643041757245e-01
-1.555915005019985475e-01 2.750850270668734887e-01
-1.558800421307881823e-01 2.762551926895294718e-01
-1.561714411571186456e-01 2.774352832399856750e-01
-1.564657304336254107e-01 2.786254216898199632e-01
-1.567629433046424936e-01 2.798257329425429263e-01
-1.570631137760168938e-01 2.810363441581226751e-01
-1.573662767957178243e-01 2.822573852808694106e-01
-1.576724683966455043e-01 2.834889893271285710e-01
-1.579817237773046557e-01 2.847312889604541875e-01
-1.582940788443207569e-01 2.859844192713563160e-01
-1.586095703516128830e-01 2.872485180559704032e-01
-1.589282361604409111e-01 2.885237263181440470e-01
-1.592501148926430687e-01 2.898101876744508254e-01
-1.595752453486628530e-01 2.911080473213281672e-01
-1.599036672359775146e-01 2.924174533833857614e-01
-1.602354211659952621e-01 2.937385569403747065e-01
-1.605705481232298504e-01 2.950715110846912070e-01
-1.609090896515645297e-01 2.964164712859334028e-01
-1.612510881217577852e-01 2.977735959107820629e-01
-1.615965734751244887e-01 2.991430217155310878e-01
